0.995	1.350	3.852	5.787	3.146	5.092	5.025	3.892	4.094	9.032	10.420	13.437	10.264	8.719	12.903	14.476	9.657	13.327	16.413	16.336	14.742	18.296	20.738	19.096	20.307	24.140	25.530	24.386	27.450	29.663	30.367	31.544	33.458	35.237	36.132	37.592	39.505	40.737	40.239	43.616	44.621	44.191	50.359	53.148	54.090	55.357	24.172	23.887	24.566	25.537	22.332	24.697	22.980	21.029	25.528	27.249	25.654	26.336	30.445	27.359	28.148	30.989	32.014	27.726	30.902	34.007	33.562	29.320	34.385	37.425	35.234	35.434	39.045	41.105	37.361	38.922	43.451	43.326	44.036	29.012	30.397	32.025	28.504	31.587	31.295	33.899	34.449	28.988	31.848	34.705	31.874	28.872	33.329	32.824	30.950	34.999	36.993	34.871	34.037	38.286	40.295	36.252	40.021	42.955	42.908	40.814	45.032	47.514	44.637	47.790	49.130	53.525
1.350	0.960	1.349	3.576	2.622	6.360	8.422	6.905	9.503	13.686	14.361	17.995	16.119	14.038	17.930	19.948	15.600	18.423	21.793	22.251	20.311	23.287	26.187	24.658	25.127	29.329	31.010	29.220	32.400	34.767	35.699	36.346	38.361	40.312	41.118	42.395	44.408	45.818	45.152	48.436	49.069	48.503	54.805	57.410	58.203	59.424	27.462	27.769	28.539	29.693	26.864	29.255	27.836	25.900	30.324	32.173	30.905	31.365	35.696	33.055	33.770	36.494	37.769	33.721	36.534	39.806	39.653	35.316	39.974	43.298	41.349	41.192	44.745	46.948	43.198	44.296	49.129	48.631	49.848	32.096	33.796	35.717	32.338	35.655	35.645	38.265	39.071	33.611	36.451	39.389	36.812	33.669	38.178	37.853	35.952	39.804	41.998	40.207	39.356	43.404	45.541	41.836	45.320	48.291	48.538	46.504	50.534	53.060	50.506	53.471	54.734	59.041
3.852	1.349	0.997	1.350	2.955	6.588	9.418	7.694	11.308	14.741	14.687	18.603	17.852	15.527	18.725	21.380	17.966	19.590	23.280	24.396	22.529	24.523	28.007	27.200	26.995	31.144	33.109	31.544	34.220	36.638	37.942	38.424	40.196	42.266	43.318	44.340	46.288	47.901	47.568	50.400	50.572	50.520	56.766	59.050	59.774	61.082	25.497	26.442	27.453	28.768	26.565	29.239	28.321	26.555	30.632	32.714	32.028	32.395	36.802	34.603	35.516	38.113	39.471	35.916	38.686	41.872	42.012	37.881	42.367	45.727	44.116	43.969	47.389	49.664	46.307	47.196	52.028	51.406	52.361	29.792	31.845	33.974	30.867	34.493	34.936	37.641	38.968	33.535	36.286	39.393	37.294	34.111	38.822	38.786	37.253	40.680	43.096	41.490	41.037	44.856	47.018	43.686	47.216	50.067	50.459	48.751	52.609	55.050	52.813	55.755	57.418	61.337
5.787	3.576	1.350	0.997	1.348	3.781	6.844	6.339	10.334	13.216	13.563	17.450	17.004	15.236	18.491	21.015	18.237	20.200	23.485	24.682	23.211	25.400	28.597	28.072	28.312	32.097	33.944	32.972	35.549	37.754	39.011	39.916	41.548	43.475	44.675	45.876	47.670	49.189	49.036	51.902	52.386	52.491	58.632	61.080	61.955	63.254	25.650	26.737	27.352	28.975	26.716	29.035	28.318	27.050	31.022	32.882	32.277	33.128	37.164	34.614	35.928	38.583	39.565	36.060	39.321	42.282	42.152	38.270	43.173	46.223	44.349	44.669	48.138	50.255	46.861	48.251	52.794	52.535	52.978	29.841	31.824	34.259	31.287	34.748	35.415	37.852	39.034	33.621	36.889	39.870	37.476	34.867	39.640	39.523	38.225	41.865	43.983	41.952	41.839	45.835	47.800	44.271	48.165	50.943	51.038	49.427	53.440	55.798	53.271	56.462	58.272	62.238
3.146	2.622	2.955	1.348	0.997	1.350	3.922	3.743	7.300	10.492	11.651	15.218	13.977	12.932	16.706	18.588	15.376	18.483	21.396	21.969	20.639	23.796	26.313	25.175	26.246	29.947	31.409	30.398	33.411	35.558	36.379	37.538	39.415	41.186	42.152	43.597	45.474	46.741	46.263	49.617	50.617	50.192	56.363	59.170	60.121	61.321	26.624	27.181	27.340	28.998	26.096	28.084	26.951	25.828	30.001	31.554	30.476	31.613	35.413	32.236	33.605	36.393	37.064	33.190	36.657	39.617	39.084	35.144	40.298	43.223	40.918	41.385	44.979	46.979	43.214	44.882	49.374	49.306	49.907	31.079	32.732	35.043	31.886	35.017	35.348	37.625	38.326	32.805	36.419	39.194	36.196	33.900	38.518	38.101	36.559	40.591	42.455	40.072	39.716	43.958	45.857	41.873	45.852	48.720	48.561	46.664	50.894	53.309	50.364	53.658	55.085	59.453
5.092	6.360	6.588	3.781	1.350	0.997	1.347	3.036	6.139	8.869	10.657	13.979	12.845	12.584	16.216	17.880	15.369	18.587	21.225	21.759	20.915	24.227	26.340	25.533	27.119	30.321	31.501	31.325	34.076	36.017	36.704	38.343	40.099	41.668	42.783	44.387	46.128	47.234	47.035	50.375	51.730	51.526	57.520	60.496	61.615	62.822	26.704	27.250	27.019	28.899	25.933	27.554	26.531	25.879	29.904	31.197	30.172	31.740	35.115	31.533	33.278	36.145	36.353	32.602	36.443	39.236	38.444	34.783	40.247	42.905	40.395	41.336	44.908	46.736	43.098	45.234	49.382	49.667	49.662	31.063	32.585	35.044	32.001	34.935	35.385	37.396	37.870	32.454	36.505	39.115	35.793	34.085	38.695	38.173	36.892	41.027	42.631	39.811	39.771	44.139	45.812	41.650	45.964	48.765	48.286	46.503	50.863	53.172	49.963	53.487	55.100	59.415
5.025	8.422	9.418	6.844	3.922	1.347	0.997	1.347	3.227	6.113	8.792	11.510	9.566	9.907	13.528	14.746	12.352	15.776	18.319	18.528	17.998	21.507	23.293	22.465	24.475	27.413	28.302	28.546	31.230	33.078	33.587	35.464	37.249	38.664	39.796	41.510	43.214	44.172	44.063	47.470	49.090	48.900	54.783	57.914	59.139	60.327	25.915	25.951	25.487	27.217	23.803	25.292	23.935	23.337	27.431	28.521	27.233	28.947	32.148	28.238	30.056	32.983	32.980	29.139	33.112	35.859	34.872	31.311	36.884	39.446	36.784	37.933	41.501	43.227	39.590	41.982	45.969	46.414	46.193	30.494	31.684	33.898	30.716	33.336	33.469	35.393	35.547	30.149	34.263	36.753	33.115	31.558	36.060	35.360	34.073	38.315	39.789	36.756	36.692	41.154	42.752	38.388	42.819	45.618	44.965	43.139	47.592	49.885	46.485	50.101	51.702	56.061
3.892	6.905	7.694	6.339	3.743	3.036	1.347	0.997	1.342	3.504	4.786	8.091	7.147	6.669	10.054	12.032	10.536	12.849	15.354	16.519	15.908	18.453	20.817	20.904	22.030	24.937	26.334	26.719	28.965	30.744	31.796	33.455	34.947	36.507	37.907	39.445	40.991	42.256	42.524	45.390	46.572	46.982	52.770	55.596	56.782	58.013	20.924	21.112	20.919	22.656	19.657	21.280	20.230	19.634	23.571	24.926	24.121	25.748	29.070	25.750	27.656	30.434	30.646	27.239	31.119	33.856	33.282	29.907	35.273	37.884	35.702	36.808	40.225	42.103	38.970	41.081	45.046	45.284	44.783	25.540	26.853	29.046	25.891	28.727	29.049	31.111	31.581	26.095	30.156	32.763	29.525	27.860	32.546	32.149	31.124	35.144	36.710	33.891	34.196	38.468	40.057	36.130	40.567	43.289	42.829	41.366	45.618	47.820	44.800	48.390	50.494	54.361
4.094	9.503	11.308	10.334	7.300	6.139	3.227	1.342	1.080	1.347	3.223	6.035	3.958	3.643	7.301	8.658	6.716	9.457	11.934	12.546	12.186	15.290	17.108	17.004	18.702	21.345	22.406	23.099	25.386	27.093	27.880	29.774	31.362	32.762	34.111	35.788	37.339	38.424	38.682	41.716	43.284	43.483	49.222	52.278	53.579	54.797	20.507	20.071	19.474	21.124	17.622	19.158	17.661	16.946	21.070	22.199	20.833	22.545	25.754	22.093	23.827	26.698	26.920	23.273	27.135	29.870	29.301	25.848	31.236	33.821	31.736	32.765	36.167	38.061	35.045	37.095	41.031	41.263	40.717	25.302	26.139	28.085	24.856	27.263	27.299	29.247	29.340	23.912	27.954	30.423	26.796	25.150	29.641	28.942	27.780	31.980	33.407	30.377	30.466	34.883	36.443	32.240	36.727	39.473	38.897	37.325	41.646	43.869	40.769	44.344	46.443	50.333
9.032	13.686	14.741	13.216	10.492	8.869	6.113	3.504	1.347	0.997	1.343	2.577	2.527	2.634	4.855	6.369	7.284	8.758	10.491	11.872	12.642	14.539	16.244	17.293	18.949	20.789	21.858	23.564	25.250	26.580	27.689	29.756	31.017	32.266	33.948	35.688	36.912	38.072	38.954	41.486	43.048	43.988	49.364	52.343	53.784	55.037	18.755	18.176	16.717	18.638	14.924	15.963	14.848	14.987	18.714	19.460	18.692	20.923	23.572	19.915	22.340	25.136	24.827	21.916	26.024	28.640	28.125	25.370	30.640	33.047	31.203	32.710	35.882	37.691	35.151	37.479	41.064	41.280	40.068	23.316	23.765	25.827	22.863	24.761	24.821	26.406	26.292	20.984	25.637	27.916	23.981	23.247	27.790	27.226	26.587	30.632	31.838	28.462	29.292	33.627	34.853	30.898	35.684	38.328	37.557	36.466	40.705	42.697	39.671	43.469	46.109	49.522
10.420	14.361	14.687	13.563	11.651	10.657	8.792	4.786	3.223	1.343	1.080	1.344	3.082	2.540	2.266	4.569	6.316	7.008	8.119	10.184	11.476	12.063	14.226	15.986	17.106	18.664	20.119	21.943	23.258	24.456	25.995	27.901	28.763	30.214	32.066	33.714	34.748	36.106	37.301	39.436	40.736	42.129	47.371	50.160	51.606	52.895	14.894	14.389	13.381	15.263	11.873	13.075	11.822	11.912	15.530	16.554	15.999	18.154	20.903	17.905	20.062	22.813	22.983	20.399	24.194	26.809	26.890	24.241	29.118	31.584	30.467	31.641	34.597	36.581	34.623	36.485	40.087	39.964	38.649	19.608	20.175	22.141	19.129	21.307	21.421	23.225	23.357	17.869	22.367	24.724	21.111	20.150	24.779	24.386	23.954	27.848	29.065	25.898	26.959	31.124	32.331	28.755	33.478	36.057	35.504	34.693	38.710	40.598	38.063	41.716	44.705	47.709
13.437	17.995	18.603	17.450	15.218	13.979	11.510	8.091	6.035	2.577	1.344	1.080	1.350	3.209	2.503	2.079	4.539	6.267	6.260	8.020	10.110	11.155	12.200	14.015	15.886	16.859	17.732	20.121	21.640	22.565	23.794	26.070	27.068	28.099	30.034	31.881	32.814	33.947	35.265	37.522	39.243	40.591	45.645	48.668	50.254	51.511	15.995	15.000	12.968	14.784	10.931	11.624	10.270	10.999	14.431	14.799	13.934	16.471	18.761	15.052	17.580	20.386	20.009	17.332	21.434	23.999	23.740	21.321	26.353	28.679	27.331	28.866	31.813	33.656	31.663	33.906	37.266	37.334	35.756	20.593	20.495	22.282	19.444	20.805	20.702	22.155	21.776	16.449	21.407	23.524	19.301	19.006	23.397	22.689	22.314	26.299	27.281	23.645	24.758	29.090	30.093	26.184	31.120	33.717	32.831	31.970	36.151	38.013	35.118	38.953	41.916	45.022
10.264	16.119	17.852	17.004	13.977	12.845	9.566	7.147	3.958	2.527	3.082	1.350	0.960	1.349	3.234	2.556	2.177	4.528	6.230	6.788	7.855	10.217	11.355	12.125	14.280	15.949	16.701	18.498	20.333	21.662	22.498	24.713	26.175	27.258	28.853	30.683	31.978	32.981	33.792	36.484	38.339	39.082	44.398	47.557	49.081	50.319	19.255	17.902	16.341	17.571	13.414	14.357	12.255	11.845	15.947	16.558	14.790	16.842	19.665	15.740	17.680	20.533	20.564	17.149	21.083	23.769	23.340	20.247	25.519	28.004	26.208	27.497	30.699	32.590	30.024	32.240	35.882	36.050	35.011	24.195	24.076	25.564	22.434	23.743	23.254	24.887	24.191	18.895	23.142	25.330	21.078	19.883	24.143	23.161	22.179	26.429	27.623	24.246	24.531	29.015	30.402	26.132	30.813	33.514	32.789	31.440	35.732	37.865	34.808	38.468	40.970	44.511
8.719	14.038	15.527	15.236	12.932	12.584	9.907	6.669	3.643	2.634	2.540	3.209	1.349	0.960	1.350	3.259	2.641	2.225	4.562	6.271	6.544	8.074	10.164	11.456	12.335	14.407	16.044	17.280	18.774	20.267	21.697	23.402	24.622	26.092	27.737	29.312	30.617	31.962	32.814	35.161	36.491	37.484	42.909	45.768	47.173	48.471	17.467	15.829	15.461	16.009	11.948	13.459	11.157	9.691	14.088	15.380	13.752	15.145	18.679	15.932	17.166	19.831	20.853	17.669	20.914	23.697	24.079	20.714	25.399	28.201	27.287	27.767	30.809	32.985	30.975	32.259	36.243	35.916	35.180	22.690	22.887	24.037	20.420	22.090	21.352	23.436	23.065	17.678	21.101	23.574	20.024	17.842	22.272	21.608	20.444	24.603	26.072	23.354	23.482	27.737	29.411	25.636	29.967	32.646	32.442	31.234	35.211	37.389	34.986	38.308	41.009	44.212
12.903	17.930	18.725	18.491	16.706	16.216	13.528	10.054	7.301	4.855	2.266	2.503	3.234	1.350	0.997	1.351	3.239	2.450	1.994	4.331	6.082	6.217	7.933	10.043	11.275	12.362	13.918	15.849	17.043	18.140	19.765	21.662	22.496	23.897	25.778	27.436	28.434	29.795	31.099	33.128	34.526	36.007	41.130	43.972	45.495	46.806	12.972	11.216	10.099	10.871	6.889	8.224	6.251	6.015	9.726	10.855	10.125	12.111	15.063	12.441	14.069	16.750	17.547	14.926	18.217	20.896	21.479	18.619	23.121	25.758	25.243	25.926	28.721	30.866	29.332	30.707	34.408	33.980	32.787	18.166	17.856	18.907	15.615	16.932	16.444	18.292	18.098	12.566	16.740	19.099	15.478	14.220	18.822	18.380	17.761	21.769	23.014	19.977	20.705	24.910	26.296	22.700	27.251	29.853	29.507	28.652	32.553	34.531	32.276	35.701	38.752	41.627
14.476	19.948	21.380	21.015	18.588	17.880	14.746	12.032	8.658	6.369	4.569	2.079	2.556	3.259	1.351	0.997	1.351	3.272	2.512	2.002	4.415	6.188	6.503	7.935	10.122	11.254	11.825	14.066	15.790	16.868	17.770	20.099	21.476	22.365	24.103	25.997	27.150	28.127	29.223	31.713	33.698	34.673	39.775	42.975	44.607	45.850	18.193	16.010	14.545	14.589	10.340	10.477	7.713	8.023	11.692	11.443	9.697	12.102	14.310	9.878	12.407	15.270	14.694	11.676	15.856	18.434	17.962	15.446	20.533	22.913	21.543	22.978	25.955	27.805	25.825	27.917	31.395	31.405	29.957	23.372	22.609	23.360	20.106	20.461	19.423	20.849	19.372	14.326	18.822	20.674	15.859	15.536	19.508	18.227	17.426	21.689	22.678	18.884	19.474	23.989	25.114	20.824	25.695	28.362	27.389	26.289	30.575	32.561	29.415	33.267	36.089	39.358
9.657	15.600	17.966	18.237	15.376	15.369	12.352	10.536	6.716	7.284	6.316	4.539	2.177	2.641	3.239	1.351	0.997	1.351	3.306	2.548	1.959	4.536	6.135	6.402	8.171	10.179	11.459	12.487	14.303	15.920	16.907	18.745	20.300	21.641	23.072	24.754	26.231	27.393	27.965	30.653	32.392	32.939	38.379	41.503	42.991	44.253	20.354	17.974	17.256	17.081	12.735	13.794	10.852	8.908	13.676	14.573	11.829	12.569	16.246	13.252	13.583	16.384	17.702	13.839	16.712	19.685	19.992	16.072	20.752	23.749	22.581	22.773	25.995	28.200	25.694	27.031	31.172	30.944	30.610	25.698	25.192	25.837	22.164	23.044	21.770	23.737	22.610	17.566	20.513	22.679	18.828	16.286	20.123	18.885	17.060	21.545	22.986	20.428	19.609	24.051	25.865	21.750	25.826	28.625	28.492	26.835	30.904	33.267	30.757	33.908	36.235	39.762
13.327	18.423	19.590	20.200	18.483	18.587	15.776	12.849	9.457	8.758	7.008	6.267	4.528	2.225	2.450	3.272	1.351	0.997	1.350	3.221	2.569	2.121	4.408	6.199	6.457	8.178	10.191	11.475	12.579	14.056	15.771	17.292	18.399	19.927	21.645	23.127	24.397	25.839	26.849	28.954	30.220	31.394	36.719	39.535	40.968	42.289	15.194	12.313	12.953	12.092	8.318	10.439	8.279	5.000	9.768	11.595	9.522	9.668	13.890	11.952	12.007	14.536	16.341	13.615	15.616	18.628	19.794	16.181	19.929	23.185	23.204	22.886	25.601	28.057	26.708	27.132	31.325	30.496	29.969	20.533	20.104	20.314	16.371	17.921	16.718	19.263	19.020	14.022	16.162	18.846	15.902	12.676	16.929	16.143	14.430	18.707	20.319	18.199	17.605	21.782	23.690	20.172	24.074	26.779	27.016	25.779	29.479	31.762	29.900	32.832	35.630	38.564
16.413	21.793	23.280	23.485	21.396	21.225	18.319	15.354	11.934	10.491	8.119	6.260	6.230	4.562	1.994	2.512	3.306	1.350	0.997	1.349	3.212	2.524	1.977	4.447	6.149	6.506	7.895	10.019	11.305	12.196	13.716	15.737	16.733	17.867	19.738	21.496	22.483	23.740	25.097	27.154	28.898	30.290	35.258	38.299	39.958	41.244	15.800	12.651	11.818	10.469	6.496	6.588	3.462	2.728	6.321	6.873	4.852	6.929	9.753	7.437	8.395	11.068	12.335	9.882	12.426	15.164	16.204	13.205	17.191	20.018	20.106	20.271	22.874	25.170	24.089	24.952	28.723	28.035	26.943	20.907	19.541	19.522	16.081	16.053	14.628	16.369	14.989	9.967	13.403	15.424	11.286	9.848	13.986	13.146	12.372	16.543	17.656	14.530	14.833	19.177	20.614	16.871	21.285	23.924	23.671	22.712	26.548	28.609	26.511	29.753	32.809	35.622
16.336	22.251	24.396	24.682	21.969	21.759	18.528	16.519	12.546	11.872	10.184	8.020	6.788	6.271	4.331	2.002	2.548	3.221	1.349	0.997	1.350	3.271	2.452	2.122	4.556	6.184	6.628	8.117	10.094	11.466	12.046	14.248	15.922	16.967	18.373	20.241	21.671	22.610	23.332	26.062	28.238	28.768	33.969	37.317	38.975	40.208	21.015	17.976	17.411	16.171	12.012	12.159	8.950	7.148	11.483	11.693	8.606	9.606	12.490	8.934	9.067	12.047	13.138	9.179	11.876	14.952	15.382	11.481	15.822	18.912	18.375	18.159	21.160	23.478	21.758	22.566	26.634	26.139	25.734	26.323	25.248	25.295	21.644	21.765	20.070	21.859	20.075	15.453	18.322	20.021	15.784	13.929	17.227	15.307	13.182	17.946	19.195	16.392	15.128	19.716	21.489	17.080	21.088	23.938	23.758	21.928	26.029	28.439	25.926	28.994	31.363	34.832
14.742	20.311	22.529	23.211	20.639	20.915	17.998	15.908	12.186	12.642	11.476	10.110	7.855	6.544	6.082	4.415	1.959	2.569	3.212	1.350	0.997	1.352	3.208	2.602	2.226	4.589	6.370	6.714	8.180	10.095	11.453	12.736	14.246	15.830	17.233	18.706	20.269	21.632	22.189	24.653	26.234	26.793	32.248	35.309	36.807	38.106	21.769	18.459	18.919	17.220	13.313	13.943	10.846	7.791	12.332	13.329	10.140	9.133	13.359	11.569	10.150	12.755	14.843	11.606	12.241	16.045	17.390	13.012	15.993	19.878	20.063	18.924	21.626	24.291	22.841	22.638	27.213	26.135	26.300	27.073	26.289	26.120	22.093	22.669	20.603	22.767	21.032	16.955	18.300	20.016	16.241	13.298	16.108	14.842	11.851	16.591	18.266	16.808	14.711	18.918	21.045	17.403	20.592	23.547	24.120	22.303	25.948	28.466	26.730	29.279	31.622	34.826
18.296	23.287	24.523	25.400	23.796	24.227	21.507	18.453	15.290	14.539	12.063	11.155	10.217	8.074	6.217	6.188	4.536	2.121	2.524	3.271	1.352	0.997	1.350	3.243	2.478	2.005	4.499	6.147	6.651	7.819	9.745	11.333	12.266	13.700	15.545	17.022	18.173	19.633	20.909	22.767	24.225	25.620	30.687	33.601	35.209	36.550	17.566	13.802	14.636	12.056	8.865	9.380	6.800	2.713	6.952	8.633	5.992	4.242	9.029	8.602	7.156	9.515	11.808	10.070	10.117	13.663	15.564	12.015	14.353	18.125	19.172	18.125	20.291	23.038	22.553	22.088	26.336	24.977	24.518	22.611	21.449	20.826	16.850	17.192	14.993	17.201	15.640	11.692	12.594	14.682	11.233	7.892	11.487	10.566	8.541	12.898	14.549	12.963	11.687	15.805	17.853	14.589	18.007	20.758	21.404	20.141	23.530	25.900	24.589	27.104	29.979	32.645
20.738	26.187	28.007	28.597	26.313	26.340	23.293	20.817	17.108	16.244	14.226	12.200	11.355	10.164	7.933	6.503	6.135	4.408	1.977	2.452	3.208	1.350	0.997	1.349	3.232	2.404	2.025	4.399	6.124	6.742	7.700	9.966	11.380	12.118	13.810	15.739	16.901	17.857	19.119	21.406	23.690	24.704	29.551	32.899	34.711	35.960	21.943	18.299	17.951	15.409	12.067	10.428	7.259	6.087	9.281	7.430	3.888	5.041	6.238	2.971	2.585	5.527	6.056	2.495	5.319	7.946	8.455	5.870	10.204	12.594	12.473	13.323	15.872	17.834	16.878	18.512	21.658	21.386	19.659	26.965	25.329	24.695	21.146	20.325	17.804	19.027	16.125	12.774	15.112	15.427	10.903	10.112	12.476	9.884	8.567	13.261	14.025	9.960	9.828	14.466	15.356	10.495	15.471	18.139	16.983	15.753	20.065	22.097	19.145	22.749	25.754	28.835
19.096	24.658	27.200	28.072	25.175	25.533	22.465	20.904	17.004	17.293	15.986	14.015	12.125	11.456	10.043	7.935	6.402	6.199	4.447	2.122	2.602	3.243	1.349	0.997	1.352	3.252	2.704	2.092	4.372	6.231	6.565	8.124	10.083	11.381	12.456	14.182	15.880	16.919	17.287	20.106	22.380	22.533	27.811	31.251	32.940	34.174	24.781	21.095	21.190	18.700	15.247	14.501	11.232	8.924	12.771	12.572	8.859	8.352	11.568	9.446	7.389	9.982	11.861	7.383	7.831	12.064	12.723	7.732	11.115	15.056	14.514	13.386	16.464	18.974	16.893	17.189	21.688	20.898	21.369	29.892	28.481	27.886	24.095	23.792	21.349	23.018	20.623	17.056	18.490	19.294	15.157	13.175	15.144	13.196	9.286	14.539	15.974	14.462	11.215	15.554	17.682	13.626	16.252	19.463	20.093	17.728	21.429	24.072	22.126	24.594	26.500	30.048
20.307	25.127	26.995	28.312	26.246	27.119	24.475	22.030	18.702	18.949	17.106	15.886	14.280	12.335	11.275	10.122	8.171	6.457	6.149	4.556	2.226	2.478	3.232	1.352	0.997	1.353	3.349	2.498	1.947	4.139	5.901	6.740	7.927	9.721	11.262	12.494	13.983	15.545	16.398	18.400	19.929	20.822	26.062	29.084	30.688	32.028	23.452	19.521	20.635	17.508	14.785	14.628	11.896	7.902	11.792	13.093	9.732	6.899	11.340	11.010	7.906	9.722	12.425	10.339	7.937	12.916	15.057	10.921	11.396	16.284	17.703	15.616	17.373	20.528	20.282	18.590	23.345	21.394	21.800	28.316	27.115	26.102	22.006	22.178	19.366	21.376	19.397	15.992	16.108	17.154	13.763	10.517	12.038	11.182	6.685	11.548	13.515	13.040	9.437	13.396	15.896	12.917	14.890	18.045	19.374	17.650	20.611	23.219	22.490	24.319	26.730	29.444
24.140	29.329	31.144	32.097	29.947	30.321	27.413	24.937	21.345	20.789	18.664	16.859	15.949	14.407	12.362	11.254	10.179	8.178	6.506	6.184	4.589	2.005	2.404	3.252	1.353	0.997	1.351	3.224	2.689	1.929	3.913	5.918	5.387	7.235	9.563	11.191	10.969	12.881	15.017	16.224	17.774	20.272	24.579	27.410	29.333	30.667	23.433	19.269	19.336	15.735	13.387	11.517	9.112	6.426	8.543	8.091	4.363	2.123	4.369	5.238	2.482	1.744	5.546	6.212	4.002	7.221	9.978	8.440	8.572	12.130	14.252	13.529	14.702	17.563	18.517	17.161	21.251	19.317	17.837	27.941	25.978	24.511	20.917	19.710	16.295	16.901	13.860	11.497	11.845	10.697	7.187	5.722	5.793	3.384	1.737	5.602	6.372	4.578	2.822	6.805	8.560	6.138	9.480	11.907	12.776	12.755	15.343	17.211	17.235	19.381	22.935	24.641
25.530	31.010	33.109	33.944	31.409	31.501	28.302	26.334	22.406	21.858	20.119	17.732	16.701	16.044	13.918	11.825	11.459	10.191	7.895	6.628	6.370	4.499	2.025	2.704	3.349	1.351	0.997	1.350	3.371	2.848	1.830	4.282	6.216	6.646	7.751	9.869	11.333	12.034	12.941	15.535	18.401	18.892	23.613	27.284	29.259	30.441	26.793	22.776	22.763	19.501	16.765	14.891	12.017	9.903	12.741	11.096	7.171	6.439	7.781	5.231	2.898	4.839	6.424	2.911	2.506	6.190	7.570	3.588	5.972	9.581	10.513	9.182	11.507	14.149	13.704	13.435	17.396	16.356	16.056	31.522	29.688	28.571	24.905	23.971	20.932	21.961	18.894	16.268	17.321	16.748	12.671	11.398	12.167	9.501	6.385	11.394	12.218	9.621	6.646	11.223	12.956	8.011	11.325	14.590	14.476	12.237	16.299	18.843	16.479	19.234	21.529	24.885
24.386	29.220	31.544	32.972	30.398	31.325	28.546	26.719	23.099	23.564	21.943	20.121	18.498	17.280	15.849	14.066	12.487	11.475	10.019	8.117	6.714	6.147	4.399	2.092	2.498	3.224	1.350	0.997	1.352	3.374	2.755	2.169	4.471	6.207	6.828	8.143	10.118	11.398	11.599	14.150	16.441	16.439	21.690	25.157	26.914	28.162	28.768	24.727	25.153	21.800	19.136	17.789	14.944	12.047	15.233	14.924	10.918	9.231	12.285	11.001	7.986	9.183	11.753	8.869	5.669	10.997	12.807	8.187	7.927	13.378	14.342	11.470	13.463	16.666	15.815	13.700	18.931	16.829	18.242	33.508	31.876	30.690	26.867	26.249	23.187	24.528	21.871	18.898	19.431	19.257	15.536	13.377	13.862	11.890	7.214	11.669	13.611	12.916	7.654	11.817	14.530	11.372	11.795	15.440	17.059	14.659	17.299	20.127	19.583	20.863	22.597	25.596
27.450	32.400	34.220	35.549	33.411	34.076	31.230	28.965	25.386	25.250	23.258	21.640	20.333	18.774	17.043	15.790	14.303	12.579	11.305	10.094	8.180	6.651	6.124	4.372	1.947	2.689	3.371	1.352	0.997	1.348	3.217	2.624	2.061	4.324	6.101	6.809	8.066	9.905	11.196	12.540	14.178	15.564	20.374	23.416	25.234	26.610	27.177	22.918	23.516	19.682	17.761	16.571	14.410	10.718	12.945	13.845	10.544	6.748	10.803	11.473	8.214	7.877	11.883	10.806	6.057	11.563	14.040	10.518	8.578	14.126	16.112	13.570	14.076	17.882	18.651	15.776	20.439	17.514	18.088	31.482	29.672	28.018	24.210	23.545	20.154	21.444	18.991	16.072	15.879	15.785	12.697	9.773	10.144	8.969	4.132	8.023	10.529	10.715	5.123	8.720	11.893	9.995	9.878	13.271	15.251	13.995	15.863	18.568	19.046	19.985	22.264	24.452
29.663	34.767	36.638	37.754	35.558	36.017	33.078	30.744	27.093	26.580	24.456	22.565	21.662	20.267	18.140	16.868	15.920	14.056	12.196	11.466	10.095	7.819	6.742	6.231	4.139	1.929	2.848	3.374	1.348	0.997	1.352	3.208	2.547	1.872	4.166	5.993	6.605	7.693	9.688	11.141	13.864	15.502	19.577	23.028	25.184	26.429	28.323	24.066	23.880	20.081	18.095	16.168	14.159	11.442	12.545	12.440	9.052	5.744	8.055	8.692	5.509	3.803	7.888	7.817	2.286	7.315	10.004	7.816	5.507	10.660	12.893	10.817	10.924	14.713	16.159	13.514	17.597	14.758	14.674	32.462	30.256	28.491	24.997	23.630	20.088	20.700	17.720	15.314	15.437	14.331	11.033	9.158	8.911	6.384	2.744	6.994	8.253	6.895	2.547	6.741	8.882	5.720	6.813	10.302	11.917	10.460	12.616	15.300	15.487	16.583	19.134	21.398
30.367	35.699	37.942	39.011	36.379	36.704	33.587	31.796	27.880	27.689	25.995	23.794	22.498	21.697	19.765	17.770	16.907	15.771	13.716	12.046	11.453	9.745	7.700	6.565	5.901	3.913	1.830	2.755	3.217	1.352	0.960	1.350	3.306	2.588	2.022	4.353	6.180	6.550	7.116	9.817	13.221	13.369	17.801	21.721	23.887	25.021	31.340	27.126	27.207	23.496	21.305	19.474	17.086	14.375	16.212	15.803	12.035	9.486	11.591	10.854	7.494	7.311	10.454	7.902	2.784	8.355	10.105	6.087	3.530	9.380	10.908	7.902	9.054	12.617	12.816	10.115	14.928	12.433	13.456	35.707	33.684	32.068	28.447	27.314	23.842	24.607	21.657	19.180	19.295	18.224	14.970	12.992	12.542	9.964	6.246	10.202	11.453	10.040	4.830	8.992	11.205	7.453	7.580	11.272	12.527	9.745	12.533	15.415	14.729	15.978	17.750	20.638
31.544	36.346	38.424	39.916	37.538	38.343	35.464	33.455	29.774	29.756	27.901	26.070	24.713	23.402	21.662	20.099	18.745	17.292	15.737	14.248	12.736	11.333	9.966	8.124	6.740	5.918	4.282	2.169	2.624	3.208	1.350	0.997	1.350	3.291	2.672	2.129	4.464	6.178	6.493	8.094	10.493	10.879	15.661	19.132	21.120	22.422	32.551	28.309	28.892	25.008	23.097	21.566	19.255	16.075	18.048	18.173	14.494	11.374	13.962	13.928	10.552	9.617	13.287	11.888	5.910	11.613	13.781	10.302	6.540	12.622	14.412	11.035	11.525	15.424	16.010	12.105	17.277	13.805	15.852	36.741	34.928	33.131	29.343	28.654	25.063	26.076	23.390	20.836	20.354	19.625	16.795	14.248	13.629	11.607	7.488	9.877	12.366	11.894	6.182	8.609	12.209	10.141	8.398	12.093	14.367	12.400	13.272	16.568	17.403	17.603	18.915	21.198
33.458	38.361	40.196	41.548	39.415	40.099	37.249	34.947	31.362	31.017	28.763	27.068	26.175	24.622	22.496	21.476	20.300	18.399	16.733	15.922	14.246	12.266	11.380	10.083	7.927	5.387	6.216	4.471	2.061	2.547	3.306	1.350	0.997	1.352	3.260	2.609	2.037	4.291	6.176	6.746	8.616	11.356	15.096	18.133	20.186	21.540	30.064	25.739	25.829	21.667	20.563	18.993	17.671	14.339	14.573	15.502	13.024	8.311	10.530	12.906	10.194	6.480	11.615	12.655	5.993	10.988	13.863	11.879	7.447	12.882	15.228	12.471	11.411	15.751	17.468	13.839	17.915	14.101	14.595	33.613	31.395	29.039	25.596	24.381	20.469	20.868	18.200	16.234	15.011	13.652	12.008	9.555	7.386	5.948	2.506	3.169	5.843	7.003	2.561	3.168	7.292	7.624	5.493	8.621	11.096	10.446	10.750	13.783	15.329	15.571	17.476	19.055
35.237	40.312	42.266	43.475	41.186	41.668	38.664	36.507	32.762	32.266	30.214	28.099	27.258	26.092	23.897	22.365	21.641	19.927	17.867	16.967	15.830	13.700	12.118	11.381	9.721	7.235	6.646	6.207	4.324	1.872	2.588	3.291	1.352	0.976	1.351	3.232	2.603	1.896	4.309	5.836	9.691	11.374	14.430	18.297	20.865	21.957	33.746	29.458	29.238	25.347	23.608	21.460	19.669	17.095	17.537	16.930	14.054	10.883	11.209	11.939	8.822	6.588	9.453	9.638	3.274	5.582	8.577	8.014	2.641	5.518	8.305	6.399	2.807	7.278	9.483	6.713	9.445	6.009	5.670	37.643	35.380	33.345	29.928	28.424	24.604	24.571	21.213	19.756	19.402	17.235	14.864	13.574	11.493	8.388	6.645	8.541	7.986	5.707	2.428	4.561	5.726	2.137	2.384	5.258	5.719	2.336	5.055	7.814	7.200	7.772	9.916	13.016
36.132	41.118	43.318	44.675	42.152	42.783	39.796	37.907	34.111	33.948	32.066	30.034	28.853	27.737	25.778	24.103	23.072	21.645	19.738	18.373	17.233	15.545	13.810	12.456	11.262	9.563	7.751	6.828	6.101	4.166	2.022	2.672	3.260	1.351	0.997	1.351	3.294	2.453	1.905	4.224	8.191	8.268	11.924	16.133	18.601	19.674	36.330	32.042	32.073	28.152	26.358	24.479	22.444	19.624	20.651	20.497	17.141	13.859	15.308	15.631	12.157	10.468	13.997	13.053	6.272	10.927	13.274	10.557	5.157	10.860	12.684	8.818	7.527	12.092	13.273	8.758	13.261	9.358	11.373	40.352	38.190	36.187	32.679	31.390	27.619	27.979	24.987	22.975	22.394	20.793	18.415	16.446	14.619	12.085	9.448	11.169	12.238	10.991	5.961	7.878	10.738	8.428	5.849	9.669	11.676	8.652	9.551	13.078	13.617	13.159	14.142	16.724
37.592	42.395	44.340	45.876	43.597	44.387	41.510	39.445	35.788	35.688	33.714	31.881	30.683	29.312	27.436	25.997	24.754	23.127	21.496	20.241	18.706	17.022	15.739	14.182	12.494	11.191	9.869	8.143	6.809	5.993	4.353	2.129	2.609	3.232	1.351	0.997	1.352	3.259	2.896	2.181	5.158	6.776	10.190	13.718	16.163	17.438	36.509	32.205	32.549	28.369	27.188	25.687	23.969	20.660	21.401	22.094	18.958	14.962	16.927	17.931	14.505	12.166	16.243	15.727	8.773	13.422	15.990	13.560	8.040	13.669	15.815	12.305	10.698	15.334	16.782	12.049	16.376	12.203	14.175	40.142	38.044	35.672	32.187	31.130	27.189	27.657	25.048	23.117	21.744	20.396	18.918	16.397	14.109	12.532	9.142	9.335	12.104	12.226	7.231	7.141	11.284	10.451	6.731	9.913	12.561	11.006	9.811	13.642	15.461	14.925	15.488	16.824
39.505	44.408	46.288	47.670	45.474	46.128	43.214	40.991	37.339	36.912	34.748	32.814	31.978	30.617	28.434	27.150	26.231	24.397	22.483	21.671	20.269	18.173	16.901	15.880	13.983	10.969	11.333	10.118	8.066	6.605	6.180	4.464	2.037	2.603	3.294	1.352	0.997	1.348	3.241	2.783	5.444	8.804	10.788	14.222	16.957	18.054	36.552	32.242	31.997	27.881	26.798	24.967	23.641	20.659	20.486	20.933	18.411	14.219	15.190	16.981	13.885	10.665	14.532	14.982	8.394	11.375	14.438	13.485	7.846	12.219	14.825	12.590	9.786	14.563	16.719	12.900	15.636	11.390	11.981	39.916	37.505	34.955	31.757	30.216	26.200	26.091	23.233	21.845	20.476	18.447	17.322	15.536	12.332	10.443	7.448	7.926	8.895	8.862	5.207	3.703	7.110	7.055	3.008	5.575	8.435	7.991	6.480	10.066	12.157	11.943	12.797	13.746
40.737	45.818	47.901	49.189	46.741	47.234	44.172	42.256	38.424	38.072	36.106	33.947	32.981	31.962	29.795	28.127	27.393	25.839	23.740	22.610	21.632	19.633	17.857	16.919	15.545	12.881	12.034	11.398	9.905	7.693	6.550	6.178	4.291	1.896	2.453	3.259	1.348	0.976	1.349	3.122	6.967	8.605	9.992	14.287	17.321	18.085	39.212	34.908	34.653	30.646	29.192	27.203	25.550	22.801	22.989	22.926	20.070	16.440	17.185	17.779	14.600	12.481	15.141	14.488	8.788	10.432	12.642	11.263	5.996	7.862	10.336	8.216	3.138	7.486	9.723	5.899	6.800	2.763	3.402	42.850	40.477	38.143	34.864	33.311	29.364	29.275	26.230	24.760	23.756	21.657	20.047	18.420	15.536	13.137	10.502	11.508	11.765	10.736	7.219	6.872	8.488	5.962	3.417	5.611	6.052	2.566	2.531	5.486	6.027	4.213	5.578	8.718
40.239	45.152	47.568	49.036	46.263	47.035	44.063	42.524	38.682	38.954	37.301	35.265	33.792	32.814	31.099	29.223	27.965	26.849	25.097	23.332	22.189	20.909	19.119	17.287	16.398	15.017	12.941	11.599	11.196	9.688	7.116	6.493	6.176	4.309	1.905	2.896	3.241	1.349	0.996	1.350	4.301	4.478	6.428	10.871	13.819	14.750	41.405	37.106	37.089	33.042	31.582	29.718	27.910	25.014	25.548	25.609	22.561	18.944	19.993	20.762	17.377	15.204	18.617	17.426	11.317	14.519	16.229	13.285	8.464	13.007	13.884	10.202	8.077	12.578	13.207	7.335	11.977	6.841	11.341	45.113	42.848	40.507	37.157	35.766	31.802	31.852	28.907	27.338	26.215	24.269	22.715	20.863	18.084	15.849	13.024	13.783	14.513	13.842	9.952	9.495	12.441	10.889	6.645	9.811	12.199	9.466	7.764	12.054	13.539	12.070	11.495	13.516
43.616	48.436	50.400	51.902	49.617	50.375	47.470	45.390	41.716	41.486	39.436	37.522	36.484	35.161	33.128	31.713	30.653	28.954	27.154	26.062	24.653	22.767	21.406	20.106	18.400	16.224	15.535	14.150	12.540	11.141	9.817	8.094	6.746	5.836	4.224	2.181	2.783	3.122	1.350	0.997	1.345	3.625	6.060	9.568	12.204	13.558	41.767	37.476	37.461	33.293	32.204	30.447	28.937	25.877	26.043	26.457	23.709	19.654	20.766	22.246	18.991	16.126	19.906	19.744	13.145	16.120	18.892	17.046	11.367	15.384	17.864	14.918	11.361	16.299	18.226	13.321	16.012	11.570	13.428	45.135	42.807	40.127	36.951	35.567	31.468	31.433	28.729	27.412	25.779	23.816	22.962	21.036	17.831	16.107	13.068	13.017	14.216	14.315	10.689	8.682	12.362	11.742	7.218	9.500	12.606	10.964	8.109	12.287	14.541	13.512	13.281	13.844
44.621	49.069	50.572	52.386	50.617	51.730	49.090	46.572	43.284	43.048	40.736	39.243	38.339	36.491	34.526	33.698	32.392	30.220	28.898	28.238	26.234	24.225	23.690	22.380	19.929	17.774	18.401	16.441	14.178	13.864	13.221	10.493	8.616	9.691	8.191	5.158	5.444	6.967	4.301	1.345	0.995	1.348	3.420	6.068	8.503	10.141	40.812	36.624	37.053	32.646	32.285	31.062	30.008	26.363	26.299	27.553	25.422	20.558	22.124	24.764	21.799	18.126	22.552	23.201	16.403	19.578	22.588	21.125	15.412	19.215	21.901	19.131	15.261	20.176	22.206	17.139	19.203	14.677	16.575	43.805	41.663	38.691	35.562	34.532	30.404	30.690	28.450	27.146	24.914	23.404	23.260	20.914	17.687	16.960	13.661	12.258	14.906	16.162	12.678	9.640	13.843	14.523	10.161	10.754	14.692	14.174	10.002	13.593	16.759	15.984	15.340	15.373
44.191	48.503	50.520	52.491	50.192	51.526	48.900	46.982	43.483	43.988	42.129	40.591	39.082	37.484	36.007	34.673	32.939	31.394	30.290	28.768	26.793	25.620	24.704	22.533	20.822	20.272	18.892	16.439	15.564	15.502	13.369	10.879	11.356	11.374	8.268	6.776	8.804	8.605	4.478	3.625	1.348	0.997	1.341	3.508	6.136	7.831	44.562	40.359	41.023	36.721	35.859	34.609	32.989	29.358	30.153	31.183	28.249	23.970	25.925	27.361	23.960	21.319	25.463	24.824	18.099	21.909	24.191	21.527	16.122	20.709	22.296	18.771	15.785	20.490	21.415	15.365	18.644	12.990	17.908	47.950	45.989	43.261	39.926	39.078	34.959	35.425	33.119	31.534	29.557	28.154	27.541	24.988	22.208	21.088	17.704	16.832	19.538	20.178	16.022	14.074	18.160	17.977	13.493	15.007	18.632	16.716	12.880	17.423	20.106	18.237	16.537	17.265
50.359	54.805	56.766	58.632	56.363	57.520	54.783	52.770	49.222	49.364	47.371	45.645	44.398	42.909	41.130	39.775	38.379	36.719	35.258	33.969	32.248	30.687	29.551	27.811	26.062	24.579	23.613	21.690	20.374	19.577	17.801	15.661	15.096	14.430	11.924	10.190	10.788	9.992	6.428	6.060	3.420	1.341	1.080	1.350	4.135	5.575	49.058	44.856	45.184	40.874	40.140	38.649	37.242	33.889	34.101	34.860	32.211	27.928	29.197	30.874	27.607	24.697	28.497	28.148	21.712	24.431	26.819	24.668	19.362	22.633	24.730	21.811	17.661	22.237	23.699	18.214	19.394	14.672	18.318	52.200	50.048	47.148	44.036	42.924	38.744	38.900	36.456	35.208	33.207	31.446	31.005	28.863	25.631	24.304	21.132	20.474	22.131	22.570	19.198	16.543	20.165	19.658	15.349	15.985	19.626	17.767	12.138	17.292	20.225	18.028	15.595	15.484
53.148	57.410	59.050	61.080	59.170	60.496	57.914	55.596	52.278	52.343	50.160	48.668	47.557	45.768	43.972	42.975	41.503	39.535	38.299	37.317	35.309	33.601	32.899	31.251	29.084	27.410	27.284	25.157	23.416	23.028	21.721	19.132	18.133	18.297	16.133	13.718	14.222	14.287	10.871	9.568	6.068	3.508	1.350	0.997	1.345	3.736	50.211	46.134	46.669	42.242	42.014	40.812	39.726	36.081	36.016	37.257	35.066	30.306	31.707	34.188	31.084	27.655	31.803	32.066	25.414	28.208	30.968	29.122	23.612	26.904	29.334	26.509	22.228	26.853	28.537	23.152	24.096	19.595	22.561	53.023	50.950	47.798	44.839	43.882	39.671	39.976	37.852	36.754	34.342	32.784	32.894	30.656	27.292	26.593	23.372	21.867	24.157	25.329	22.145	18.762	22.572	23.022	18.771	18.247	22.614	21.695	15.155	19.532	23.582	21.846	19.585	18.702
54.090	58.203	59.774	61.955	60.121	61.615	59.139	56.782	53.579	53.784	51.606	50.254	49.081	47.173	45.495	44.607	42.991	40.968	39.958	38.975	36.807	35.209	34.711	32.940	30.688	29.333	29.259	26.914	25.234	25.184	23.887	21.120	20.186	20.865	18.601	16.163	16.957	17.321	13.819	12.204	8.503	6.136	4.135	1.345	0.960	1.346	51.226	47.228	47.960	43.498	43.433	42.448	41.419	37.605	37.553	39.075	36.994	32.080	33.736	36.361	33.324	29.839	34.175	34.506	27.761	30.889	33.644	31.704	26.190	29.829	32.072	29.089	25.138	29.746	31.157	25.614	26.877	22.066	25.648	53.963	51.978	48.775	45.847	45.045	40.839	41.336	39.416	38.288	35.727	34.388	34.633	32.262	28.980	28.627	25.361	23.461	26.238	27.744	24.413	21.095	25.037	25.833	21.569	21.009	25.544	24.755	18.376	22.430	26.729	25.042	22.626	21.654
55.357	59.424	61.082	63.254	61.321	62.822	60.327	58.013	54.797	55.037	52.895	51.511	50.319	48.471	46.806	45.850	44.253	42.289	41.244	40.208	38.106	36.550	35.960	34.174	32.028	30.667	30.441	28.162	26.610	26.429	25.021	22.422	21.540	21.957	19.674	17.438	18.054	18.085	14.750	13.558	10.141	7.831	5.575	3.736	1.346	0.996	52.794	48.840	49.522	45.121	44.989	43.887	42.811	39.048	39.000	40.446	38.311	33.509	35.057	37.496	34.459	31.114	35.257	35.429	28.864	31.751	34.330	32.373	26.991	30.361	32.474	29.514	25.540	29.992	31.306	25.889	26.796	22.119	25.692	55.503	53.526	50.325	47.465	46.646	42.457	42.893	40.907	39.802	37.296	35.884	36.081	33.797	30.490	30.032	26.824	25.042	27.566	28.897	25.673	22.416	26.125	26.688	22.576	21.950	26.294	25.221	18.705	22.887	27.048	25.149	22.471	21.368
24.172	27.462	25.497	25.650	26.624	26.704	25.915	20.924	20.507	18.755	14.894	15.995	19.255	17.467	12.972	18.193	20.354	15.194	15.800	21.015	21.769	17.566	21.943	24.781	23.452	23.433	26.793	28.768	27.177	28.323	31.340	32.551	30.064	33.746	36.330	36.509	36.552	39.212	41.405	41.767	40.812	44.562	49.058	50.211	51.226	52.794	1.036	1.348	3.850	5.661	8.060	10.395	12.521	13.678	11.839	15.845	17.820	19.210	21.619	21.949	24.071	26.069	26.961	27.662	29.859	31.766	33.484	32.628	35.127	37.756	38.924	39.627	41.177	43.621	43.774	44.175	47.677	46.174	44.116	2.024	3.918	5.823	4.233	8.216	11.091	13.097	15.843	12.406	14.726	18.090	18.367	17.253	21.629	23.282	24.958	25.798	27.247	26.421	29.397	31.695	31.874	31.773	35.739	37.213	37.912	38.899	41.589	41.749	42.454	45.510	49.374	50.442
23.887	27.769	26.442	26.737	27.181	27.250	25.951	21.112	20.071	18.176	14.389	15.000	17.902	15.829	11.216	16.010	17.974	12.313	12.651	17.976	18.459	13.802	18.299	21.095	19.521	19.269	22.776	24.727	22.918	24.066	27.126	28.309	25.739	29.458	32.042	32.205	32.242	34.908	37.106	37.476	36.624	40.359	44.856	46.134	47.228	48.840	1.348	0.960	1.347	2.263	4.268	7.401	9.377	9.787	7.707	12.127	13.972	14.994	17.777	18.491	20.210	22.022	23.360	24.169	25.964	27.884	29.877	28.881	31.064	33.866	35.240	35.720	37.172	39.708	39.994	40.144	43.715	42.054	40.111	5.338	4.657	5.404	2.741	5.589	7.871	9.990	12.494	8.913	10.955	14.327	14.605	12.958	17.477	19.033	20.636	21.599	23.136	22.442	25.186	27.446	27.849	27.723	31.540	33.058	33.891	34.857	37.442	37.685	38.575	41.451	45.282	46.342
24.566	28.539	27.453	27.352	27.340	27.019	25.487	20.919	19.474	16.717	13.381	12.968	16.341	15.461	10.099	14.545	17.256	12.953	11.818	17.411	18.919	14.636	17.951	21.190	20.635	19.336	22.763	25.153	23.516	23.880	27.207	28.892	25.829	29.238	32.073	32.549	31.997	34.653	37.089	37.461	37.053	41.023	45.184	46.669	47.960	49.522	3.850	1.347	0.960	1.351	3.690	4.534	7.520	9.461	6.869	10.160	12.601	14.404	15.722	16.283	18.893	20.791	21.096	22.418	24.739	26.220	27.991	27.873	30.170	32.478	33.727	34.893	36.238	38.490	38.898	39.754	42.774	41.327	38.713	7.129	5.246	6.158	4.432	5.245	6.678	7.985	9.740	6.084	9.748	12.416	12.069	12.509	16.590	18.102	20.402	21.514	21.856	20.491	24.203	26.590	25.971	26.225	30.416	31.705	32.046	33.367	36.105	35.913	36.633	39.888	43.912	44.787
25.537	29.693	28.768	28.975	28.998	28.899	27.217	22.656	21.124	18.638	15.263	14.784	17.571	16.009	10.871	14.589	17.081	12.092	10.469	16.171	17.220	12.056	15.409	18.700	17.508	15.735	19.501	21.800	19.682	20.081	23.496	25.008	21.667	25.347	28.152	28.369	27.881	30.646	33.042	33.293	32.646	36.721	40.874	42.242	43.498	45.121	5.661	2.263	1.351	0.997	1.349	3.328	5.938	6.766	3.175	7.138	9.398	10.688	12.520	13.615	15.679	17.251	18.256	19.783	21.519	22.940	25.115	24.961	26.675	29.213	30.824	31.655	32.783	35.199	35.920	36.286	39.419	37.715	35.275	9.287	7.008	5.879	2.598	3.096	3.310	5.516	7.639	3.756	5.844	8.946	9.050	8.328	12.485	14.168	16.384	17.149	17.955	17.094	20.398	22.645	22.460	22.729	26.660	27.955	28.610	29.875	32.446	32.352	33.382	36.377	40.343	41.186
22.332	26.864	26.565	26.716	26.096	25.933	23.803	19.657	17.622	14.924	11.873	10.931	13.414	11.948	6.889	10.340	12.735	8.318	6.496	12.012	13.313	8.865	12.067	15.247	14.785	13.387	16.765	19.136	17.761	18.095	21.305	23.097	20.563	23.608	26.358	27.188	26.798	29.192	31.582	32.204	32.285	35.859	40.140	42.014	43.433	44.989	8.060	4.268	3.690	1.349	0.960	1.340	2.891	3.751	3.019	4.973	6.848	8.702	10.743	11.178	13.161	15.217	16.089	17.025	19.027	20.809	22.664	22.124	24.438	26.888	28.225	29.099	30.527	32.841	33.184	33.880	37.032	35.587	33.256	12.568	10.751	10.488	7.155	7.645	7.282	9.216	9.595	4.184	8.210	10.531	8.388	8.099	12.531	13.243	15.031	17.177	17.750	15.772	18.881	21.603	21.717	20.918	25.197	26.987	27.214	28.044	30.952	31.451	31.557	34.723	38.623	39.931
24.697	29.255	29.239	29.035	28.084	27.554	25.292	21.280	19.158	15.963	13.075	11.624	14.357	13.459	8.224	10.477	13.794	10.439	6.588	12.159	13.943	9.380	10.428	14.501	14.628	11.517	14.891	17.789	16.571	16.168	19.474	21.566	18.993	21.460	24.479	25.687	24.967	27.203	29.718	30.447	31.062	34.609	38.649	40.812	42.448	43.887	10.395	7.401	4.534	3.328	1.340	1.080	1.351	3.337	2.644	2.099	4.209	6.502	7.784	7.750	10.387	12.528	12.739	13.968	16.229	17.846	19.443	19.572	21.863	23.987	25.263	26.493	27.880	30.012	30.479	31.540	34.350	33.081	30.401	14.289	11.868	11.607	9.160	8.048	6.978	7.984	7.356	2.483	7.360	9.309	5.785	7.251	11.189	11.473	13.427	15.784	15.798	13.102	16.603	19.503	19.261	18.160	22.775	24.642	24.392	25.254	28.370	28.854	28.446	31.927	35.887	37.280
