0.995	1.350	4.034	5.947	2.295	1.868	2.634	2.535	3.192	8.306	9.572	13.292	11.576	9.011	13.038	15.270	11.264	12.964	16.688	17.867	15.933	17.748	21.187	21.225	20.714	24.722	26.361	25.648	28.592	30.531	31.450	33.031	33.894	36.332	37.484	38.949	40.702	42.020	43.251	44.892	45.371	48.466	48.351	51.178	53.639	54.486	20.824	19.640	15.162	17.170	16.923	20.440	20.962	17.169	21.613	24.086	23.943	22.913	27.372	28.143	28.610	30.427	32.647	32.131	33.411	36.118	37.768	35.761	38.762	41.734	41.647	42.948	45.124	47.193	45.431	49.215	50.127	45.590	47.084	24.379	23.889	21.892	24.460	25.469	21.826	25.850	28.458	25.514	25.067	28.974	30.251	25.680	28.247	31.985	30.924	28.788	33.989	36.162	34.703	35.802	39.392	39.535	39.677	42.147	44.599	44.401	45.274	47.602	49.253	50.030	50.836	55.298
1.350	0.960	1.350	2.765	1.872	2.397	5.399	7.142	9.629	13.699	14.356	18.278	17.547	15.587	19.251	21.714	18.314	19.725	23.612	24.933	23.162	24.571	28.296	28.336	27.622	31.773	33.506	32.602	35.524	37.544	38.543	39.949	40.696	43.327	44.454	45.825	47.622	48.991	50.140	51.764	51.990	55.071	54.844	57.734	60.125	60.898	25.258	24.339	19.822	22.544	22.712	25.891	26.844	23.656	27.668	30.280	30.485	29.609	33.886	34.756	35.411	37.167	39.314	38.999	40.335	42.951	44.589	42.792	45.703	48.640	48.603	49.983	52.053	54.137	52.429	56.199	57.060	52.558	53.810	28.956	28.483	26.770	29.580	30.531	26.969	30.973	33.686	31.270	30.615	34.500	36.109	31.932	33.959	37.871	37.391	34.884	39.876	42.295	41.174	41.890	45.521	46.047	46.095	48.275	50.862	50.970	51.558	53.597	55.696	56.489	56.852	61.662
4.034	1.350	0.997	1.352	3.138	2.698	5.395	8.546	10.765	14.279	15.368	18.962	17.956	16.811	20.736	22.703	18.930	21.783	25.061	25.756	24.213	26.722	29.750	29.116	29.377	33.426	34.618	33.727	37.165	39.117	39.579	41.360	42.636	44.739	45.622	47.289	49.153	50.200	51.385	53.215	53.907	56.915	56.571	59.197	61.575	62.242	28.363	27.478	22.959	25.618	25.127	28.188	28.828	25.815	30.239	32.420	32.266	31.870	35.988	36.295	37.044	39.055	41.051	40.136	41.949	44.635	45.989	43.785	47.257	50.129	49.514	51.105	53.516	55.403	53.171	57.435	58.533	53.975	55.842	31.476	30.422	28.883	31.965	33.260	29.907	33.987	36.621	33.715	33.720	37.567	38.876	34.653	37.140	40.870	39.864	37.819	42.939	45.140	43.661	44.765	48.387	48.472	48.576	51.102	53.554	53.230	54.067	56.502	58.087	58.790	59.513	63.930
5.947	2.765	1.352	0.997	1.349	3.007	6.937	9.481	10.134	14.639	16.411	19.912	17.833	16.295	20.476	22.325	17.615	20.576	24.035	24.377	22.421	25.095	28.227	27.060	27.156	31.578	32.853	31.392	35.042	37.165	37.584	39.082	40.628	42.735	43.410	45.019	47.019	48.111	49.066	50.958	51.497	54.445	53.946	56.561	58.862	59.500	29.327	28.002	23.564	25.413	24.987	28.501	28.764	25.011	29.575	31.942	31.471	30.515	35.059	35.513	35.930	37.821	40.061	39.048	40.366	43.303	44.830	42.321	45.571	48.712	48.206	49.406	51.871	53.938	51.706	55.683	56.679	52.090	53.898	32.862	32.175	30.043	32.661	33.764	30.101	34.112	36.694	33.555	33.163	37.056	38.218	33.425	36.010	39.805	38.401	36.088	41.464	43.682	41.790	42.788	46.622	46.793	46.439	49.023	51.597	51.159	51.726	54.363	56.054	56.493	57.037	61.431
2.295	1.872	3.138	1.349	0.997	1.349	4.300	5.770	6.308	11.010	12.712	16.254	14.327	12.528	16.650	18.665	14.356	16.829	20.431	21.166	19.322	21.437	24.863	24.310	24.021	28.302	29.783	28.712	31.927	34.002	34.718	36.217	37.294	39.703	40.661	42.118	44.002	45.258	46.350	48.070	48.396	51.452	51.142	53.964	56.353	57.089	24.629	23.223	18.867	20.804	20.830	24.354	24.803	21.103	25.368	27.977	27.755	26.715	31.226	31.870	32.369	34.173	36.422	35.666	37.005	39.805	41.391	39.181	42.300	45.349	45.036	46.354	48.631	50.707	48.702	52.620	53.559	49.005	50.485	28.565	28.232	25.949	28.423	29.323	25.555	29.477	32.128	29.362	28.549	32.458	33.881	29.266	31.423	35.368	34.489	31.871	37.065	39.477	38.028	38.724	42.500	42.994	42.775	45.086	47.693	47.638	48.145	50.381	52.431	53.067	53.414	58.147
1.868	2.397	2.698	3.007	1.349	0.997	1.346	3.748	5.793	9.696	10.763	14.512	13.436	11.798	15.747	17.871	14.479	16.907	20.158	21.237	19.821	22.030	25.067	25.036	25.163	28.906	30.211	29.771	32.875	34.697	35.351	37.235	38.214	40.414	41.516	43.158	44.888	46.007	47.343	49.078	49.813	52.887	52.733	55.422	57.886	58.649	24.749	23.454	18.992	21.032	20.217	23.459	23.940	20.817	25.363	27.477	27.352	27.034	31.066	31.437	32.205	34.234	36.215	35.447	37.323	39.886	41.271	39.282	42.698	45.462	44.993	46.679	48.979	50.841	48.789	53.019	54.101	49.573	51.368	27.824	26.856	24.743	27.567	28.922	25.465	29.588	32.139	28.900	29.147	32.998	34.133	29.908	32.672	36.259	35.159	33.408	38.508	40.557	39.161	40.473	43.953	43.855	44.258	46.821	49.164	48.839	49.918	52.318	53.701	54.579	55.547	59.899
2.634	5.399	5.395	6.937	4.300	1.346	0.997	1.349	3.333	6.318	7.557	10.850	10.152	8.995	12.956	14.874	11.718	14.556	17.481	18.503	17.370	19.853	22.533	22.724	23.167	26.583	27.674	27.692	30.683	32.373	32.952	35.043	36.027	38.073	39.263	40.981	42.635	43.679	45.142	46.886	47.826	50.912	50.872	53.518	56.028	56.859	23.296	21.900	17.559	19.367	18.007	21.129	21.364	18.484	23.150	25.017	24.740	24.791	28.616	28.675	29.567	31.715	33.578	32.625	34.785	37.309	38.542	36.581	40.206	42.844	42.212	44.104	46.441	48.186	46.065	50.481	51.654	47.144	49.138	25.696	24.149	22.204	25.210	26.907	23.655	27.802	30.245	26.617	27.427	31.205	32.034	27.893	31.040	34.421	33.023	31.719	36.768	38.629	37.147	38.770	42.138	41.715	42.359	45.057	47.281	46.762	48.120	50.607	51.653	52.634	53.891	58.043
2.535	7.142	8.546	9.481	5.770	3.748	1.349	0.997	1.342	3.627	3.791	7.794	7.724	5.863	9.057	11.600	9.890	11.022	14.161	15.915	15.124	16.462	19.542	20.633	20.528	23.640	25.066	25.569	27.960	29.488	30.547	32.522	32.855	35.299	36.773	38.383	39.830	41.075	42.659	44.233	44.947	48.121	48.331	51.173	53.741	54.720	17.825	16.380	12.089	14.150	13.076	16.028	16.741	14.252	18.525	20.502	20.702	20.889	24.461	24.868	25.921	27.988	29.712	29.401	31.451	33.768	35.100	33.740	37.011	39.490	39.282	41.241	43.280	45.027	43.373	47.555	48.572	44.184	45.749	20.474	19.397	17.225	20.036	21.540	18.292	22.412	24.916	21.675	22.408	26.146	27.264	23.518	26.412	29.802	29.054	27.739	32.492	34.381	33.405	34.979	38.118	37.883	38.903	41.314	43.494	43.330	44.751	46.851	48.086	49.330	50.538	54.930
3.192	9.629	10.765	10.134	6.308	5.793	3.333	1.342	1.080	1.348	2.915	6.149	4.902	2.805	6.807	8.736	5.698	8.290	11.056	12.229	11.391	13.773	16.228	16.884	17.395	20.453	21.468	21.991	24.712	26.250	26.909	29.111	29.938	31.962	33.288	35.038	36.580	37.627	39.200	40.912	41.940	45.063	45.170	47.826	50.373	51.297	19.186	17.254	13.088	14.109	12.162	15.439	15.312	12.275	17.046	18.860	18.401	18.579	22.306	22.354	23.176	25.342	27.240	26.295	28.448	30.933	32.196	30.294	33.912	36.484	35.941	37.850	40.142	41.871	39.862	44.234	45.409	40.931	42.968	21.335	20.008	17.306	19.898	21.590	18.282	22.451	24.729	20.666	21.819	25.511	25.990	21.840	25.356	28.525	26.866	25.963	30.911	32.602	31.101	32.984	36.223	35.552	36.445	39.197	41.325	40.696	42.291	44.773	45.584	46.699	48.166	52.207
8.306	13.699	14.279	14.639	11.010	9.696	6.318	3.627	1.348	0.997	1.348	2.660	2.430	2.106	4.511	6.111	6.594	8.107	10.028	11.502	12.180	14.023	15.765	17.143	18.487	20.433	20.997	22.839	25.022	26.014	26.821	29.365	29.765	31.590	33.257	35.174	36.358	37.301	39.202	40.891	42.190	45.385	45.826	48.416	51.069	52.123	19.093	16.925	13.112	13.962	10.882	13.765	13.004	11.210	15.663	16.826	16.559	17.878	20.748	20.075	21.559	23.943	25.216	24.319	27.139	29.492	30.208	28.958	32.866	35.005	34.069	36.736	38.946	40.238	38.232	43.106	44.459	40.179	42.389	20.151	17.680	15.374	17.973	20.315	17.314	21.550	23.551	18.883	21.295	24.686	24.642	21.079	25.239	27.940	26.240	26.330	30.774	31.963	30.839	33.325	36.111	34.905	36.612	39.340	41.187	40.391	42.588	44.947	45.184	46.759	48.691	52.518
9.572	14.356	15.368	16.411	12.712	10.763	7.557	3.791	2.915	1.348	1.080	1.343	3.192	2.481	2.148	4.434	6.195	6.759	8.041	10.052	11.423	12.088	13.928	15.840	17.070	18.547	19.390	21.624	23.340	24.076	25.345	27.772	27.625	29.717	31.602	33.464	34.414	35.576	37.535	39.090	40.213	43.488	44.133	46.841	49.518	50.695	14.852	12.768	9.203	10.560	7.591	10.236	9.791	8.310	12.543	13.721	13.705	15.243	17.848	17.521	19.016	21.344	22.612	22.276	24.820	27.022	28.005	27.156	30.660	32.702	32.366	34.776	36.798	38.231	36.719	41.150	42.293	38.122	40.020	16.127	14.465	11.763	14.459	16.569	13.753	17.912	20.021	15.567	18.144	21.451	21.468	18.154	22.350	24.950	23.570	23.857	28.025	29.134	28.303	30.878	33.454	32.273	34.307	36.881	38.639	38.027	40.304	42.477	42.729	44.493	46.477	50.393
13.292	18.278	18.962	19.912	16.254	14.512	10.850	7.794	6.149	2.660	1.343	1.080	1.348	3.176	2.574	2.129	4.520	6.254	6.697	8.076	10.174	11.477	12.230	14.060	16.096	17.046	17.161	19.995	21.850	22.207	23.226	26.007	26.118	27.604	29.581	31.623	32.447	33.351	35.487	37.155	38.667	41.891	42.550	45.062	47.772	48.923	16.720	14.429	11.229	11.628	7.468	9.842	8.639	7.939	12.089	12.397	12.123	14.095	16.504	15.323	17.021	19.541	20.546	19.655	22.620	24.947	25.544	24.538	28.458	30.418	29.613	32.302	34.471	35.718	33.914	38.689	40.074	35.937	38.315	16.911	14.393	11.561	13.705	16.498	13.957	18.149	19.799	14.770	18.315	21.326	20.724	17.651	22.348	24.616	22.543	23.552	27.607	28.128	27.262	30.277	32.738	30.984	33.248	36.006	37.600	36.545	39.184	41.569	41.257	43.152	45.386	49.022
11.576	17.547	17.956	17.833	14.327	13.436	10.152	7.724	4.902	2.430	3.192	1.348	0.960	1.349	3.270	2.470	2.008	4.334	6.050	6.696	7.790	10.072	11.246	12.343	14.334	15.993	16.089	18.147	20.452	21.353	21.880	24.609	25.367	26.801	28.396	30.408	31.639	32.414	34.333	36.109	37.669	40.807	41.194	43.650	46.335	47.363	19.734	17.221	13.557	13.706	9.965	12.744	10.897	8.524	13.305	14.144	12.892	14.257	17.310	16.335	17.448	19.879	21.453	19.954	22.694	25.199	26.008	24.236	28.307	30.581	29.640	32.021	34.351	35.807	33.669	38.416	39.825	35.460	38.006	20.394	18.345	15.083	16.857	19.374	16.442	20.702	22.303	16.926	19.687	22.882	22.017	18.192	22.856	25.263	22.565	23.144	27.676	28.492	27.007	29.814	32.616	30.985	32.594	35.555	37.355	36.122	38.523	41.106	40.975	42.499	44.635	48.174
9.011	15.587	16.811	16.295	12.528	11.798	8.995	5.863	2.805	2.106	2.481	3.176	1.349	0.960	1.352	3.270	2.607	2.056	4.344	6.168	6.565	7.881	9.864	11.428	12.352	14.356	15.471	16.972	18.947	20.121	21.176	23.423	23.750	25.875	27.478	29.255	30.527	31.690	33.430	35.030	36.114	39.333	39.773	42.473	45.150	46.261	17.234	14.722	10.608	10.722	7.827	11.351	9.762	6.163	11.101	12.756	11.791	12.198	15.729	15.803	16.499	18.661	20.604	19.912	21.902	24.293	25.677	24.084	27.449	29.928	29.753	31.601	33.711	35.451	33.850	37.952	39.032	34.637	36.585	19.111	18.087	14.615	16.085	17.545	14.118	18.288	20.113	15.154	16.884	20.289	19.941	15.777	20.034	22.723	20.509	20.450	25.106	26.405	24.920	27.328	30.263	29.147	30.519	33.321	35.253	34.455	36.495	38.935	39.300	40.709	42.607	46.438
13.038	19.251	20.736	20.476	16.650	15.747	12.956	9.057	6.807	4.511	2.148	2.574	3.270	1.352	0.997	1.351	3.270	2.455	1.909	4.295	6.126	6.539	7.713	9.816	11.400	12.358	13.267	15.642	17.190	17.845	19.196	21.583	21.456	23.509	25.385	27.241	28.198	29.388	31.320	32.858	34.028	37.319	37.989	40.680	43.422	44.632	12.880	10.073	6.350	6.305	2.625	5.688	4.291	2.537	6.641	7.958	7.884	9.356	11.938	11.925	13.177	15.444	16.893	16.686	18.871	21.126	22.345	21.273	24.610	26.827	26.749	28.813	30.816	32.418	31.035	35.162	36.237	31.984	33.933	14.168	13.162	9.380	10.274	12.072	8.975	13.225	14.992	9.967	12.674	15.876	15.599	12.259	16.661	19.100	17.658	18.278	22.237	23.214	22.397	25.170	27.625	26.325	28.358	31.043	32.753	31.960	34.346	36.630	36.695	38.449	40.574	44.348
15.270	21.714	22.703	22.325	18.665	17.871	14.874	11.600	8.736	6.111	4.434	2.129	2.470	3.270	1.351	0.997	1.350	3.293	2.365	2.031	4.452	6.291	6.598	7.953	10.298	11.480	11.281	13.912	15.963	16.542	17.190	20.007	20.684	21.915	23.653	25.714	26.795	27.562	29.581	31.334	32.993	36.157	36.659	39.084	41.828	42.921	18.493	15.728	12.171	11.523	7.383	9.826	6.753	5.370	9.578	9.202	8.063	10.042	12.664	10.750	12.425	15.003	15.991	14.501	17.605	20.099	20.485	19.116	23.244	25.365	24.279	26.908	29.219	30.483	28.467	33.299	34.765	30.470	33.151	19.110	17.198	13.532	13.735	16.177	13.601	17.676	18.549	12.672	16.490	19.342	17.673	14.400	19.412	21.479	18.217	19.388	23.816	24.062	22.587	25.747	28.413	26.376	28.151	31.205	32.884	31.388	34.034	36.678	36.219	37.866	40.155	43.574
11.264	18.314	18.930	17.615	14.356	14.479	11.718	9.890	5.698	6.594	6.195	4.520	2.008	2.607	3.270	1.350	0.997	1.350	3.272	2.625	2.017	4.487	6.115	6.770	8.388	10.381	11.111	12.270	14.638	15.986	16.550	18.914	19.946	21.615	22.971	24.816	26.286	27.279	28.916	30.645	31.992	35.128	35.399	37.940	40.652	41.680	20.480	17.472	13.771	12.422	9.522	12.546	9.892	6.371	11.072	12.487	10.107	10.137	14.173	13.796	13.876	15.989	18.183	16.812	18.433	21.175	22.607	20.215	23.716	26.521	26.120	27.573	29.956	31.824	29.906	33.960	35.118	30.591	32.936	21.718	20.470	16.622	17.155	18.712	15.470	19.369	20.528	15.404	17.026	20.268	19.043	14.597	19.151	21.530	17.968	18.187	23.133	24.125	21.898	24.591	27.671	26.186	27.118	30.243	32.207	30.878	32.987	35.739	35.830	37.007	39.062	42.564
12.964	19.725	21.783	20.576	16.829	16.907	14.556	11.022	8.290	8.107	6.759	6.254	4.334	2.056	2.455	3.293	1.350	0.997	1.351	3.277	2.666	2.119	4.189	6.085	6.659	8.304	9.971	11.438	12.946	14.181	15.615	17.540	17.720	20.053	21.690	23.336	24.618	25.947	27.622	29.119	30.037	33.310	33.808	36.593	39.335	40.522	14.741	11.192	8.030	5.974	4.508	8.353	7.325	2.504	6.968	9.314	7.951	6.917	11.293	11.969	11.784	13.569	15.915	15.521	16.505	19.101	20.890	19.117	21.875	24.722	25.104	26.268	28.256	30.286	29.083	32.512	33.412	28.955	30.698	17.124	17.259	13.241	13.321	13.698	9.902	13.710	15.668	11.519	11.666	15.257	15.330	10.642	14.439	17.439	14.934	14.500	19.453	20.938	19.078	21.371	24.490	23.424	24.507	27.374	29.378	28.492	30.471	32.972	33.385	34.684	36.548	40.409
16.688	23.612	25.061	24.035	20.431	20.158	17.481	14.161	11.056	10.028	8.041	6.697	6.050	4.344	1.909	2.365	3.272	1.351	0.997	1.351	3.242	2.832	1.936	4.195	6.176	6.667	7.463	9.847	11.421	11.936	13.287	15.675	15.741	17.542	19.436	21.317	22.226	23.429	25.366	26.912	28.244	31.488	32.168	34.796	37.596	38.820	17.212	14.442	11.733	9.328	5.915	6.365	2.993	2.214	4.927	5.033	2.615	4.366	6.994	6.011	6.917	9.329	10.875	10.408	12.558	14.804	15.964	15.220	18.403	20.454	20.535	22.613	24.553	26.065	24.981	28.962	30.029	25.895	27.998	17.961	16.815	12.798	11.392	12.731	10.629	13.982	13.985	8.421	11.677	14.459	12.262	8.962	14.082	15.946	12.590	14.318	18.328	18.267	17.182	20.537	22.937	20.790	23.031	25.949	27.472	26.212	28.918	31.460	30.931	32.817	35.124	38.692
17.867	24.933	25.756	24.377	21.166	21.237	18.503	15.915	12.229	11.502	10.052	8.076	6.696	6.168	4.295	2.031	2.625	3.277	1.351	0.997	1.350	3.328	2.633	2.125	4.654	6.344	6.182	7.931	10.195	11.293	11.540	14.153	15.523	16.708	18.032	19.996	21.441	22.285	23.979	25.768	27.405	30.521	30.833	33.248	36.041	37.113	21.084	17.940	14.840	12.542	9.558	11.375	8.177	5.560	9.313	10.178	7.089	7.728	11.299	9.970	9.772	12.161	14.185	12.144	13.872	16.812	18.022	15.379	18.991	21.888	21.336	22.636	25.150	27.038	25.058	29.033	30.243	25.683	28.368	22.262	21.366	17.265	16.527	17.600	14.859	18.406	18.714	13.510	15.560	18.630	16.577	12.695	17.495	19.511	14.734	15.619	20.562	20.839	18.146	21.444	24.360	22.276	23.181	26.533	28.370	26.490	28.933	31.771	31.463	32.647	34.934	38.157
15.933	23.162	24.213	22.421	19.322	19.821	17.370	15.124	11.391	12.180	11.423	10.174	7.790	6.565	6.126	4.452	2.017	2.666	3.242	1.350	0.997	1.349	3.242	2.592	2.409	4.885	6.470	6.607	8.647	10.434	11.467	13.118	14.294	16.196	17.484	19.053	20.672	21.965	23.362	24.966	25.990	29.153	29.378	32.057	34.821	35.924	21.472	17.641	14.989	12.081	10.581	13.045	10.192	6.443	10.173	11.909	8.953	7.099	11.972	12.283	10.726	12.578	15.265	14.108	13.822	17.329	19.305	16.520	18.956	22.444	22.814	23.085	25.331	27.668	26.269	29.247	30.110	25.528	27.511	23.562	23.267	19.066	18.331	18.796	15.526	18.822	19.086	14.849	14.970	18.092	16.357	11.558	15.874	18.121	13.540	13.278	18.633	19.629	16.424	19.184	22.496	21.142	21.318	24.607	26.692	25.266	27.070	29.973	30.285	31.127	33.120	36.587
17.748	24.571	26.722	25.095	21.437	22.030	19.853	16.462	13.773	14.023	12.088	11.477	10.072	7.881	6.539	6.291	4.487	2.119	2.832	3.328	1.349	0.997	1.351	3.188	2.453	2.243	4.571	6.270	7.011	8.148	10.023	11.681	11.641	14.099	15.848	17.347	18.581	20.059	21.721	23.096	23.920	27.239	27.855	30.691	33.514	34.809	17.343	13.217	11.703	7.664	7.199	8.849	7.214	2.607	4.681	7.555	5.820	2.357	7.293	8.862	7.613	8.869	11.605	11.517	10.897	14.147	16.331	14.348	16.232	19.565	20.542	20.848	22.656	25.053	24.307	26.887	27.630	23.138	24.731	19.538	20.076	15.855	14.052	13.598	10.494	13.223	13.423	9.534	9.179	12.326	11.158	6.146	10.603	12.963	9.478	9.414	14.307	15.542	13.353	15.923	18.949	17.780	18.656	21.694	23.658	22.507	24.599	27.235	27.453	28.669	30.750	34.398
21.187	28.296	29.750	28.227	24.863	25.067	22.533	19.542	16.228	15.765	13.928	12.230	11.246	9.864	7.713	6.598	6.115	4.189	1.936	2.633	3.242	1.351	0.997	1.351	3.208	2.493	1.922	4.329	6.070	6.381	7.501	9.897	10.644	11.607	13.548	15.498	16.408	17.301	19.449	21.074	22.713	25.880	26.520	28.993	31.811	33.074	21.227	17.807	15.894	12.223	10.454	10.094	7.123	5.245	7.273	6.348	3.008	3.414	6.051	3.798	2.816	5.382	6.910	4.611	6.854	9.493	10.387	8.411	12.395	14.600	13.950	16.088	18.331	19.813	18.111	22.457	23.914	19.766	22.710	22.414	21.814	17.752	15.143	15.965	14.069	16.807	15.412	10.766	12.699	15.254	11.399	8.706	13.322	14.914	9.695	11.684	16.054	15.040	13.388	17.162	19.660	16.661	18.506	21.841	23.242	21.203	24.159	26.915	25.984	27.702	30.116	33.358
21.225	28.336	29.116	27.060	24.310	25.036	22.724	20.633	16.884	17.143	15.840	14.060	12.343	11.428	9.816	7.953	6.770	6.085	4.195	2.125	2.592	3.188	1.351	0.997	1.351	3.242	2.433	2.068	4.448	6.138	6.283	8.165	10.117	11.347	12.369	14.111	15.829	16.889	18.258	20.006	21.513	24.582	24.777	27.236	30.080	31.163	24.119	20.441	18.509	14.836	13.214	13.787	10.912	8.040	10.729	11.244	8.080	6.685	10.704	10.306	8.085	10.307	12.796	10.526	10.051	14.104	15.831	12.135	14.599	18.470	18.386	18.294	20.843	23.253	21.414	24.416	25.333	20.721	23.254	25.665	25.356	21.151	19.212	19.588	17.107	19.913	19.174	14.920	15.604	18.434	15.438	11.678	15.962	17.662	12.083	12.458	17.673	17.727	13.547	17.253	20.294	18.115	18.041	21.669	23.587	21.287	23.503	26.503	26.330	27.043	29.342	32.362
20.714	27.622	29.377	27.156	24.021	25.163	23.167	20.528	17.395	18.487	17.070	16.096	14.334	12.352	11.400	10.298	8.388	6.659	6.176	4.654	2.409	2.453	3.208	1.351	0.997	1.351	3.303	2.573	2.158	4.383	6.100	6.971	7.894	10.058	11.497	12.703	14.280	15.882	17.218	18.587	19.350	22.561	22.972	25.802	28.652	29.936	22.760	18.342	17.398	13.089	13.075	14.214	12.246	8.174	9.707	12.162	9.377	5.839	10.664	11.527	8.351	9.411	12.514	11.449	8.431	13.119	15.503	12.639	13.227	17.578	18.809	17.837	19.647	22.556	21.863	23.515	24.068	19.542	21.112	25.148	25.793	21.566	19.411	18.853	15.773	17.816	17.396	13.822	13.112	15.598	13.373	8.617	11.961	14.126	9.310	7.925	13.577	14.689	10.397	13.248	16.782	15.404	14.974	18.449	20.543	18.788	20.603	23.572	23.846	24.521	26.610	29.980
24.722	31.773	33.426	31.578	28.302	28.906	26.583	23.640	20.453	20.433	18.547	17.046	15.993	14.356	12.358	11.480	10.381	8.304	6.667	6.344	4.885	2.243	2.493	3.242	1.351	0.997	1.352	3.234	2.601	1.904	4.152	6.033	4.753	7.746	9.687	11.218	11.885	13.704	15.497	16.730	17.103	20.698	21.922	24.803	27.680	29.114	22.010	18.453	18.313	13.441	12.763	11.617	10.077	7.399	7.084	7.556	4.751	2.265	4.696	6.016	3.234	1.825	5.706	6.521	3.671	6.512	9.402	8.951	8.706	12.069	14.098	14.302	15.001	17.816	18.426	19.843	20.108	16.055	16.493	23.425	23.735	19.823	15.970	15.716	13.625	14.397	12.439	9.429	10.012	10.264	6.884	5.002	7.970	7.816	2.151	5.416	8.612	7.507	5.483	9.432	11.623	8.984	11.296	14.182	15.561	14.374	17.050	19.570	19.111	21.003	23.381	27.166
26.361	33.506	34.618	32.853	29.783	30.211	27.674	25.066	21.468	20.997	19.390	17.161	16.089	15.471	13.267	11.281	11.111	9.971	7.463	6.182	6.470	4.571	1.922	2.433	3.303	1.352	0.997	1.351	3.300	2.363	1.807	4.299	6.144	6.578	7.680	9.739	11.201	12.054	13.644	15.428	17.491	20.510	20.962	23.245	26.193	27.465	25.679	22.086	21.138	16.781	15.637	14.655	12.056	10.053	10.944	10.278	6.774	6.093	8.935	6.868	4.365	6.474	8.611	5.092	5.291	8.904	10.304	6.524	9.742	13.088	12.746	13.139	15.758	17.875	16.009	19.353	20.382	15.773	18.818	27.004	26.559	22.592	19.414	19.973	17.990	19.902	18.287	14.468	15.279	17.156	13.384	10.554	14.498	15.287	9.446	11.046	15.587	14.525	11.100	15.400	17.899	14.567	15.137	18.889	20.340	17.245	20.197	23.118	22.216	23.133	25.640	28.422
25.648	32.602	33.727	31.392	28.712	29.771	27.692	25.569	21.991	22.839	21.624	19.995	18.147	16.972	15.642	13.912	12.270	11.438	9.847	7.931	6.607	6.270	4.329	2.068	2.573	3.234	1.351	0.997	1.352	3.327	2.617	2.217	4.572	6.291	6.850	8.117	10.141	11.471	12.467	14.085	15.499	18.470	18.639	21.164	24.105	25.344	27.970	24.036	23.126	18.736	17.968	17.591	15.251	12.541	13.602	13.996	10.516	8.626	12.208	11.726	8.551	9.811	12.623	10.028	7.442	12.362	14.321	10.311	10.381	15.601	16.335	14.394	16.572	19.646	18.496	19.724	20.233	15.722	18.016	29.678	29.754	25.622	22.683	22.639	20.300	22.027	20.656	17.137	17.274	19.052	15.843	12.332	15.849	16.471	11.046	11.059	15.742	15.368	10.022	14.124	16.984	14.309	13.333	17.202	19.039	15.995	18.133	21.282	21.067	21.272	23.653	26.404
28.592	35.524	37.165	35.042	31.927	32.875	30.683	27.960	24.712	25.022	23.340	21.850	20.452	18.947	17.190	15.963	14.638	12.946	11.421	10.195	8.647	7.011	6.070	4.448	2.158	2.601	3.300	1.352	0.997	1.349	3.188	2.590	2.100	4.394	6.104	6.791	8.109	10.002	11.395	12.485	13.368	16.580	17.347	20.188	23.165	24.681	26.598	22.613	22.846	17.717	17.611	16.943	15.502	12.496	12.325	13.360	10.484	6.921	10.589	11.261	8.138	7.409	11.085	10.237	4.974	10.372	12.767	9.905	7.831	13.321	14.922	12.809	14.167	17.618	17.492	17.825	18.091	13.644	15.119	28.435	29.097	25.101	21.523	20.880	18.268	19.189	17.726	14.492	14.450	15.207	12.297	9.163	11.768	12.213	7.164	6.722	11.215	11.283	6.048	9.817	12.840	10.847	10.154	13.867	15.714	12.974	15.349	18.306	18.044	18.678	21.041	24.151
30.531	37.544	39.117	37.165	34.002	34.697	32.373	29.488	26.250	26.014	24.076	22.207	21.353	20.121	17.845	16.542	15.986	14.181	11.936	11.293	10.434	8.148	6.381	6.138	4.383	1.904	2.363	3.327	1.349	0.997	1.349	3.210	2.559	1.944	4.166	5.988	6.649	7.815	9.762	11.178	13.261	16.359	17.322	19.688	22.701	24.251	27.360	23.987	24.033	19.114	18.213	16.685	15.009	12.679	12.106	11.887	8.945	7.055	9.029	8.273	4.788	4.944	7.819	5.821	2.159	6.520	8.554	5.694	5.366	10.107	11.325	9.564	11.539	14.537	14.043	15.080	15.782	11.196	14.004	28.645	28.748	24.939	20.865	20.876	18.913	19.856	17.754	14.717	15.522	15.868	12.085	10.403	13.539	12.967	7.440	9.330	12.986	11.122	6.990	11.508	13.662	10.021	10.871	14.461	15.665	12.618	15.942	18.757	17.511	18.709	21.283	24.096
31.450	38.543	39.579	37.584	34.718	35.351	32.952	30.547	26.909	26.821	25.345	23.226	21.880	21.176	19.196	17.190	16.550	15.615	13.287	11.540	11.467	10.023	7.501	6.283	6.100	4.152	1.807	2.617	3.188	1.349	0.960	1.350	3.337	2.810	2.008	4.254	6.112	6.628	7.814	9.758	12.466	15.175	15.491	17.536	20.582	21.946	30.502	26.862	26.548	21.808	20.995	19.812	17.747	15.379	15.443	15.218	11.926	10.309	12.768	11.494	8.189	8.744	11.434	8.203	4.485	9.728	11.368	6.556	7.087	11.797	11.795	9.783	12.518	15.281	13.682	14.968	15.624	11.089	14.579	31.947	31.991	28.060	24.337	24.364	22.248	23.341	21.444	18.287	18.810	19.367	15.862	13.571	16.635	16.282	10.815	12.048	16.005	14.361	9.815	14.343	16.616	12.700	12.788	16.600	17.717	13.290	16.620	19.566	18.197	18.501	21.159	23.369
33.031	39.949	41.360	39.082	36.217	37.235	35.043	32.522	29.111	29.365	27.772	26.007	24.609	23.423	21.583	20.007	18.914	17.540	15.675	14.153	13.118	11.681	9.897	8.165	6.971	6.033	4.299	2.217	2.590	3.210	1.350	0.997	1.351	3.301	2.664	2.046	4.386	6.139	6.702	7.919	9.520	12.350	12.849	15.404	18.521	20.056	32.037	28.039	28.171	23.157	22.851	21.921	20.050	17.415	17.425	17.582	14.384	12.058	14.908	14.047	10.601	10.627	13.632	10.999	6.321	11.673	13.698	9.594	7.057	13.207	14.287	10.902	12.331	16.044	15.424	14.789	14.745	10.403	12.503	33.769	34.131	30.167	26.456	26.143	23.646	24.283	22.685	19.651	19.455	19.686	16.770	14.320	16.074	15.873	11.217	10.711	14.617	13.519	8.076	11.892	14.563	10.647	9.928	13.664	15.055	10.566	13.338	16.418	15.638	15.473	18.045	20.464
33.894	40.696	42.636	40.628	37.294	38.214	36.027	32.855	29.938	29.765	27.625	26.118	25.367	23.750	21.456	20.684	19.946	17.720	15.741	15.523	14.294	11.641	10.644	10.117	7.894	4.753	6.144	4.572	2.100	2.559	3.337	1.351	0.997	1.353	3.270	2.598	2.046	4.372	6.126	6.709	8.320	11.548	12.861	15.499	18.490	20.267	28.738	25.069	26.079	20.587	20.536	19.323	18.290	15.579	14.484	14.998	12.609	9.346	11.238	11.823	8.394	6.392	10.163	9.541	2.894	7.936	10.627	8.222	3.835	9.984	11.654	8.094	8.959	12.899	13.107	12.014	11.979	7.593	9.599	30.352	31.140	27.394	23.113	22.424	19.913	19.934	18.058	15.478	15.174	14.689	11.760	10.218	11.233	10.270	6.037	6.494	9.438	7.645	2.736	6.826	9.037	5.602	5.034	8.784	10.245	7.620	10.043	12.895	12.613	13.465	15.855	18.956
36.332	43.327	44.739	42.735	39.703	40.414	38.073	35.299	31.962	31.590	29.717	27.604	26.801	25.875	23.509	21.915	21.615	20.053	17.542	16.708	16.196	14.099	11.607	11.347	10.058	7.746	6.578	6.291	4.394	1.944	2.810	3.301	1.353	0.976	1.352	3.243	2.549	1.956	4.287	5.933	9.363	12.166	13.157	14.876	17.868	19.439	32.923	29.530	29.866	24.783	24.041	22.264	20.557	18.514	17.675	16.851	14.184	12.503	12.935	11.432	8.407	8.391	8.800	6.086	2.610	6.096	5.717	2.202	2.360	5.561	4.656	2.555	5.821	7.845	5.350	8.446	10.475	5.853	10.246	34.043	33.921	30.361	25.829	26.172	24.273	24.732	22.443	19.768	20.287	19.864	16.367	15.301	17.061	15.728	10.920	12.488	15.355	12.619	8.519	12.751	14.394	9.242	10.465	14.022	14.240	9.818	13.998	16.748	14.267	15.315	18.099	20.006
37.484	44.454	45.622	43.410	40.661	41.516	39.263	36.773	33.288	33.257	31.602	29.581	28.396	27.478	25.385	23.653	22.971	21.690	19.436	18.032	17.484	15.848	13.548	12.369	11.497	9.687	7.680	6.850	6.104	4.166	2.008	2.664	3.270	1.352	0.997	1.349	3.267	2.532	1.997	4.229	7.877	10.147	10.432	12.056	15.208	16.790	35.513	31.962	32.108	27.116	26.442	25.004	23.196	20.885	20.396	20.002	17.032	15.262	16.589	15.306	11.897	12.034	13.958	11.027	6.081	11.103	12.032	8.134	5.810	11.209	11.499	7.751	10.242	13.361	11.518	10.890	11.149	6.969	10.880	36.872	37.007	33.238	29.044	29.022	26.917	27.443	25.298	22.547	22.919	22.582	19.257	17.863	19.590	18.343	13.638	14.794	17.695	15.186	10.755	14.805	16.439	11.568	11.864	15.207	15.745	10.182	13.893	16.771	14.685	14.244	17.033	18.386
38.949	45.825	47.289	45.019	42.118	43.158	40.981	38.383	35.038	35.174	33.464	31.623	30.408	29.255	27.241	25.714	24.816	23.336	21.317	19.996	19.053	17.347	15.498	14.111	12.703	11.218	9.739	8.117	6.791	5.988	4.254	2.046	2.598	3.243	1.349	0.997	1.352	3.270	2.634	2.093	4.556	7.287	8.398	10.765	13.913	15.735	35.988	32.304	33.150	27.754	27.646	26.387	24.933	22.396	21.592	21.658	18.872	16.415	17.943	17.255	13.756	12.987	15.612	13.206	7.416	12.016	13.810	10.350	6.399	12.011	12.855	8.527	9.359	13.395	12.929	10.414	9.582	5.694	7.796	37.547	38.235	34.507	30.164	29.596	27.156	27.085	25.091	22.651	22.364	21.591	18.715	17.411	17.954	16.561	12.947	13.195	14.778	12.438	8.281	11.225	12.754	8.327	7.791	11.018	12.034	6.723	9.651	12.726	11.240	10.788	13.528	15.348
40.702	47.622	49.153	47.019	44.002	44.888	42.635	39.830	36.580	36.358	34.414	32.447	31.639	30.527	28.198	26.795	26.286	24.618	22.226	21.441	20.672	18.581	16.408	15.829	14.280	11.885	11.201	10.141	8.109	6.649	6.112	4.386	2.046	2.549	3.267	1.352	0.997	1.350	3.227	2.867	5.095	8.201	9.924	11.831	14.663	16.650	35.894	32.722	33.710	28.356	27.830	26.037	24.847	22.650	21.241	20.842	18.559	16.241	16.521	15.796	12.653	11.676	12.915	10.777	5.965	8.815	10.028	6.991	2.845	7.690	8.921	4.921	4.965	9.168	9.561	7.004	6.437	2.548	5.933	37.018	37.443	33.945	29.184	28.982	26.986	26.764	24.332	22.251	22.435	21.159	18.093	17.670	18.206	16.054	12.579	14.083	14.794	11.631	8.720	12.183	12.282	6.961	8.555	11.755	11.149	5.753	10.261	12.825	9.974	10.728	13.514	15.524
42.020	48.991	50.200	48.111	45.258	46.007	43.679	41.075	37.627	37.301	35.576	33.351	32.414	31.690	29.388	27.562	27.279	25.947	23.429	22.285	21.965	20.059	17.301	16.889	15.882	13.704	12.054	11.471	10.002	7.815	6.628	6.139	4.372	1.956	2.532	3.270	1.350	0.976	1.349	3.170	6.882	9.014	9.850	10.564	13.313	15.024	38.498	35.220	35.760	30.606	29.884	28.124	26.554	24.431	23.424	22.785	20.194	18.294	18.732	17.347	14.364	14.053	14.389	11.589	7.878	10.896	9.476	6.152	5.295	8.409	5.733	2.808	5.987	7.606	3.793	5.463	6.801	2.469	8.115	39.629	39.737	36.193	31.584	31.647	29.708	29.821	27.413	25.071	25.439	24.484	21.229	20.590	21.535	19.632	15.646	17.163	18.479	15.450	12.023	15.589	16.027	10.821	11.836	15.074	14.539	8.958	13.430	16.005	12.840	13.168	16.069	16.556
43.251	50.140	51.385	49.066	46.350	47.343	45.142	42.659	39.200	39.202	37.535	35.487	34.333	33.430	31.320	29.581	28.916	27.622	25.366	23.979	23.362	21.721	19.449	18.258	17.218	15.497	13.644	12.467	11.395	9.762	7.814	6.702	6.126	4.287	1.997	2.634	3.227	1.349	0.996	1.349	4.358	5.136	4.833	5.742	8.885	10.322	40.665	37.192	37.716	32.527	31.995	30.427	28.826	26.547	25.706	25.258	22.547	20.592	21.328	20.177	16.918	16.643	17.706	15.109	10.373	14.075	14.387	10.818	8.022	12.619	12.170	7.609	9.660	12.835	11.040	8.062	8.148	4.946	8.168	41.952	42.205	38.568	34.071	33.980	31.874	31.965	29.696	27.296	27.429	26.550	23.453	22.508	23.240	21.538	17.732	18.563	19.739	17.113	13.490	15.969	16.805	12.222	11.853	14.705	14.472	8.883	11.162	14.380	12.059	10.634	13.210	13.380
44.892	51.764	53.215	50.958	48.070	49.078	46.886	44.233	40.912	40.891	39.090	37.155	36.109	35.030	32.858	31.334	30.645	29.119	26.912	25.768	24.966	23.096	21.074	20.006	18.587	16.730	15.428	14.085	12.485	11.178	9.758	7.919	6.709	5.933	4.229	2.093	2.867	3.170	1.349	0.997	1.345	3.725	5.116	7.257	10.280	12.403	41.162	37.732	38.616	33.243	32.909	31.339	30.008	27.650	26.533	26.253	23.762	21.487	22.091	21.297	18.044	17.240	18.502	16.269	11.280	14.363	15.137	11.819	8.311	12.780	12.850	8.415	8.469	12.662	11.930	8.007	6.724	3.650	5.316	42.457	42.948	39.369	34.736	34.443	32.265	32.004	29.732	27.601	27.492	26.232	23.399	22.615	22.793	20.771	17.741	18.235	18.407	15.590	12.995	14.814	14.416	10.179	10.103	12.762	11.538	5.995	9.135	11.851	9.076	8.001	10.773	11.699
45.371	51.990	53.907	51.497	48.396	49.813	47.826	44.947	41.940	42.190	40.213	38.667	37.669	36.114	34.028	32.993	31.992	30.037	28.244	27.405	25.990	23.920	22.713	21.513	19.350	17.103	17.491	15.499	13.368	13.261	12.466	9.520	8.320	9.363	7.877	4.556	5.095	6.882	4.358	1.345	0.995	1.349	3.738	6.553	9.334	11.363	40.207	36.668	38.221	32.551	32.900	31.628	30.864	28.211	26.743	27.107	24.992	21.843	22.781	22.875	19.626	17.718	19.971	18.451	12.976	15.332	17.058	14.269	9.710	14.016	14.907	10.988	9.385	14.000	13.984	9.843	7.870	3.964	3.524	41.723	42.851	39.284	34.669	33.824	31.336	30.555	28.568	26.734	25.981	24.486	22.160	21.198	20.587	18.748	16.237	15.722	15.457	13.185	10.814	11.153	10.729	7.718	6.492	7.972	6.896	2.672	4.157	6.577	4.639	3.269	5.858	7.760
48.466	55.071	56.915	54.445	51.452	52.887	50.912	48.121	45.063	45.385	43.488	41.891	40.807	39.333	37.319	36.157	35.128	33.310	31.488	30.521	29.153	27.239	25.880	24.582	22.561	20.698	20.510	18.470	16.580	16.359	15.175	12.350	11.548	12.166	10.147	7.287	8.201	9.014	5.136	3.725	1.349	0.997	1.341	3.629	5.907	8.320	43.899	40.319	41.801	36.142	36.477	35.208	34.337	31.689	30.326	30.606	28.397	25.372	26.317	26.239	22.980	21.211	23.307	21.662	16.311	18.687	20.142	17.314	13.052	16.979	17.469	13.634	12.207	16.333	15.528	10.550	9.316	6.803	5.233	45.418	46.545	42.988	38.350	37.491	34.991	34.201	32.214	30.402	29.631	28.116	25.820	24.856	24.183	22.351	19.894	19.277	18.898	16.725	14.411	14.446	13.950	11.164	9.740	10.451	9.326	5.902	5.832	7.390	5.330	2.993	4.246	4.129
48.351	54.844	56.571	53.946	51.142	52.733	50.872	48.331	45.170	45.826	44.133	42.550	41.194	39.773	37.989	36.659	35.399	33.808	32.168	30.833	29.378	27.855	26.520	24.777	22.972	21.922	20.962	18.639	17.347	17.322	15.491	12.849	12.861	13.157	10.432	8.398	9.924	9.850	4.833	5.116	3.738	1.341	1.080	1.350	3.997	5.956	45.314	41.499	42.802	37.216	37.669	36.612	35.555	32.810	31.746	32.119	29.679	26.667	28.060	27.809	24.457	23.010	25.241	23.300	17.837	20.865	22.206	19.071	15.083	19.478	19.562	15.488	14.992	18.963	17.583	12.506	12.047	9.575	8.923	47.020	48.159	44.481	40.075	39.176	36.519	35.903	34.083	32.057	31.184	29.968	27.657	26.371	25.836	24.331	21.670	20.794	20.872	18.918	16.156	16.309	16.510	13.632	11.758	13.070	12.733	8.562	8.212	10.945	9.796	6.802	8.243	7.569
51.178	57.734	59.197	56.561	53.964	55.422	53.518	51.173	47.826	48.416	46.841	45.062	43.650	42.473	40.680	39.084	37.940	36.593	34.796	33.248	32.057	30.691	28.993	27.236	25.802	24.803	23.245	21.164	20.188	19.688	17.536	15.404	15.499	14.876	12.056	10.765	11.831	10.564	5.742	7.257	6.553	3.629	1.350	0.997	1.344	3.700	48.964	45.202	46.238	40.770	40.926	39.713	38.402	35.814	34.894	34.934	32.349	29.749	30.915	30.217	26.928	25.976	27.513	25.253	20.295	23.291	23.824	20.515	17.388	21.254	20.530	16.510	16.681	20.035	17.946	12.428	12.895	11.368	11.164	50.568	51.422	47.730	43.267	42.659	40.159	39.745	37.786	35.642	35.032	33.895	31.371	30.160	29.912	28.337	25.512	24.941	25.179	23.027	20.247	20.781	20.865	17.750	16.258	17.655	16.910	12.668	12.675	15.263	13.239	10.582	11.867	9.604
53.639	60.125	61.575	58.862	56.353	57.886	56.028	53.741	50.373	51.069	49.518	47.772	46.335	45.150	43.422	41.828	40.652	39.335	37.596	36.041	34.821	33.514	31.811	30.080	28.652	27.680	26.193	24.105	23.165	22.701	20.582	18.521	18.490	17.868	15.208	13.913	14.663	13.313	8.885	10.280	9.334	5.907	3.997	1.344	0.960	1.346	51.508	47.727	48.851	43.363	43.615	42.440	41.175	38.568	37.601	37.709	35.171	32.484	33.639	33.015	29.776	28.668	30.214	28.005	23.208	25.883	26.321	23.115	20.118	23.510	22.635	18.835	18.794	21.767	19.437	13.681	14.632	13.563	12.857	53.148	54.089	50.425	45.924	45.261	42.736	42.226	40.306	38.249	37.547	36.338	33.928	32.744	32.330	30.760	28.069	27.394	27.429	25.383	22.779	22.967	22.888	20.005	18.445	19.368	18.566	14.871	14.015	16.360	14.336	11.646	12.276	9.272
54.486	60.898	62.242	59.500	57.089	58.649	56.859	54.720	51.297	52.123	50.695	48.923	47.363	46.261	44.632	42.921	41.680	40.522	38.820	37.113	35.924	34.809	33.074	31.163	29.936	29.114	27.465	25.344	24.681	24.251	21.946	20.056	20.267	19.439	16.790	15.735	16.650	15.024	10.322	12.403	11.363	8.320	5.956	3.700	1.346	0.996	53.087	49.277	50.277	44.885	45.114	44.005	42.642	40.029	39.203	39.304	36.688	34.076	35.350	34.613	31.394	30.462	31.934	29.596	24.942	27.747	28.043	24.774	22.004	25.342	24.285	20.549	20.775	23.467	20.893	15.287	16.678	15.580	15.143	54.755	55.677	51.943	47.579	46.962	44.426	43.993	42.113	39.991	39.296	38.182	35.760	34.501	34.158	32.674	29.918	29.188	29.368	27.387	24.685	24.885	24.957	22.089	20.462	21.377	20.754	17.030	15.966	18.461	16.602	13.906	14.402	11.257
20.824	25.258	28.363	29.327	24.629	24.749	23.296	17.825	19.186	19.093	14.852	16.720	19.734	17.234	12.880	18.493	20.480	14.741	17.212	21.084	21.472	17.343	21.227	24.119	22.760	22.010	25.679	27.970	26.598	27.360	30.502	32.037	28.738	32.923	35.513	35.988	35.894	38.498	40.665	41.162	40.207	43.899	45.314	48.964	51.508	53.087	1.036	1.349	3.672	5.778	8.976	7.403	11.337	12.980	10.263	13.713	16.415	16.760	16.263	19.308	21.687	21.937	22.461	25.494	26.987	26.881	29.048	31.211	31.733	33.253	35.157	37.016	37.240	39.251	40.549	42.659	42.522	39.381	38.377	2.030	5.231	4.721	6.119	4.712	4.289	6.561	8.784	10.198	10.651	12.480	14.538	15.365	15.946	18.267	20.186	20.668	22.126	24.139	25.772	27.315	27.697	29.183	31.810	32.634	34.516	35.926	37.700	37.485	39.692	42.175	43.381	48.396
19.640	24.339	27.478	28.002	23.223	23.454	21.900	16.380	17.254	16.925	12.768	14.429	17.221	14.722	10.073	15.728	17.472	11.192	14.442	17.940	17.641	13.217	17.807	20.441	18.342	18.453	22.086	24.036	22.613	23.987	26.862	28.039	25.069	29.530	31.962	32.304	32.722	35.220	37.192	37.732	36.668	40.319	41.499	45.202	47.727	49.277	1.349	0.960	1.347	2.342	5.984	5.557	9.312	9.963	6.917	11.645	14.122	13.215	14.102	17.418	19.251	19.222	20.779	23.388	24.244	24.676	27.245	28.806	29.024	31.178	33.134	34.652	34.826	37.180	38.387	40.167	40.082	36.614	35.643	5.614	8.151	5.763	6.373	5.074	2.547	4.931	7.766	8.572	7.378	10.061	12.406	12.062	12.324	15.431	17.273	16.611	18.869	21.250	22.490	23.611	24.949	26.414	28.460	29.325	31.497	32.900	34.315	34.352	36.866	38.962	39.856	45.045
15.162	19.822	22.959	23.564	18.867	18.992	17.559	12.089	13.088	13.112	9.203	11.229	13.557	10.608	6.350	12.171	13.771	8.030	11.733	14.840	14.989	11.703	15.894	18.509	17.398	18.313	21.138	23.126	22.846	24.033	26.548	28.171	26.079	29.866	32.108	33.150	33.710	35.760	37.716	38.616	38.221	41.801	42.802	46.238	48.851	50.277	3.672	1.347	0.960	1.351	3.602	5.533	8.023	7.948	8.026	11.380	13.168	13.212	15.291	17.452	18.972	20.114	21.581	23.471	24.754	25.895	27.962	28.627	30.022	32.189	33.561	35.227	36.134	38.180	38.427	41.156	41.434	37.636	37.525	8.016	9.268	6.714	8.098	8.073	4.752	8.410	11.252	10.453	10.022	13.296	15.369	13.592	15.036	18.257	19.440	18.681	21.695	23.869	24.432	25.929	27.809	28.546	30.584	31.909	34.015	34.974	36.526	37.134	39.194	41.129	42.315	47.232
17.170	22.544	25.618	25.413	20.804	21.032	19.367	14.150	14.109	13.962	10.560	11.628	13.706	10.722	6.305	11.523	12.422	5.974	9.328	12.542	12.081	7.664	12.223	14.836	13.089	13.441	16.781	18.736	17.717	19.114	21.808	23.157	20.587	24.783	27.116	27.754	28.356	30.606	32.527	33.243	32.551	36.142	37.216	40.770	43.363	44.885	5.778	2.342	1.351	0.997	1.350	2.723	5.641	4.650	2.905	7.380	9.394	8.262	10.389	13.150	14.568	15.064	16.994	19.051	19.819	20.898	23.298	24.156	24.847	27.259	28.971	30.373	30.951	33.269	33.943	36.053	36.202	32.415	31.981	9.062	10.228	6.513	5.921	6.303	2.547	6.096	8.619	6.429	5.197	9.011	10.684	8.150	9.677	12.989	13.897	12.975	16.297	18.343	18.745	20.209	22.328	22.993	24.834	26.249	28.342	29.300	30.763	31.600	33.535	35.382	36.623	41.468
16.923	22.712	25.127	24.987	20.830	20.217	18.007	13.076	12.162	10.882	7.591	7.468	9.965	7.827	2.625	7.383	9.522	4.508	5.915	9.558	10.581	7.199	10.454	13.214	13.075	12.763	15.637	17.968	17.611	18.213	20.995	22.851	20.536	24.041	26.442	27.646	27.830	29.884	31.995	32.909	32.900	36.477	37.669	40.926	43.615	45.114	8.976	5.984	3.602	1.350	0.960	1.341	2.594	2.327	2.766	4.996	6.917	7.539	9.061	11.062	12.638	13.877	15.210	17.100	18.473	19.585	21.561	22.405	23.836	25.825	27.188	28.900	29.913	31.808	32.123	34.900	35.242	31.506	31.799	10.350	10.506	6.482	6.307	6.816	3.523	7.639	9.390	5.310	7.130	10.168	10.709	8.110	11.750	14.108	14.198	14.717	17.866	19.134	19.269	21.683	23.525	23.092	25.679	27.623	29.264	29.578	31.684	33.065	33.911	36.052	37.943	42.302
20.440	25.891	28.188	28.501	24.354	23.459	21.129	16.028	15.439	13.765	10.236	9.842	12.744	11.351	5.688	9.826	12.546	8.353	6.365	11.375	13.045	8.849	10.094	13.787	14.214	11.617	14.655	17.591	16.943	16.685	19.812	21.921	19.323	22.264	25.004	26.387	26.037	28.124	30.427	31.339	31.628	35.208	36.612	39.713	42.440	44.005	7.403	5.557	5.533	2.723	1.341	1.080	1.351	3.200	2.583	2.008	4.487	6.281	6.614	7.941	10.106	11.545	12.103	14.200	15.960	16.914	18.494	19.913	21.528	23.065	24.268	26.253	27.432	28.985	29.342	32.387	32.792	29.294	29.856	7.850	7.553	3.594	2.492	3.481	2.581	5.646	6.658	2.545	6.111	8.846	8.714	7.377	11.187	13.139	12.959	14.558	17.221	17.581	18.117	21.043	22.490	21.381	24.628	26.781	28.010	27.992	30.583	32.156	32.198	34.736	36.974	41.086
