0.995	1.349	3.477	6.119	8.263	10.089	9.332	8.495	6.496	11.347	12.357	14.589	11.714	8.289	11.544	13.452	8.864	8.823	13.147	13.625	10.686	13.034	16.473	15.466	15.047	19.147	21.132	19.764	22.686	24.979	25.821	26.658	28.812	30.431	31.207	32.679	34.840	35.374	39.450	40.454	41.370	45.483	48.741	51.183	53.000	54.215	22.482	19.235	17.532	15.162	16.391	19.755	18.686	13.525	16.152	19.877	18.419	14.474	20.517	21.564	20.729	21.638	24.850	24.308	23.110	27.223	29.356	26.406	28.131	32.505	32.757	32.625	35.283	37.761	36.650	34.173	39.250	40.383	41.540	24.030	20.839	24.271	25.616	23.671	19.356	21.398	23.994	21.071	18.676	22.240	23.113	18.365	21.743	24.343	23.544	24.909	27.937	29.544	29.209	31.377	33.933	33.039	35.188	37.562	39.373	39.071	41.320	43.406	44.325	45.903	48.328	45.041
1.349	0.960	1.345	3.795	6.056	7.846	7.126	5.247	4.245	9.135	9.579	12.605	10.831	6.717	10.202	12.880	9.659	9.310	13.461	14.986	12.831	14.113	17.930	18.261	17.634	20.519	23.217	22.770	25.056	27.146	28.330	29.428	31.249	32.582	34.050	35.398	37.370	37.862	42.186	42.934	43.629	47.945	50.929	53.335	55.232	56.528	20.710	17.484	14.952	13.165	13.790	17.541	16.619	11.656	15.077	18.387	17.245	14.242	19.987	20.963	20.946	22.150	24.907	24.680	24.499	27.915	29.921	27.717	29.645	33.541	33.811	34.351	36.766	39.111	38.164	36.276	41.109	42.834	43.121	21.484	18.318	21.732	23.688	22.102	17.729	20.549	23.076	19.981	18.203	21.989	22.792	18.480	22.560	24.768	24.684	26.211	28.726	30.086	30.417	32.685	34.737	34.015	36.705	38.827	40.461	40.547	42.826	44.717	45.272	47.359	49.795	46.890
3.477	1.345	0.997	1.348	2.586	4.223	4.734	4.253	4.421	9.451	10.897	14.160	12.027	8.962	12.954	15.221	11.217	12.626	16.359	17.406	15.514	17.645	20.948	20.801	20.954	23.954	26.173	25.720	28.357	30.382	31.186	32.580	34.530	35.637	37.010	38.603	40.586	40.617	45.210	46.084	47.044	51.217	54.217	56.779	58.675	59.954	23.476	20.641	17.362	16.412	16.628	20.510	19.578	14.822	18.639	21.651	20.297	17.632	23.356	23.996	24.033	25.537	28.118	27.471	27.638	31.084	32.941	30.404	32.841	36.600	36.450	37.175	39.837	42.031	40.714	38.931	44.002	45.690	46.298	23.746	21.068	24.299	26.791	25.452	21.131	24.191	26.693	23.457	22.009	25.811	26.460	22.194	26.428	28.459	28.180	29.954	32.504	33.628	33.910	36.408	38.391	37.401	40.241	42.455	44.020	43.944	46.350	48.294	48.701	50.798	53.256	50.364
6.119	3.795	1.348	0.997	1.346	3.904	6.482	5.242	7.031	11.997	12.363	16.275	15.263	11.906	15.109	18.106	14.992	14.986	19.239	20.802	18.870	19.871	23.901	24.247	23.728	26.212	29.260	28.829	31.088	33.178	34.386	35.469	37.275	38.596	40.098	41.423	43.399	43.900	48.212	48.951	49.515	53.889	56.841	59.143	60.990	62.332	21.225	19.058	15.486	15.439	16.236	20.303	20.293	15.753	19.151	22.534	22.057	19.594	25.004	26.103	26.431	27.660	30.302	30.270	30.389	33.567	35.552	33.571	35.510	39.300	39.574	40.288	42.638	44.953	43.996	42.253	47.055	48.833	48.963	21.751	19.932	23.380	26.392	24.810	20.507	23.549	26.231	23.652	22.098	26.107	27.216	23.450	27.652	29.947	30.387	31.657	33.846	35.382	36.089	38.120	39.921	39.625	42.349	44.323	45.928	46.271	48.460	50.236	50.749	53.014	55.439	52.665
8.263	6.056	2.586	1.346	0.997	1.350	4.232	5.549	6.915	11.390	12.908	16.436	14.959	12.923	16.812	19.039	15.417	17.361	20.924	22.029	20.452	22.508	25.811	25.807	26.035	28.816	31.108	30.835	33.420	35.403	36.186	37.676	39.597	40.596	42.096	43.698	45.655	45.546	50.278	51.128	52.075	56.277	59.216	61.783	63.688	64.981	25.815	23.497	19.682	19.574	19.611	23.536	22.873	18.488	22.561	25.360	24.155	22.099	27.591	27.999	28.421	30.124	32.493	31.678	32.451	35.675	37.364	34.960	37.689	41.228	40.818	41.923	44.595	46.668	45.170	43.707	48.789	50.648	51.109	25.761	23.738	26.812	29.890	28.740	24.483	27.759	30.307	27.130	26.014	29.943	30.644	26.672	31.074	33.066	33.028	34.749	37.161	38.209	38.742	41.212	43.025	42.122	45.109	47.267	48.767	48.788	51.212	53.107	53.369	55.631	58.091	55.313
10.089	7.846	4.223	3.904	1.350	0.997	1.346	3.522	6.070	9.559	10.818	14.479	13.631	12.075	15.753	17.963	14.944	17.293	20.430	21.657	20.592	22.686	25.679	26.015	26.693	28.813	31.074	31.428	33.840	35.614	36.289	38.153	39.978	40.571	42.438	44.183	45.998	45.464	50.580	51.335	52.402	56.594	59.333	62.051	64.049	65.369	26.190	23.675	19.572	19.518	18.600	22.394	21.493	17.495	22.039	24.285	22.992	21.655	26.790	26.830	27.605	29.591	31.652	30.677	32.109	35.052	36.520	34.343	37.437	40.617	39.993	41.506	44.156	46.054	44.452	43.383	48.411	50.553	50.764	25.366	23.076	25.691	28.907	28.243	24.190	27.852	30.190	26.399	26.172	30.030	30.235	26.600	31.422	32.939	32.969	35.002	37.277	37.770	38.634	41.390	42.840	41.722	45.096	47.281	48.537	48.579	51.164	53.031	52.906	55.447	57.923	55.419
9.332	7.126	4.734	6.482	4.232	1.346	0.997	1.349	3.337	5.675	8.103	11.194	10.241	9.218	13.027	14.945	11.944	14.831	17.667	18.775	18.002	20.367	22.992	23.519	24.469	26.418	28.345	29.144	31.425	33.080	33.643	35.734	37.541	37.875	39.966	41.779	43.519	42.682	48.077	48.775	49.967	54.105	56.751	59.598	61.660	62.949	25.884	23.053	19.050	18.624	17.197	20.846	19.407	15.554	20.226	22.192	20.467	19.296	24.419	24.054	24.888	26.997	28.957	27.625	29.349	32.291	33.575	31.301	34.731	37.756	36.846	38.581	41.289	43.073	41.289	40.454	45.508	47.848	47.990	24.732	22.060	24.335	27.353	26.950	23.015	26.722	28.863	24.678	24.742	28.449	28.256	24.590	29.462	30.757	30.519	32.768	35.144	35.309	36.148	39.118	40.568	39.117	42.651	44.910	46.044	45.961	48.674	50.589	50.304	52.849	55.343	52.916
8.495	5.247	4.253	5.242	5.549	3.522	1.349	0.997	1.342	3.602	4.035	7.820	7.720	6.266	9.233	11.719	10.138	11.765	14.569	16.279	15.995	17.208	20.201	21.490	22.219	23.040	25.858	27.122	28.952	30.404	31.371	33.422	34.930	35.170	37.716	39.424	40.965	40.327	45.711	46.175	47.053	51.400	53.814	56.521	58.634	60.004	20.993	18.070	13.982	13.656	11.929	15.569	14.365	10.736	15.408	17.293	16.086	15.421	20.060	19.943	21.050	23.171	24.969	24.194	26.069	28.681	30.020	28.425	31.515	34.344	33.821	35.714	38.133	39.901	38.492	37.942	42.624	45.208	44.723	19.630	16.802	19.031	22.082	21.749	17.933	21.801	23.917	19.622	20.182	23.886	23.607	20.445	25.565	26.703	27.044	29.171	31.218	31.265	32.611	35.448	36.480	35.401	39.095	41.229	42.232	42.480	45.139	46.897	46.442	49.327	51.779	49.668
6.496	4.245	4.421	7.031	6.915	6.070	3.337	1.342	1.080	1.347	2.933	6.050	4.891	2.919	6.784	8.691	6.124	8.625	11.263	12.564	12.179	14.266	16.726	17.755	18.769	20.195	22.197	23.426	25.468	26.959	27.626	29.818	31.520	31.662	34.049	35.859	37.480	36.597	42.098	42.679	43.827	48.005	50.525	53.395	55.513	56.797	22.534	19.105	15.546	14.127	12.341	15.811	13.745	9.805	14.509	16.331	14.292	13.057	18.213	17.867	18.540	20.635	22.650	21.396	22.990	25.898	27.263	25.012	28.380	31.374	30.637	32.289	34.931	36.763	35.136	34.299	39.225	41.749	41.627	21.402	17.768	19.860	22.205	21.989	18.151	21.796	23.556	19.129	19.374	22.892	22.324	18.632	23.493	24.599	24.229	26.608	29.011	29.000	29.828	32.912	34.348	32.747	36.359	38.641	39.710	39.605	42.358	44.280	43.949	46.487	49.007	46.643
11.347	9.135	9.451	11.997	11.390	9.559	5.675	3.602	1.347	0.997	1.343	2.708	2.573	2.262	4.537	6.165	6.570	8.293	10.107	11.589	12.634	13.916	15.895	17.437	19.148	19.235	21.307	23.364	25.179	26.199	26.993	29.482	30.885	30.528	33.526	35.435	36.736	35.482	41.369	41.734	42.821	47.058	49.235	52.195	54.425	55.733	23.463	19.772	16.313	14.508	11.892	14.771	12.056	8.757	13.340	14.509	11.865	11.880	16.224	14.995	16.244	18.627	20.121	18.514	21.098	23.745	24.562	22.978	26.732	29.146	28.017	30.472	32.949	34.410	32.762	32.794	37.393	40.377	39.697	21.514	17.682	18.924	21.032	21.350	17.989	21.674	22.748	17.876	19.070	22.296	20.816	17.724	22.735	23.319	22.988	25.600	27.846	26.992	28.382	31.656	32.683	30.787	34.868	37.185	37.803	37.793	40.778	42.637	41.771	44.677	47.109	45.275
12.357	9.579	10.897	12.363	12.908	10.818	8.103	4.035	2.933	1.343	1.080	1.346	3.239	2.609	2.238	4.380	6.339	6.951	8.088	10.057	11.705	11.691	13.917	15.908	17.554	16.629	19.528	21.769	23.286	24.082	25.319	27.679	28.691	28.425	31.704	33.535	34.626	33.729	39.436	39.619	40.439	44.838	46.879	49.702	51.961	53.332	19.643	15.966	12.421	10.804	7.757	10.725	8.263	5.276	9.862	10.954	8.589	9.012	12.968	12.100	13.333	15.703	17.257	16.288	18.570	21.038	22.164	21.057	24.265	26.662	26.160	28.390	30.640	32.258	31.036	31.015	35.300	38.238	37.248	17.465	13.537	14.779	16.955	17.310	14.073	17.959	19.194	14.112	15.887	19.051	17.443	14.693	19.797	20.262	20.270	22.809	24.867	23.944	25.623	28.787	29.580	27.958	32.071	34.316	34.910	35.114	38.014	39.774	38.919	41.979	44.432	42.686
14.589	12.605	14.160	16.275	16.436	14.479	11.194	7.820	6.050	2.708	1.346	1.080	1.348	3.213	2.714	2.079	4.488	6.209	6.589	7.926	10.179	10.948	11.935	13.881	16.066	15.326	17.142	19.772	21.513	21.995	22.955	25.656	26.740	26.078	29.463	31.459	32.472	31.054	37.099	37.330	38.413	42.654	44.638	47.671	49.985	51.313	22.440	18.521	15.477	13.215	9.978	11.552	8.260	6.403	10.201	10.351	7.543	8.553	12.129	10.225	11.576	14.090	15.387	13.607	16.312	18.939	19.681	18.216	22.034	24.273	23.240	25.706	28.115	29.565	28.017	28.209	32.626	35.727	34.876	19.869	15.855	16.108	17.648	18.462	15.839	19.327	19.567	14.368	16.465	19.377	16.962	14.532	19.309	19.476	18.765	21.647	23.895	22.439	23.963	27.430	28.345	26.076	30.365	32.753	33.124	33.045	36.175	38.051	37.011	39.947	42.421	40.698
11.714	10.831	12.027	15.263	14.959	13.631	10.241	7.720	4.891	2.573	3.239	1.348	0.960	1.351	3.294	2.438	2.049	4.326	6.058	6.716	8.036	10.115	11.285	12.507	14.604	15.216	16.357	18.462	20.470	21.499	21.972	24.608	26.219	25.757	28.572	30.568	31.955	30.532	36.444	36.922	38.266	42.349	44.656	47.753	49.982	51.251	24.822	20.784	18.059	15.252	12.802	14.510	11.237	8.585	12.604	13.138	9.984	9.336	13.965	12.231	12.879	15.217	16.992	14.663	16.957	19.900	20.745	18.424	22.421	25.066	23.761	25.902	28.585	30.144	28.260	27.978	32.835	35.649	35.416	23.054	18.738	19.511	20.824	21.270	18.296	21.503	21.803	17.151	17.791	20.820	19.002	15.430	19.880	20.376	19.100	21.984	24.559	23.717	24.450	27.964	29.458	27.014	30.919	33.382	34.095	33.706	36.753	38.780	38.121	40.618	43.169	40.959
8.289	6.717	8.962	11.906	12.923	12.075	9.218	6.266	2.919	2.262	2.609	3.213	1.351	0.960	1.352	3.273	2.760	2.210	4.452	6.261	6.800	7.903	10.084	11.676	12.946	13.543	15.869	17.466	19.144	20.431	21.445	23.580	25.069	25.138	27.818	29.573	31.031	30.420	35.778	36.203	37.199	41.485	43.898	46.728	48.886	50.221	21.336	17.343	14.761	11.910	10.355	12.931	10.312	6.382	10.406	12.057	9.076	6.989	12.414	12.163	12.135	14.096	16.348	15.387	16.328	19.306	20.969	18.804	21.677	24.837	24.646	25.903	28.393	30.371	29.207	28.141	32.811	35.353	35.001	20.472	16.097	17.987	19.344	18.994	15.466	18.603	19.309	15.151	14.954	18.067	16.931	12.897	17.479	18.343	17.525	20.099	22.608	22.540	23.109	26.309	27.907	26.089	29.647	31.970	33.061	32.896	35.631	37.584	37.358	39.780	42.303	39.924
11.544	10.202	12.954	15.109	16.812	15.753	13.027	9.233	6.784	4.537	2.238	2.714	3.294	1.352	0.997	1.351	3.278	2.404	1.871	4.222	6.083	5.904	7.642	9.737	11.465	10.547	13.382	15.544	16.985	17.848	19.146	21.394	22.455	22.326	25.462	27.247	28.403	27.784	33.238	33.457	34.287	38.677	40.844	43.629	45.852	47.214	17.859	13.693	11.851	8.310	6.768	7.710	4.842	2.326	5.367	6.301	3.519	3.100	7.268	7.054	7.671	9.858	11.698	11.376	12.881	15.356	16.856	15.662	18.382	21.105	21.179	22.771	25.004	26.862	26.026	25.301	29.647	32.350	31.528	16.792	12.220	13.445	14.093	13.970	11.033	14.129	14.424	9.893	10.698	13.731	11.942	8.806	13.804	14.239	14.229	16.766	18.819	18.127	19.632	22.750	23.684	22.154	26.101	28.326	29.067	29.283	32.075	33.848	33.190	36.129	38.605	36.681
13.452	12.880	15.221	18.106	19.039	17.963	14.945	11.719	8.691	6.165	4.380	2.079	2.438	3.273	1.351	0.997	1.350	3.238	2.436	1.993	4.502	6.214	6.458	7.903	10.273	10.647	11.409	13.852	15.791	16.512	17.114	19.840	21.301	20.555	23.686	25.720	26.922	25.233	31.388	31.756	33.120	37.175	39.273	42.484	44.788	46.042	23.684	19.393	17.592	13.911	12.123	12.583	9.405	7.120	10.087	9.843	6.546	6.002	9.789	7.240	7.707	10.278	11.693	8.767	11.438	14.320	14.819	12.514	16.909	19.227	17.680	20.125	22.756	24.140	22.261	22.370	27.021	30.155	29.660	22.466	17.766	18.522	18.909	18.938	16.361	19.142	18.685	14.377	14.977	17.771	15.138	12.033	16.100	16.220	14.410	17.521	20.182	18.569	19.444	23.190	24.573	21.571	25.762	28.317	28.657	28.143	31.435	33.485	32.509	35.061	37.601	35.646
8.864	9.659	11.217	14.992	15.417	14.944	11.944	10.138	6.124	6.570	6.339	4.488	2.049	2.760	3.278	1.350	0.997	1.351	3.302	2.602	2.128	4.723	6.377	7.043	8.713	10.423	11.532	12.782	14.818	16.303	16.825	19.047	20.845	21.026	23.246	25.090	26.729	25.994	31.300	31.930	33.288	37.345	39.998	42.988	45.103	46.360	25.004	20.673	19.157	15.288	14.136	14.948	11.954	9.030	11.938	12.719	9.471	7.266	12.309	11.205	10.503	12.591	15.054	13.096	13.119	17.005	18.689	15.391	18.357	22.011	21.504	22.176	25.023	27.138	25.615	24.003	29.053	31.177	31.641	24.494	19.764	20.960	21.380	20.816	17.955	20.072	20.056	16.210	15.611	18.420	16.863	12.631	16.071	17.060	14.857	17.671	20.642	20.805	20.323	23.726	25.829	23.530	26.626	29.220	30.499	29.752	32.572	34.734	34.864	36.657	39.219	36.410
8.823	9.310	12.626	14.986	17.361	17.293	14.831	11.765	8.625	8.293	6.951	6.209	4.326	2.210	2.404	3.238	1.351	0.997	1.351	3.228	2.577	2.164	4.400	6.158	6.973	7.848	10.163	11.612	12.999	14.409	15.787	17.548	19.001	19.472	21.914	23.519	25.037	25.051	29.894	30.334	31.232	35.553	38.132	40.867	42.970	44.320	18.404	14.014	13.730	9.040	9.370	10.315	8.693	4.362	6.166	9.149	7.349	3.021	8.959	10.017	8.541	9.807	12.844	12.204	11.094	14.918	17.049	14.526	16.317	20.253	20.860	20.977	23.377	25.724	25.064	23.146	27.744	29.894	29.799	18.907	14.280	16.072	16.260	14.749	11.494	13.430	14.344	10.743	9.526	12.637	12.361	7.780	12.007	13.407	12.029	14.589	17.353	18.005	17.682	20.813	22.862	21.109	24.097	26.506	27.924	27.529	30.125	32.174	32.484	34.410	36.919	34.179
13.147	13.461	16.359	19.239	20.924	20.430	17.667	14.569	11.263	10.107	8.088	6.589	6.058	4.452	1.871	2.436	3.302	1.351	0.997	1.349	3.162	2.480	1.838	4.112	6.083	5.225	7.576	9.694	11.226	11.984	13.283	15.509	16.573	16.389	19.561	21.371	22.496	22.008	27.342	27.506	28.301	32.704	34.732	37.584	39.875	41.271	22.470	18.087	17.728	13.074	12.055	10.604	8.091	6.117	6.822	6.499	2.925	2.193	4.898	3.948	2.461	4.577	6.821	5.929	6.748	9.357	11.129	9.947	12.180	14.992	15.479	16.774	18.794	20.769	20.309	19.553	23.568	26.242	25.297	21.874	17.028	16.983	16.023	15.729	13.867	15.461	14.018	10.353	10.676	12.815	9.840	6.800	10.366	10.303	8.608	11.665	14.173	12.982	13.770	17.322	18.743	16.267	20.212	22.626	23.301	23.154	26.071	28.003	27.450	30.029	32.556	30.573
13.625	14.986	17.406	20.802	22.029	21.657	18.775	16.279	12.564	11.589	10.057	7.926	6.716	6.261	4.222	1.993	2.602	3.228	1.349	0.997	1.351	3.305	2.611	2.156	4.655	6.324	6.452	7.982	10.151	11.447	11.648	14.094	15.958	15.955	18.143	20.094	21.691	20.829	26.160	26.812	28.382	32.306	34.993	38.117	40.243	41.468	25.834	21.406	20.820	16.225	15.546	15.034	12.449	9.857	11.423	11.838	8.311	6.202	10.189	9.478	7.145	9.485	11.797	9.123	8.758	12.832	14.366	10.598	13.791	17.403	16.867	17.278	20.245	22.337	20.863	18.989	24.101	26.040	26.860	25.590	20.724	21.446	20.996	20.298	17.961	19.609	18.733	15.067	14.738	17.118	14.703	10.953	13.888	14.626	11.366	14.393	17.641	17.271	16.330	19.973	22.201	19.372	22.246	25.113	26.329	25.147	28.115	30.418	30.558	32.041	34.636	31.647
10.686	12.831	15.514	18.870	20.452	20.592	18.002	15.995	12.179	12.634	11.705	10.179	8.036	6.800	6.083	4.502	2.128	2.577	3.162	1.351	0.997	1.352	3.294	2.673	2.484	4.827	6.573	6.957	8.632	10.548	11.598	13.041	14.817	15.891	17.516	19.079	20.862	21.185	25.618	26.304	27.471	31.588	34.514	37.303	39.310	40.586	24.849	20.491	20.619	15.713	16.236	16.367	14.280	10.924	11.948	13.715	10.420	7.045	11.717	11.820	9.107	9.917	13.500	11.932	9.133	14.207	16.445	12.802	13.816	18.648	19.353	18.272	20.883	23.525	22.774	19.905	24.735	26.170	27.076	25.696	21.108	22.469	22.060	20.515	17.583	18.770	18.593	15.242	14.113	16.178	14.504	10.185	11.983	13.828	10.505	12.860	16.315	17.350	15.684	18.696	21.294	19.432	21.375	24.213	25.926	24.870	27.454	29.745	30.607	31.744	34.244	30.954
13.034	14.113	17.645	19.871	22.508	22.686	20.367	17.208	14.266	13.916	11.691	10.948	10.115	7.903	5.904	6.214	4.723	2.164	2.480	3.305	1.352	0.997	1.349	3.156	2.569	2.122	4.523	6.127	6.859	8.172	9.986	11.493	12.741	13.558	15.876	17.344	18.803	19.451	23.772	24.157	24.967	29.319	31.987	34.676	36.755	38.130	20.467	16.113	16.950	11.540	12.252	11.923	10.876	7.343	6.991	9.619	7.404	2.598	6.816	8.454	5.717	4.894	9.081	9.427	6.012	10.303	12.877	10.671	10.758	15.526	16.977	15.888	18.006	20.809	20.691	17.938	22.281	24.063	24.185	21.331	16.842	17.587	16.618	15.010	12.238	13.222	12.704	9.377	8.403	10.461	8.778	4.395	7.191	8.474	6.393	8.844	11.780	12.724	12.040	15.023	17.220	15.718	18.215	20.740	22.298	21.773	24.294	26.418	27.036	28.645	31.129	28.090
16.473	17.930	20.948	23.901	25.811	25.679	22.992	20.201	16.726	15.895	13.917	11.935	11.285	10.084	7.642	6.458	6.377	4.400	1.838	2.611	3.294	1.349	0.997	1.352	3.218	2.417	1.889	4.194	5.973	6.557	7.495	9.793	11.247	10.717	13.729	15.620	16.905	15.498	21.495	21.811	23.177	27.182	29.263	32.543	34.829	36.067	25.865	21.507	22.040	16.774	16.631	15.309	13.427	10.893	10.868	10.656	7.553	5.571	7.475	5.859	2.973	4.524	6.231	2.993	2.457	5.774	7.132	3.182	7.209	9.940	9.441	10.231	12.968	14.837	13.554	12.637	17.143	20.174	19.852	26.146	21.433	21.422	19.735	19.373	17.149	18.050	16.622	13.477	13.214	14.154	11.077	8.167	9.662	10.258	6.356	9.635	12.687	10.947	10.553	14.622	16.332	12.480	16.401	19.171	19.479	18.445	21.850	24.059	23.399	25.345	27.964	25.791
15.466	18.261	20.801	24.247	25.807	26.015	23.519	21.490	17.755	17.437	15.908	13.881	12.507	11.676	9.737	7.903	7.043	6.158	4.112	2.156	2.673	3.156	1.352	0.997	1.351	3.248	2.448	2.103	4.459	6.241	6.306	8.047	10.144	11.071	12.296	14.094	15.907	15.887	20.430	21.243	22.880	26.691	29.728	32.764	34.770	35.972	28.400	24.050	24.613	19.345	19.393	18.442	16.598	13.748	14.010	14.660	11.374	8.527	11.730	11.315	8.108	9.042	12.067	9.723	6.453	11.718	13.704	8.957	10.343	15.372	15.407	13.861	16.833	19.460	18.132	14.900	20.012	20.939	22.780	28.921	24.232	24.583	23.324	22.300	19.811	20.613	19.590	16.367	15.732	16.911	14.501	10.871	12.129	13.444	9.145	11.566	15.310	15.639	12.963	16.392	19.112	16.678	17.850	21.165	22.871	20.899	23.700	26.259	27.239	27.697	30.251	26.662
15.047	17.634	20.954	23.728	26.035	26.693	24.469	22.219	18.769	19.148	17.554	16.066	14.604	12.946	11.465	10.273	8.713	6.973	6.083	4.655	2.484	2.569	3.218	1.351	0.997	1.349	3.337	2.456	2.065	4.439	6.037	6.766	8.218	10.113	11.399	12.622	14.365	15.710	19.339	19.943	20.874	25.073	28.127	30.770	32.726	34.049	26.203	22.102	23.466	17.992	19.065	18.607	17.592	14.249	13.515	15.653	12.917	8.769	12.018	12.867	9.611	8.882	12.871	11.740	6.238	11.757	14.235	10.684	9.077	14.985	16.436	13.943	15.907	19.167	19.094	15.264	19.392	20.408	21.509	27.655	23.478	24.006	22.564	20.875	17.978	18.004	17.532	14.875	13.097	13.886	12.779	8.561	8.390	11.353	7.309	8.026	12.243	13.731	10.677	13.385	16.482	14.963	15.439	18.623	20.599	19.084	21.406	23.946	25.308	25.841	28.282	24.607
19.147	20.519	23.954	26.212	28.816	28.813	26.418	23.040	20.195	19.235	16.629	15.326	15.216	13.543	10.547	10.647	10.423	7.848	5.225	6.324	4.827	2.122	2.417	3.248	1.349	0.997	1.353	3.203	2.560	1.996	4.261	6.067	6.766	7.406	9.939	11.448	12.617	13.550	17.595	17.878	18.843	23.117	25.767	28.608	30.727	32.104	22.603	18.698	20.448	14.906	15.064	13.489	13.096	10.349	8.611	9.814	8.402	3.965	4.997	7.482	5.020	1.732	6.355	7.683	2.271	6.518	9.669	7.703	5.568	11.239	12.960	10.641	12.517	15.724	15.939	12.410	16.365	17.898	18.365	23.380	19.083	18.419	15.958	15.058	13.002	12.600	10.983	8.723	7.970	7.561	5.244	1.850	3.014	3.947	1.741	4.032	6.813	7.778	7.239	10.071	12.114	11.047	12.825	15.757	17.305	16.094	18.782	21.197	22.083	22.940	25.446	22.112
21.132	23.217	26.173	29.260	31.108	31.074	28.345	25.858	22.197	21.307	19.528	17.142	16.357	15.869	13.382	11.409	11.532	10.163	7.576	6.452	6.573	4.523	1.889	2.448	3.337	1.353	0.997	1.350	3.279	2.505	1.828	4.319	6.112	6.117	7.790	9.866	11.331	11.006	15.758	16.420	18.280	21.992	24.863	28.105	30.184	31.382	30.075	25.910	27.132	21.602	21.655	20.134	18.669	16.102	15.369	15.466	12.677	10.074	11.542	10.109	6.970	7.684	9.552	5.796	2.496	7.594	8.769	3.188	5.414	9.599	9.285	7.783	11.026	13.336	11.986	9.302	14.405	16.028	17.445	30.717	26.195	25.833	23.749	23.064	20.814	20.901	19.470	16.771	16.040	16.070	13.570	10.290	10.660	11.869	6.746	9.189	12.613	12.029	8.985	13.102	15.407	11.866	13.761	17.134	18.285	16.074	19.276	21.867	22.249	22.830	25.477	22.008
19.764	22.770	25.720	28.829	30.835	31.428	29.144	27.122	23.426	23.364	21.769	19.772	18.462	17.466	15.544	13.852	12.782	11.612	9.694	7.982	6.957	6.127	4.194	2.103	2.456	3.203	1.350	0.997	1.351	3.314	2.536	2.076	4.507	6.258	6.688	8.069	10.100	11.293	14.749	15.665	17.223	20.959	24.330	27.200	29.087	30.277	31.659	27.578	28.947	23.388	23.841	22.614	21.320	18.473	17.807	18.471	15.720	12.476	14.444	14.218	10.858	10.574	13.705	11.428	6.085	11.722	13.779	9.067	8.314	13.840	14.510	11.656	14.001	17.189	16.400	11.994	16.094	16.157	18.780	32.756	28.369	28.231	26.221	25.219	22.766	22.639	21.494	18.918	17.701	17.785	15.737	12.153	12.184	13.983	8.909	9.771	14.042	14.647	9.943	13.495	16.618	14.599	13.856	17.552	19.543	16.793	19.126	22.131	23.558	23.236	25.735	21.559
22.686	25.056	28.357	31.088	33.420	33.840	31.425	28.952	25.468	25.179	23.286	21.513	20.470	19.144	16.985	15.791	14.818	12.999	11.226	10.151	8.632	6.859	5.973	4.459	2.065	2.560	3.279	1.351	0.997	1.351	3.194	2.576	2.199	4.625	6.242	6.928	8.347	10.479	13.540	13.957	14.725	18.980	22.072	24.681	26.640	28.003	29.854	26.121	28.111	22.494	23.208	21.848	21.310	18.458	16.896	18.000	16.061	12.120	13.242	14.287	10.884	9.317	12.688	12.154	5.371	10.331	13.130	10.239	6.456	12.557	14.151	10.578	11.747	15.548	15.877	11.517	14.285	14.979	16.302	31.239	27.233	26.680	24.165	23.103	20.777	19.972	18.759	16.830	15.176	14.450	12.959	9.532	8.717	10.675	6.213	5.391	9.982	11.269	6.741	9.504	13.003	11.784	10.472	14.108	16.209	13.853	15.898	18.828	20.404	20.328	22.741	18.686
24.979	27.146	30.382	33.178	35.403	35.614	33.080	30.404	26.959	26.199	24.082	21.995	21.499	20.431	17.848	16.512	16.303	14.409	11.984	11.447	10.548	8.172	6.557	6.241	4.439	1.996	2.505	3.314	1.351	0.997	1.348	3.204	2.461	2.064	4.385	6.126	6.839	7.806	11.569	11.893	13.485	17.392	20.159	23.317	25.436	26.726	31.814	28.027	29.845	24.256	24.376	22.433	21.624	19.232	17.567	17.698	15.801	12.719	12.936	12.632	9.195	8.333	10.761	9.090	3.049	7.232	9.367	6.181	2.760	8.279	9.644	6.448	8.322	11.544	11.891	7.924	11.185	12.100	13.732	32.684	28.439	27.416	24.526	24.207	22.345	21.674	19.856	17.942	17.038	15.862	13.458	10.987	10.338	10.358	5.946	7.036	10.327	9.749	5.005	9.366	11.906	8.974	9.172	12.795	14.491	11.918	14.774	17.481	18.566	18.468	21.048	17.216
25.821	28.330	31.186	34.386	36.186	36.289	33.643	31.371	27.626	26.993	25.319	22.955	21.972	21.445	19.146	17.114	16.825	15.787	13.283	11.648	11.598	9.986	7.495	6.306	6.037	4.261	1.828	2.536	3.194	1.348	0.960	1.351	3.256	2.700	2.018	4.353	6.094	6.454	10.117	11.166	13.572	16.718	20.129	23.402	25.313	26.400	34.596	30.694	32.365	26.749	26.975	25.316	24.249	21.661	20.437	20.713	18.347	15.349	16.201	15.566	12.109	11.705	14.161	11.606	5.978	10.912	12.526	7.984	6.276	11.498	11.761	7.586	10.486	13.250	12.146	7.361	11.797	11.346	15.006	35.554	31.257	30.571	27.966	27.356	25.238	24.669	23.117	21.023	19.893	19.030	16.900	13.922	13.377	14.093	9.572	10.085	13.746	13.445	8.170	12.587	15.167	12.235	11.903	15.687	17.323	13.831	16.553	19.763	20.831	19.876	22.471	18.131
26.658	29.428	32.580	35.469	37.676	38.153	35.734	33.422	29.818	29.482	27.679	25.656	24.608	23.580	21.394	19.840	19.047	17.548	15.509	14.094	13.041	11.493	9.793	8.047	6.766	6.067	4.319	2.076	2.576	3.204	1.351	0.997	1.353	3.338	2.632	2.134	4.432	6.294	9.176	10.116	11.495	15.098	18.795	21.470	23.256	24.440	34.908	31.322	33.389	27.791	28.534	27.119	26.276	23.518	22.174	22.856	20.609	17.220	18.228	18.120	14.607	13.852	16.598	14.577	8.483	13.087	15.092	11.267	8.355	13.794	14.603	10.342	12.028	15.651	15.117	10.190	12.666	11.792	15.105	36.498	32.606	32.025	29.383	28.349	26.018	24.929	23.810	22.150	20.252	19.232	18.065	14.843	13.550	15.178	11.149	9.142	13.760	14.425	8.750	11.786	15.210	13.064	10.977	14.802	16.874	13.322	14.765	18.399	19.966	18.853	21.271	16.481
28.812	31.249	34.530	37.275	39.597	39.978	37.541	34.930	31.520	30.885	28.691	26.740	26.219	25.069	22.455	21.301	20.845	19.001	16.573	15.958	14.817	12.741	11.247	10.144	8.218	6.766	6.112	4.507	2.199	2.461	3.256	1.353	0.997	1.348	3.224	2.637	2.184	4.660	7.450	7.650	8.400	12.755	15.723	18.207	20.288	21.736	33.605	30.414	32.773	27.344	27.617	25.591	25.343	23.055	20.826	21.132	19.856	16.499	16.046	16.293	13.160	11.583	13.321	12.219	7.331	8.578	11.274	9.120	3.971	8.831	10.842	7.204	6.656	11.108	12.239	8.569	9.211	9.287	10.348	34.859	31.108	29.706	26.308	25.999	24.389	22.920	21.090	20.087	18.807	16.584	15.076	13.283	11.095	10.707	7.242	6.105	9.037	8.073	2.594	6.050	8.601	6.212	4.223	8.057	9.993	7.421	9.040	12.139	13.763	13.639	15.953	11.896
30.431	32.582	35.637	38.596	40.596	40.571	37.875	35.170	31.662	30.528	28.425	26.078	25.757	25.138	22.326	20.555	21.026	19.472	16.389	15.955	15.891	13.558	10.717	11.071	10.113	7.406	6.117	6.258	4.625	2.064	2.700	3.338	1.348	0.976	1.349	3.231	2.797	2.494	5.583	6.290	8.404	11.598	13.466	17.452	19.831	20.932	36.348	32.749	34.629	29.160	28.898	26.534	25.721	23.717	21.816	21.327	19.759	17.021	16.254	15.423	12.511	11.318	11.922	10.121	6.505	7.625	8.237	5.493	2.526	5.530	5.974	2.668	2.237	5.368	6.121	3.169	2.919	4.372	5.708	36.930	32.744	31.194	27.805	28.153	26.765	25.879	23.637	22.146	21.607	19.718	17.165	15.585	14.346	12.856	9.356	10.030	12.528	9.898	5.713	10.006	10.976	5.710	7.536	10.746	10.435	5.930	10.166	12.783	12.456	11.540	14.349	11.503
31.207	34.050	37.010	40.098	42.096	42.438	39.966	37.716	34.049	33.526	31.704	29.463	28.572	27.818	25.462	23.686	23.246	21.914	19.561	18.143	17.516	15.876	13.729	12.296	11.399	9.939	7.790	6.688	6.242	4.385	2.018	2.632	3.224	1.349	0.997	1.349	3.125	2.552	4.813	6.714	9.630	11.579	15.792	18.904	20.577	21.496	39.541	35.916	37.880	32.261	32.618	30.863	30.004	27.476	25.972	26.198	24.117	21.052	21.431	20.812	17.435	16.822	18.396	16.193	11.013	14.358	15.464	11.927	9.127	13.516	13.374	8.836	10.781	13.842	12.649	7.651	10.201	7.784	13.281	40.766	36.684	35.754	32.788	32.284	30.286	29.260	27.673	26.051	24.670	23.230	21.485	18.850	17.703	17.826	13.986	12.967	16.561	15.667	9.995	13.830	16.476	13.003	11.653	15.475	17.139	12.512	14.470	18.287	19.424	17.621	20.042	15.037
32.679	35.398	38.603	41.423	43.698	44.183	41.779	39.424	35.859	35.435	33.535	31.459	30.568	29.573	27.247	25.720	25.090	23.519	21.371	20.094	19.079	17.344	15.620	14.094	12.622	11.448	9.866	8.069	6.928	6.126	4.353	2.134	2.637	3.231	1.349	0.997	1.346	2.801	4.429	5.229	6.405	9.366	13.456	15.963	17.658	18.810	39.179	35.988	38.338	32.839	33.564	31.910	31.453	28.849	27.017	27.608	25.799	22.397	22.643	22.625	19.239	18.228	20.073	18.221	12.869	15.616	17.335	14.080	10.547	14.981	15.296	10.835	11.507	15.282	14.562	9.936	10.565	8.365	12.407	40.871	37.229	36.169	32.972	32.281	30.323	28.762	27.359	26.307	24.478	22.612	21.606	19.180	17.186	17.569	14.167	11.771	15.448	14.919	9.504	11.484	14.696	12.555	9.573	13.202	15.377	11.390	11.464	15.913	17.429	15.305	17.498	12.122
34.840	37.370	40.586	43.399	45.655	45.998	43.519	40.965	37.480	36.736	34.626	32.472	31.955	31.031	28.403	26.922	26.729	25.037	22.496	21.691	20.862	18.803	16.905	15.907	14.365	12.617	11.331	10.100	8.347	6.839	6.094	4.432	2.184	2.797	3.125	1.346	0.997	1.352	3.133	2.370	4.679	8.031	11.068	14.404	16.401	17.617	39.988	36.913	39.300	33.843	34.141	32.070	31.672	29.414	27.299	27.393	25.969	22.820	22.304	22.045	18.966	17.540	18.610	17.088	12.868	13.948	15.046	12.241	8.561	12.108	12.448	8.579	7.658	11.535	11.060	6.805	6.438	4.263	8.082	41.377	37.674	36.207	32.682	32.504	30.930	29.325	27.525	26.646	25.280	22.959	21.579	19.828	17.492	16.852	13.463	12.210	14.664	13.085	8.381	10.279	12.744	9.321	7.057	10.381	12.028	7.143	8.377	12.194	13.372	11.496	13.955	9.212
35.374	37.862	40.617	43.900	45.546	45.464	42.682	40.327	36.597	35.482	33.729	31.054	30.532	30.420	27.784	25.233	25.994	25.051	22.008	20.829	21.185	19.451	15.498	15.887	15.710	13.550	11.006	11.293	10.479	7.806	6.454	6.294	4.660	2.494	2.552	2.801	1.352	0.976	1.347	2.841	6.709	8.007	11.288	15.399	17.292	18.140	42.985	39.442	41.241	35.720	35.481	33.236	32.030	30.001	28.486	27.876	25.827	23.417	23.021	21.546	18.660	18.232	18.334	15.769	12.695	14.416	13.528	10.124	9.483	11.643	9.499	6.009	8.183	9.932	6.878	2.515	6.167	2.056	8.610	43.833	39.584	38.253	35.043	35.208	33.587	32.521	30.615	29.091	28.153	26.294	24.260	22.267	20.835	20.017	16.374	15.739	18.603	16.637	11.872	14.485	16.636	12.374	11.157	14.410	15.665	10.434	11.929	15.906	16.405	13.717	15.965	11.417
39.450	42.186	45.210	48.212	50.278	50.580	48.077	45.711	42.098	41.369	39.436	37.099	36.444	35.778	33.238	31.388	31.300	29.894	27.342	26.160	25.618	23.772	21.495	20.430	19.339	17.595	15.758	14.749	13.540	11.569	10.117	9.176	7.450	5.583	4.813	4.429	3.133	1.347	0.996	1.350	4.303	3.935	7.489	11.512	13.301	14.094	45.959	42.727	44.979	39.441	39.719	37.681	37.055	34.763	32.868	32.840	31.167	28.179	27.802	27.136	24.066	22.944	23.626	21.702	17.815	19.072	19.122	16.101	13.694	16.032	14.955	11.473	11.248	13.470	11.516	7.512	7.757	2.906	8.230	47.297	43.455	42.076	38.612	38.474	36.817	35.353	33.563	32.503	31.150	29.020	27.496	25.542	23.540	22.837	19.408	18.288	20.751	18.848	14.366	16.360	17.967	14.299	12.603	15.358	15.644	10.979	10.956	15.106	15.066	11.927	13.476	8.781
40.454	42.934	46.084	48.951	51.128	51.335	48.775	46.175	42.679	41.734	39.619	37.330	36.922	36.203	33.457	31.756	31.930	30.334	27.506	26.812	26.304	24.157	21.811	21.243	19.943	17.878	16.420	15.665	13.957	11.893	11.166	10.116	7.650	6.290	6.714	5.229	2.370	2.841	1.350	0.997	1.345	3.471	6.615	9.867	11.881	13.138	44.844	41.906	44.353	38.956	39.083	36.817	36.470	34.386	32.139	32.006	30.762	27.741	26.830	26.491	23.627	21.938	22.552	21.158	17.606	17.695	18.136	15.614	12.510	14.368	14.170	10.741	9.337	12.190	11.474	7.328	6.444	2.589	6.355	46.107	42.469	40.731	36.948	37.121	35.808	34.124	32.114	31.446	30.290	27.695	26.219	24.888	22.227	21.087	17.896	17.009	18.339	16.327	12.628	13.874	14.888	11.596	9.691	12.207	12.627	7.981	7.899	12.169	12.582	9.555	11.450	6.357
41.370	43.629	47.044	49.515	52.075	52.402	49.967	47.053	43.827	42.821	40.439	38.413	38.266	37.199	34.287	33.120	33.288	31.232	28.301	28.382	27.471	24.967	23.177	22.880	20.874	18.843	18.280	17.223	14.725	13.485	13.572	11.495	8.400	8.404	9.630	6.405	4.679	6.709	4.303	1.345	0.995	1.347	3.390	6.712	9.014	10.594	43.297	40.782	43.523	38.335	38.644	36.411	36.467	34.420	31.865	31.959	31.131	27.871	26.746	26.996	24.256	22.111	22.970	22.095	18.523	17.956	19.061	16.918	13.127	14.977	15.533	12.240	9.860	13.255	13.271	9.406	7.889	4.231	6.117	44.843	41.595	39.738	35.771	35.900	34.745	32.693	30.770	30.587	29.251	26.338	25.347	24.356	21.064	20.064	17.200	15.683	16.464	14.982	11.775	11.589	12.519	10.169	7.348	8.744	10.007	6.307	3.215	8.255	9.470	6.408	7.820	2.548
45.483	47.945	51.217	53.889	56.277	56.594	54.105	51.400	48.005	47.058	44.838	42.654	42.349	41.485	38.677	37.175	37.345	35.553	32.704	32.306	31.588	29.319	27.182	26.691	25.073	23.117	21.992	20.959	18.980	17.392	16.718	15.098	12.755	11.598	11.579	9.366	8.031	8.007	3.935	3.471	1.347	0.997	1.338	3.540	5.786	7.146	48.184	45.697	48.433	43.231	43.549	41.304	41.246	39.189	36.730	36.727	35.740	32.596	31.509	31.454	28.700	26.753	27.350	26.200	22.785	22.360	22.897	20.646	17.474	18.743	18.674	15.454	13.529	15.971	15.283	11.710	10.424	6.029	8.250	49.788	46.549	44.688	40.706	40.852	39.681	37.606	35.716	35.532	34.159	31.265	30.302	29.238	26.021	25.017	22.138	20.608	21.428	19.849	16.721	16.513	17.137	14.642	12.088	13.234	13.588	10.118	6.706	11.455	11.639	8.229	7.441	3.498
48.741	50.929	54.217	56.841	59.216	59.333	56.751	53.814	50.525	49.235	46.879	44.638	44.656	43.898	40.844	39.273	39.998	38.132	34.732	34.993	34.514	31.987	29.263	29.728	28.127	25.767	24.863	24.330	22.072	20.159	20.129	18.795	15.723	13.466	15.792	13.456	11.068	11.288	7.489	6.615	3.390	1.338	1.080	1.348	3.886	5.544	49.953	47.604	50.388	45.309	45.327	42.824	42.804	41.029	38.415	38.103	37.369	34.413	32.860	32.752	30.299	28.090	28.298	27.404	24.423	23.243	23.602	21.803	18.783	19.091	19.285	16.397	13.778	15.947	16.145	13.152	11.030	6.687	7.209	51.288	48.104	45.975	41.790	42.327	41.511	39.431	37.257	37.268	36.264	33.122	31.951	31.386	27.942	26.452	23.823	22.710	22.728	20.882	18.270	17.755	17.573	15.160	13.013	13.396	12.903	9.643	7.813	10.645	9.856	6.097	4.800	3.015
51.183	53.335	56.779	59.143	61.783	62.051	59.598	56.521	53.395	52.195	49.702	47.671	47.753	46.728	43.629	42.484	42.988	40.867	37.584	38.117	37.303	34.676	32.543	32.764	30.770	28.608	28.105	27.200	24.681	23.317	23.402	21.470	18.207	17.452	18.904	15.963	14.404	15.399	11.512	9.867	6.712	3.540	1.348	0.997	1.346	3.587	51.007	48.936	51.923	47.051	47.281	44.869	45.160	43.373	40.564	40.479	40.032	36.883	35.237	35.608	33.209	30.736	31.160	30.655	27.527	26.044	26.995	25.442	21.897	22.430	23.248	20.436	17.154	19.894	20.633	17.606	15.396	11.161	11.030	52.597	49.681	47.588	43.348	43.737	43.009	40.686	38.614	38.973	37.780	34.509	33.704	33.330	29.549	28.269	25.875	24.286	24.143	22.709	20.156	19.036	19.038	17.112	14.544	14.436	14.516	11.627	8.267	11.432	11.732	8.571	6.150	3.387
53.000	55.232	58.675	60.990	63.688	64.049	61.660	58.634	55.513	54.425	51.961	49.985	49.982	48.886	45.852	44.788	45.103	42.970	39.875	40.243	39.310	36.755	34.829	34.770	32.726	30.727	30.184	29.087	26.640	25.436	25.313	23.256	20.288	19.831	20.577	17.658	16.401	17.292	13.301	11.881	9.014	5.786	3.886	1.346	0.960	1.344	52.694	50.747	53.800	49.026	49.401	47.085	47.461	45.601	42.771	42.828	42.396	39.139	37.571	38.095	35.639	33.197	33.724	33.219	29.956	28.596	29.655	28.038	24.417	25.101	25.868	23.026	19.910	22.498	23.007	19.970	17.897	13.636	13.609	54.442	51.665	49.644	45.421	45.663	44.938	42.508	40.533	41.032	39.691	36.424	35.797	35.403	31.597	30.529	28.167	26.303	26.307	25.119	22.507	21.194	21.451	19.732	17.018	16.631	17.120	14.424	10.099	13.600	14.222	11.212	8.497	5.905
54.215	56.528	59.954	62.332	64.981	65.369	62.949	60.004	56.797	55.733	53.332	51.313	51.251	50.221	47.214	46.042	46.360	44.320	41.271	41.468	40.586	38.130	36.067	35.972	34.049	32.104	31.382	30.277	28.003	26.726	26.400	24.440	21.736	20.932	21.496	18.810	17.617	18.140	14.094	13.138	10.594	7.146	5.544	3.587	1.344	0.996	54.289	52.356	55.394	50.632	51.008	48.687	49.005	47.149	44.358	44.372	43.877	40.663	39.112	39.528	37.073	34.724	35.152	34.554	31.304	30.071	30.935	29.266	25.843	26.411	26.940	24.144	21.282	23.494	23.805	20.914	18.924	14.624	14.832	56.042	53.272	51.267	47.064	47.301	46.592	44.178	42.195	42.687	41.352	38.121	37.475	37.029	33.299	32.230	29.847	28.005	28.100	26.857	24.262	23.042	23.239	21.490	18.904	18.479	18.849	16.197	12.148	15.302	15.799	12.809	10.137	7.917
22.482	20.710	23.476	21.225	25.815	26.190	25.884	20.993	22.534	23.463	19.643	22.440	24.822	21.336	17.859	23.684	25.004	18.404	22.470	25.834	24.849	20.467	25.865	28.400	26.203	22.603	30.075	31.659	29.854	31.814	34.596	34.908	33.605	36.348	39.541	39.179	39.988	42.985	45.959	44.844	43.297	48.184	49.953	51.007	52.694	54.289	1.036	1.348	4.116	5.975	9.992	9.816	13.636	13.905	10.891	15.448	17.980	17.736	18.030	21.575	23.528	22.384	24.648	27.290	27.743	27.594	30.632	32.500	31.240	34.148	36.521	37.640	37.299	40.330	41.981	41.185	43.269	44.640	42.295	2.025	4.440	8.034	8.809	6.702	5.940	7.382	9.343	11.156	11.526	13.464	15.480	16.643	19.168	21.453	23.905	24.258	22.698	25.874	28.579	28.758	27.891	31.619	33.836	33.167	35.397	37.857	39.060	39.066	39.805	43.341	45.304	44.289
19.235	17.484	20.641	19.058	23.497	23.675	23.053	18.070	19.105	19.772	15.966	18.521	20.784	17.343	13.693	19.393	20.673	14.014	18.087	21.406	20.491	16.113	21.507	24.050	22.102	18.698	25.910	27.578	26.121	28.027	30.694	31.322	30.414	32.749	35.916	35.988	36.913	39.442	42.727	41.906	40.782	45.697	47.604	48.936	50.747	52.356	1.348	0.960	1.346	2.384	6.226	6.457	10.028	9.591	6.562	11.550	13.871	13.366	14.222	17.626	19.382	18.562	20.956	23.370	23.835	24.061	27.020	28.573	27.669	30.724	32.881	33.994	34.104	36.931	38.291	37.404	39.952	41.533	39.453	2.604	2.219	6.150	7.580	4.878	2.457	4.507	7.170	7.846	7.912	10.565	12.478	12.803	16.154	18.158	20.514	21.385	20.418	23.041	25.668	26.445	25.889	28.738	31.268	31.455	33.237	35.421	36.903	37.282	37.731	41.188	43.352	42.087
17.532	14.952	17.362	15.486	19.682	19.572	19.050	13.982	15.546	16.313	12.421	15.477	18.059	14.761	11.851	17.592	19.157	13.730	17.728	20.820	20.619	16.950	22.040	24.613	23.466	20.448	27.132	28.947	28.111	29.845	32.365	33.389	32.773	34.629	37.880	38.338	39.300	41.241	44.979	44.353	43.523	48.433	50.388	51.923	53.800	55.394	4.116	1.346	0.960	1.352	3.626	5.645	8.239	8.042	7.872	11.543	13.328	13.768	15.626	17.920	19.846	20.256	22.145	24.141	25.188	25.811	28.307	29.562	29.555	32.423	34.115	35.557	36.178	38.656	39.461	38.916	41.875	43.744	41.801	3.734	2.841	6.672	9.844	8.089	4.531	7.966	10.688	9.761	10.469	13.587	15.183	14.811	18.823	20.580	22.778	24.030	23.519	25.557	28.229	29.408	29.013	31.085	34.016	34.729	36.196	38.133	39.846	40.468	40.637	44.120	46.371	45.013
15.162	13.165	16.412	15.439	19.574	19.518	18.624	13.656	14.127	14.508	10.804	13.215	15.252	11.910	8.310	13.911	15.288	9.040	13.074	16.225	15.713	11.540	16.774	19.345	17.992	14.906	21.602	23.388	22.494	24.256	26.749	27.791	27.344	29.160	32.261	32.839	33.843	35.720	39.441	38.956	38.335	43.231	45.309	47.051	49.026	50.632	5.975	2.384	1.352	0.997	1.349	2.879	5.723	4.202	2.957	7.299	9.166	8.651	10.761	13.430	15.010	14.969	17.311	19.353	19.914	20.787	23.452	24.500	24.249	27.382	29.191	30.343	31.010	33.605	34.482	33.553	36.619	38.455	36.734	6.301	1.932	5.644	7.853	6.520	2.523	5.921	8.441	6.098	5.849	9.639	10.821	9.395	13.806	15.498	17.579	18.878	19.063	20.780	23.140	24.582	24.717	26.137	29.043	30.332	31.594	33.197	35.023	36.041	36.160	39.382	41.748	40.081
16.391	13.790	16.628	16.236	19.611	18.600	17.197	11.929	12.341	11.892	7.757	9.978	12.802	10.355	6.768	12.123	14.136	9.370	12.055	15.546	16.236	12.252	16.631	19.393	19.065	15.064	21.655	23.841	23.208	24.376	26.975	28.534	27.617	28.898	32.618	33.564	34.141	35.481	39.719	39.083	38.644	43.549	45.327	47.281	49.401	51.008	9.992	6.226	3.626	1.349	0.960	1.341	2.671	2.547	2.970	5.218	7.024	7.917	9.591	11.611	13.577	14.404	15.921	17.822	19.066	19.799	22.059	23.366	23.720	26.316	27.835	29.419	30.305	32.535	33.179	32.908	35.891	38.010	36.077	7.962	3.329	5.666	7.721	7.383	4.101	8.235	9.812	5.326	7.776	10.676	10.432	9.823	14.470	15.547	17.440	19.342	19.551	20.188	22.987	24.872	24.443	25.443	28.924	30.373	31.216	32.759	34.879	35.823	35.470	39.037	41.380	40.126
19.755	17.541	20.510	20.303	23.536	22.394	20.846	15.569	15.811	14.771	10.725	11.552	14.510	12.931	7.710	12.583	14.948	10.315	10.604	15.034	16.367	11.923	15.309	18.442	18.607	13.489	20.134	22.614	21.848	22.433	25.316	27.119	25.591	26.534	30.863	31.910	32.070	33.236	37.681	36.817	36.411	41.304	42.824	44.869	47.085	48.687	9.816	6.457	5.645	2.879	1.341	1.080	1.351	3.211	2.513	2.053	4.460	6.263	6.681	8.458	10.972	11.985	12.745	14.807	16.461	16.870	18.822	20.650	21.176	23.302	24.769	26.582	27.489	29.492	30.193	30.419	33.101	35.346	33.166	6.815	2.492	2.518	3.733	4.017	2.998	6.790	7.385	2.505	6.818	9.235	7.725	8.503	12.888	13.500	15.215	17.474	17.533	17.227	20.556	22.654	21.704	22.516	26.398	27.875	28.338	29.924	32.249	33.045	32.368	36.220	38.468	37.627
