0.995	1.352	3.419	5.797	9.105	10.805	7.846	11.208	10.550	8.812	13.003	12.044	8.585	12.448	15.201	12.632	11.529	16.645	18.842	17.182	18.170	21.859	21.737	20.599	24.562	26.835	24.535	25.419	29.937	30.864	29.650	32.922	35.167	34.625	35.732	38.576	40.419	38.434	42.953	45.851	47.816	48.569	52.414	55.649	57.021	58.469	23.731	22.406	22.399	22.845	22.849	26.783	25.424	21.284	26.084	27.918	25.350	25.301	29.102	26.826	26.579	29.270	30.965	26.507	28.218	32.349	32.024	27.588	33.240	35.863	32.834	34.534	38.101	39.391	36.579	35.783	41.711	41.384	42.358	27.875	27.593	27.672	27.508	31.797	31.823	34.995	32.121	27.814	33.419	35.003	29.688	30.330	35.020	35.309	30.184	33.820	37.175	34.759	32.676	37.115	38.930	34.085	37.058	40.290	39.378	36.162	41.075	43.518	38.752	42.160	44.800	42.572
1.352	0.960	1.347	2.692	5.666	7.045	3.398	7.739	8.466	7.897	11.347	12.718	10.875	12.407	15.662	16.136	13.386	17.701	20.324	19.953	19.842	23.476	24.712	23.591	26.461	29.216	28.372	28.350	32.700	34.315	33.574	36.297	38.440	38.925	39.822	42.282	44.319	43.143	47.636	50.656	52.497	53.835	57.651	60.772	62.304	63.802	20.010	19.381	19.922	21.457	21.946	25.933	25.928	21.389	25.843	28.409	26.891	26.272	30.804	29.475	29.694	32.034	34.003	30.833	32.297	36.231	36.582	32.703	37.881	40.621	38.371	40.100	43.412	44.955	42.632	41.939	47.761	46.794	48.297	23.901	24.114	24.495	25.231	29.440	29.525	32.941	30.764	26.360	32.214	34.156	29.500	30.121	34.813	35.591	31.351	34.606	37.971	36.005	34.853	38.853	40.832	36.811	39.741	42.914	42.566	39.872	44.490	47.005	43.068	46.402	48.982	46.589
3.419	1.347	0.997	1.349	3.644	6.982	5.407	10.257	11.545	11.147	14.336	15.928	14.395	15.718	19.026	19.672	16.718	21.064	23.726	23.385	23.082	26.764	28.127	26.773	29.567	32.489	31.761	31.400	35.889	37.604	36.855	39.451	41.640	42.216	42.965	45.442	47.540	46.560	50.954	54.018	55.791	57.146	60.984	64.042	65.525	67.043	21.890	21.755	22.604	24.362	24.930	28.868	29.072	24.599	28.891	31.612	30.246	29.557	34.153	32.900	33.157	35.448	37.450	34.348	35.755	39.721	40.098	36.250	41.382	44.141	41.914	43.637	46.938	48.488	46.185	45.466	51.255	50.229	51.682	25.628	26.282	26.668	27.751	31.869	31.721	35.310	33.524	29.055	34.875	36.913	32.561	33.038	37.736	38.626	34.576	37.633	41.100	39.266	38.150	42.087	44.114	40.220	43.061	46.254	45.994	43.314	47.883	50.416	46.552	49.845	52.418	49.937
5.797	2.692	1.349	0.997	1.346	3.841	2.542	6.820	9.168	9.674	11.725	14.314	13.743	13.970	17.375	19.055	15.946	19.528	22.327	22.700	21.875	25.205	27.139	26.161	28.129	31.298	31.321	30.719	34.897	36.762	36.472	38.766	40.813	41.849	42.669	44.853	46.970	46.225	50.725	53.804	55.516	57.241	61.009	64.032	65.651	67.167	17.799	17.994	18.944	21.199	21.943	25.667	26.476	22.262	26.154	29.201	28.455	27.569	32.369	31.532	32.058	34.198	36.224	33.731	35.193	38.966	39.582	36.193	41.023	43.772	41.933	43.808	46.893	48.506	46.475	46.025	51.709	50.319	52.255	21.307	22.106	22.808	24.171	28.245	28.218	31.850	30.240	25.935	31.775	33.852	29.887	30.434	35.053	36.049	32.646	35.467	38.856	37.167	36.549	40.303	42.347	38.816	41.758	44.849	44.806	42.486	46.861	49.373	45.901	49.195	51.740	49.279
9.105	5.666	3.644	1.346	0.997	1.350	3.035	6.830	8.987	11.690	13.640	16.799	15.350	14.717	18.473	20.359	16.486	19.743	22.893	23.270	21.951	25.194	27.667	26.183	27.796	31.346	31.721	30.535	34.794	36.826	36.650	38.642	40.751	41.989	42.640	44.749	46.965	46.674	50.973	54.125	55.738	57.557	61.358	64.277	65.864	67.394	16.800	17.560	18.890	21.196	22.789	26.586	27.606	23.072	26.133	29.894	29.323	27.755	32.863	32.569	32.804	34.662	37.055	35.059	35.831	39.788	40.843	37.418	41.787	44.768	43.400	44.837	47.850	49.704	48.022	47.117	52.580	50.869	52.856	20.436	21.606	21.760	23.352	27.280	26.726	30.566	29.659	24.969	30.698	32.964	29.646	29.644	34.305	35.566	32.541	34.887	38.470	37.325	36.494	40.127	42.346	39.247	41.839	44.957	45.304	42.980	47.150	49.728	46.641	49.706	52.210	49.496
10.805	7.045	6.982	3.841	1.350	0.997	1.346	3.665	6.150	9.746	10.954	14.631	13.785	12.223	15.753	18.105	14.872	16.906	20.354	21.449	19.925	22.436	25.391	24.573	25.543	29.034	29.970	28.876	32.752	34.771	35.012	36.833	38.746	40.235	41.075	42.958	45.123	44.761	49.272	52.391	53.996	56.068	59.790	62.716	64.426	65.945	13.281	13.872	15.144	17.482	19.253	22.996	24.168	19.774	22.529	26.449	26.199	24.638	29.770	29.734	30.205	32.004	34.312	32.783	33.781	37.454	38.616	35.684	39.819	42.702	41.638	43.280	46.074	47.919	46.475	45.888	51.232	49.302	51.691	17.024	17.982	18.047	19.572	23.540	23.126	26.909	25.912	21.325	27.106	29.339	26.076	26.337	30.886	32.110	29.513	31.843	35.236	34.022	33.672	37.216	39.339	36.398	39.257	42.224	42.604	40.652	44.688	47.183	44.344	47.469	49.959	47.401
7.846	3.398	5.407	2.542	3.035	1.346	0.997	1.347	3.259	6.188	7.851	10.970	10.203	9.029	12.717	14.832	11.746	14.139	17.291	18.330	17.093	19.785	22.397	22.049	23.134	26.307	27.037	26.560	30.184	32.056	32.314	34.380	36.177	37.565	38.623	40.510	42.557	41.856	46.519	49.595	51.323	53.342	57.044	60.091	61.872	63.378	13.123	12.976	13.907	15.799	17.204	21.155	21.913	17.265	20.588	24.133	23.510	22.063	27.112	26.822	27.221	29.130	31.400	29.576	30.718	34.375	35.420	32.388	36.718	39.533	38.295	40.071	42.908	44.676	43.105	42.705	48.153	46.382	48.846	17.093	17.554	17.652	18.677	22.786	22.609	26.181	24.642	20.006	25.861	27.975	24.143	24.523	29.129	30.205	27.040	29.743	33.080	31.651	31.123	34.773	36.850	33.635	36.566	39.560	39.766	37.694	41.866	44.363	41.308	44.512	47.027	44.606
11.208	7.739	10.257	6.820	6.830	3.665	1.347	0.997	1.344	3.559	4.166	8.048	7.920	6.233	8.872	11.722	10.128	10.926	14.232	15.989	15.298	16.694	19.609	20.595	21.139	23.574	24.958	25.196	28.195	29.861	30.529	32.621	34.025	35.561	36.929	38.705	40.571	39.323	44.418	47.355	49.144	51.371	54.922	58.059	59.994	61.440	8.218	7.660	8.468	10.633	11.913	15.659	16.765	12.607	15.801	19.274	19.188	18.202	23.055	22.860	23.716	25.784	27.611	26.181	27.971	31.176	32.101	29.681	33.989	36.514	35.400	37.585	40.216	41.849	40.398	40.508	45.927	44.180	46.992	12.101	12.201	12.487	13.547	17.702	18.070	21.488	19.610	15.576	21.513	23.471	19.591	20.747	25.099	25.977	23.461	26.298	29.248	27.395	27.780	31.348	33.175	29.979	33.458	36.255	36.255	34.697	38.814	41.127	38.146	41.564	44.084	42.060
10.550	8.466	11.545	9.168	8.987	6.150	3.259	1.344	1.080	1.348	2.898	6.104	5.310	2.760	6.478	8.601	5.830	7.922	10.836	12.024	11.169	13.697	16.100	16.438	17.430	20.245	20.885	21.070	24.336	26.041	26.384	28.611	30.257	31.602	32.855	34.732	36.655	35.609	40.453	43.482	45.304	47.326	51.004	54.131	55.991	57.482	10.742	9.449	9.789	10.653	11.736	15.824	16.029	11.140	14.943	18.085	17.186	15.868	20.796	20.435	20.785	22.776	24.991	23.242	24.355	27.941	29.063	26.109	30.340	33.133	32.104	33.810	36.573	38.371	37.021	36.622	41.995	40.225	42.880	15.055	14.645	14.298	14.428	18.691	18.640	21.943	19.728	15.148	20.966	22.939	18.447	19.047	23.679	24.567	20.999	24.002	27.251	25.531	25.030	28.754	30.747	27.304	30.407	33.377	33.404	31.335	35.595	38.058	34.898	38.161	40.693	38.434
8.812	7.897	11.147	9.674	11.690	9.746	6.188	3.559	1.348	0.997	1.345	2.709	2.548	2.186	4.357	6.183	6.455	8.032	10.075	11.418	12.090	14.104	14.931	17.032	18.693	20.339	20.549	22.219	24.926	26.136	26.486	29.142	30.515	31.545	33.139	35.154	36.796	34.723	40.067	42.908	44.917	46.808	50.343	53.665	55.602	57.024	13.595	11.541	11.102	11.337	11.317	15.297	14.675	10.183	14.992	17.117	15.656	15.638	19.857	18.586	19.401	21.801	23.448	20.851	23.206	26.437	26.743	23.890	28.994	31.327	29.178	31.949	34.811	36.000	33.783	34.562	40.339	39.302	41.882	17.750	16.630	16.940	16.299	20.750	21.630	24.391	20.824	17.181	23.012	24.392	18.963	20.680	25.047	25.242	21.213	25.001	27.798	25.102	24.891	28.853	30.513	26.369	30.084	32.974	32.336	30.373	34.921	37.228	33.477	37.141	39.726	37.982
13.003	11.347	14.336	11.725	13.640	10.954	7.851	4.166	2.898	1.345	1.080	1.340	3.241	2.469	2.033	4.202	6.101	6.715	7.783	9.795	11.267	12.045	12.496	15.634	17.332	18.058	19.018	21.287	23.392	24.343	25.122	27.720	28.647	29.877	31.674	33.622	35.070	32.596	38.253	41.001	43.043	45.118	48.581	51.925	53.997	55.401	10.700	8.287	7.554	8.032	7.299	11.180	11.106	6.995	11.801	13.816	12.493	12.916	16.863	15.580	16.669	19.161	20.521	18.350	20.953	23.908	24.354	22.131	26.817	29.022	27.606	30.255	32.829	34.227	32.658	33.409	38.903	37.536	40.619	14.571	12.998	13.610	13.039	17.409	19.056	21.544	17.584	14.697	20.615	21.701	16.172	18.494	22.617	22.479	18.692	22.602	25.173	22.104	22.365	26.289	27.742	23.560	27.563	30.384	29.585	27.949	32.447	34.634	30.959	34.731	37.311	35.841
12.044	12.718	15.928	14.314	16.799	14.631	10.970	8.048	6.104	2.709	1.340	1.080	1.346	3.201	2.761	2.100	4.494	6.242	6.315	7.928	10.064	11.456	10.311	13.846	16.113	16.749	16.673	19.620	21.766	22.333	22.896	25.825	26.854	27.610	29.529	31.629	32.966	30.166	35.848	38.562	40.710	42.540	46.041	49.463	51.495	52.891	14.775	12.087	10.849	10.084	8.604	12.255	10.639	7.093	11.992	13.488	11.552	12.490	15.944	13.931	14.859	17.401	18.776	15.847	18.563	21.636	21.807	19.186	24.240	26.438	24.671	27.337	30.055	31.393	29.611	30.326	35.949	34.860	37.730	18.644	16.640	17.207	15.624	20.032	21.424	23.561	19.065	16.337	21.928	22.442	16.671	19.056	23.085	22.501	18.124	22.364	24.894	21.521	21.140	25.355	26.714	22.057	26.074	28.931	27.826	25.852	30.578	32.774	28.670	32.517	35.121	33.714
8.585	10.875	14.395	13.743	15.350	13.785	10.203	7.920	5.310	2.548	3.241	1.346	0.960	1.352	3.328	2.331	2.028	4.343	6.270	6.651	7.723	10.223	10.632	12.202	14.324	16.005	15.517	17.467	20.226	21.326	21.440	24.256	25.776	26.564	28.141	30.237	31.883	29.954	35.093	37.994	40.040	41.814	45.434	48.753	50.657	52.109	16.449	13.858	12.805	11.680	11.415	15.158	13.385	9.206	13.898	15.685	13.110	12.750	16.773	15.292	15.410	17.773	19.714	16.800	18.570	22.126	22.632	19.376	24.355	26.896	25.063	27.303	30.223	31.735	29.802	29.936	35.634	34.398	36.944	20.795	18.987	18.817	16.960	21.355	21.674	24.247	20.497	16.626	21.977	22.922	17.311	18.489	22.923	22.866	17.900	21.905	24.871	22.321	20.968	25.201	26.955	22.580	25.915	28.928	28.327	25.899	30.539	32.948	29.116	32.603	35.187	33.238
12.448	12.407	15.718	13.970	14.717	12.223	9.029	6.233	2.760	2.186	2.469	3.201	1.352	0.960	1.353	3.267	2.638	2.077	4.483	6.088	6.516	8.165	10.007	11.397	12.726	14.496	15.281	16.652	19.051	20.399	21.088	23.434	24.706	26.054	27.598	29.464	31.145	29.577	34.733	37.666	39.593	41.722	45.300	48.523	50.526	51.991	12.379	9.944	9.277	8.605	9.407	13.300	11.879	6.953	11.225	13.588	11.566	10.349	14.938	14.386	14.490	16.538	18.750	17.158	18.216	21.638	22.898	20.244	24.205	26.935	26.260	27.985	30.536	32.346	31.326	31.111	36.326	34.451	37.533	16.830	15.262	14.656	13.289	17.664	17.847	20.663	17.313	13.135	18.599	19.811	14.343	15.360	19.874	20.155	15.513	19.272	22.279	20.113	19.185	23.117	24.983	21.156	24.401	27.354	27.160	25.089	29.424	31.846	28.620	31.934	34.477	32.447
15.201	15.662	19.026	17.375	18.473	15.753	12.717	8.872	6.478	4.357	2.033	2.761	3.328	1.353	0.997	1.353	3.281	2.444	2.007	4.152	6.041	6.515	7.012	9.802	11.638	12.136	13.232	15.658	17.419	18.304	19.306	21.778	22.582	23.927	25.740	27.628	29.048	26.827	32.353	35.159	37.170	39.349	42.831	46.139	48.243	49.672	11.492	8.420	6.623	4.937	4.460	8.095	6.485	2.373	6.967	8.750	7.003	7.401	11.221	10.175	11.110	13.459	15.061	13.312	15.317	18.408	19.247	17.252	21.274	23.725	22.899	25.142	27.555	29.191	28.083	28.491	33.682	31.891	35.247	15.247	12.635	12.552	10.351	14.774	15.893	18.050	13.741	10.758	16.322	16.869	11.135	13.700	17.597	17.100	13.142	17.213	19.704	16.487	16.560	20.596	22.076	17.924	21.708	24.580	23.962	22.146	26.581	28.875	25.438	28.981	31.544	29.860
12.632	16.136	19.672	19.055	20.359	18.105	14.832	11.722	8.601	6.183	4.202	2.100	2.331	3.267	1.353	0.997	1.350	3.260	2.841	2.008	4.407	6.293	5.506	7.777	10.172	11.384	10.775	13.570	15.760	16.523	16.911	19.779	21.052	21.753	23.556	25.646	27.100	24.551	30.024	32.753	34.882	36.574	40.134	43.551	45.529	46.957	16.750	13.778	12.212	9.919	9.724	12.873	10.094	6.414	10.882	11.970	8.852	9.052	12.422	10.371	10.275	12.818	14.589	11.159	13.165	16.632	16.931	13.553	18.738	21.141	19.319	21.502	24.425	25.918	24.140	24.271	29.953	28.958	31.584	20.966	18.585	18.124	15.345	19.643	20.130	22.247	18.130	14.768	19.867	20.134	14.473	15.715	19.802	19.164	13.853	18.066	20.956	18.161	16.255	20.700	22.363	17.670	21.043	24.058	23.204	20.660	25.446	27.792	23.560	27.232	29.835	28.159
11.529	13.386	16.718	15.946	16.486	14.872	11.746	10.128	5.830	6.455	6.101	4.494	2.028	2.638	3.281	1.350	0.997	1.350	3.357	2.477	1.987	4.592	6.257	6.653	8.348	10.357	10.744	11.691	14.425	15.911	16.276	18.646	20.225	21.428	22.808	24.724	26.526	25.511	30.251	33.308	35.210	37.207	40.898	44.069	45.971	47.465	16.897	14.410	13.373	11.009	11.896	15.053	12.586	8.226	12.018	14.010	11.208	9.196	13.406	13.102	11.885	13.683	16.403	14.797	14.436	18.593	20.233	16.914	20.499	23.703	23.220	24.217	26.876	28.946	28.008	27.047	32.193	30.142	32.976	21.391	19.597	18.559	15.722	19.511	19.228	21.606	18.346	13.997	18.544	19.469	14.255	14.113	18.602	18.753	13.182	16.776	20.214	18.504	16.075	20.198	22.263	18.513	20.833	24.071	24.203	21.515	25.806	28.403	25.318	28.247	30.757	28.282
16.645	17.701	21.064	19.528	19.743	16.906	14.139	10.926	7.922	8.032	6.715	6.242	4.343	2.077	2.444	3.260	1.350	0.997	1.351	3.226	2.612	2.314	4.612	6.214	6.972	8.557	10.225	11.500	13.201	14.586	15.885	17.787	18.796	20.467	22.081	23.751	25.414	24.273	29.295	32.284	34.099	36.477	40.041	43.165	45.229	46.725	12.166	9.461	8.290	4.705	6.960	9.658	8.559	3.199	5.825	9.273	8.035	5.140	10.240	10.733	10.086	11.282	14.257	13.798	13.301	17.025	18.939	16.739	19.402	22.576	23.048	23.954	26.036	28.235	28.102	27.314	31.976	29.426	33.023	16.282	13.973	12.422	8.908	12.617	12.533	14.933	11.593	7.294	12.322	13.609	8.436	8.861	13.479	14.128	9.802	13.162	16.315	14.832	13.407	17.289	19.329	15.976	18.546	21.601	21.930	19.757	23.781	26.312	23.703	26.601	29.074	26.758
18.842	20.324	23.726	22.327	22.893	20.354	17.291	14.232	10.836	10.075	7.783	6.315	6.270	4.483	2.007	2.841	3.357	1.351	0.997	1.350	3.157	2.521	1.960	4.207	6.185	6.581	7.519	9.895	11.454	12.262	13.447	15.776	16.581	17.939	19.733	21.574	23.006	21.244	26.487	29.389	31.357	33.599	37.136	40.387	42.492	43.963	16.640	13.474	11.366	7.301	7.079	7.986	5.119	2.558	5.233	6.130	3.378	2.900	6.368	5.761	6.043	8.259	10.138	9.337	10.031	13.508	14.901	13.101	16.086	19.028	19.045	20.486	22.646	24.685	24.259	23.909	28.656	26.332	29.941	20.329	17.303	16.316	11.878	15.470	15.944	16.842	12.856	10.256	14.476	13.938	8.315	10.410	13.946	12.940	8.316	12.660	15.095	11.954	11.291	15.457	16.908	12.639	16.235	19.222	18.696	16.748	21.084	23.503	20.355	23.578	26.103	24.030
17.182	19.953	23.385	22.700	23.270	21.449	18.330	15.989	12.024	11.418	9.795	7.928	6.651	6.088	4.152	2.008	2.477	3.226	1.350	0.997	1.352	3.282	2.616	2.004	4.537	6.238	5.893	7.693	9.972	11.198	11.412	13.963	15.566	16.556	17.983	19.966	21.694	20.708	25.335	28.418	30.367	32.311	36.039	39.228	41.163	42.684	19.674	16.788	15.231	11.697	12.505	14.318	11.431	7.793	11.282	12.035	8.699	7.335	10.735	10.070	7.831	10.057	12.522	10.527	9.793	14.117	15.743	12.399	15.793	19.021	18.852	19.599	22.161	24.253	23.674	22.688	27.588	25.294	28.394	23.864	21.396	20.208	16.465	20.013	19.911	21.491	18.110	14.373	18.431	18.546	13.285	13.654	17.594	16.977	11.195	14.564	18.113	16.059	12.576	16.979	19.053	14.834	16.720	20.161	20.190	17.074	21.429	24.096	20.806	23.654	26.158	23.512
18.170	19.842	23.082	21.875	21.951	19.925	17.093	15.298	11.169	12.090	11.267	10.064	7.723	6.516	6.041	4.407	1.987	2.612	3.157	1.352	0.997	1.353	3.323	2.573	2.361	4.762	6.421	6.436	8.487	10.336	11.423	12.981	14.474	16.111	17.446	19.058	20.961	20.780	25.214	28.393	30.101	32.384	36.107	39.092	41.044	42.603	18.573	16.109	15.204	11.556	13.743	15.578	13.233	9.021	11.420	13.516	10.415	7.555	11.190	11.801	9.636	10.232	13.850	13.265	10.743	15.591	17.912	15.152	16.763	20.746	21.711	21.560	23.370	26.148	26.397	24.648	28.820	25.760	29.280	22.773	20.765	18.862	15.157	18.059	17.347	19.523	16.884	12.275	15.846	17.004	12.271	11.050	15.239	15.436	9.501	11.952	16.058	15.097	11.339	15.218	17.695	14.810	15.608	19.139	20.132	17.213	20.926	23.687	21.536	23.742	26.114	23.074
21.859	23.476	26.764	25.205	25.194	22.436	19.785	16.694	13.697	14.104	12.045	11.456	10.223	8.165	6.515	6.293	4.592	2.314	2.521	3.282	1.353	0.997	1.348	3.153	2.518	2.261	4.607	6.312	7.022	8.214	10.088	11.709	12.363	14.196	15.972	17.474	19.048	18.269	23.124	26.150	27.895	30.430	33.988	37.045	39.156	40.679	16.769	13.938	12.840	8.107	10.279	10.990	9.426	5.556	6.489	8.511	6.233	2.343	6.019	7.258	6.234	5.797	9.539	10.492	8.204	12.253	14.636	13.289	14.140	17.916	19.489	19.451	20.851	23.626	24.394	22.889	26.866	23.628	27.712	20.410	17.936	15.878	11.266	13.782	13.356	14.694	11.818	8.038	11.321	11.585	6.715	6.512	10.364	10.004	4.279	8.017	11.267	9.843	7.395	11.282	13.407	10.363	12.400	15.573	16.228	14.080	17.754	20.387	18.359	20.762	23.139	20.452
21.737	24.712	28.127	27.139	27.667	25.391	22.397	19.609	16.100	14.931	12.496	10.311	10.632	10.007	7.012	5.506	6.257	4.612	1.960	2.616	3.323	1.348	0.997	1.350	3.251	2.443	1.918	4.304	6.051	6.524	7.518	9.899	11.010	12.036	13.730	15.638	17.130	16.020	20.758	23.809	25.781	27.908	31.570	34.780	36.827	38.343	21.464	18.317	16.253	11.833	11.416	10.742	7.634	6.530	8.029	6.589	2.724	2.552	4.165	3.670	2.575	4.042	6.475	6.494	5.425	9.439	11.359	9.144	11.458	14.870	15.585	16.020	18.048	20.407	20.476	19.390	23.731	20.897	24.585	25.004	21.894	20.725	15.833	18.719	18.806	18.758	15.483	13.356	15.719	14.321	9.817	11.010	13.654	11.474	6.508	10.656	12.976	9.598	7.250	11.880	13.375	8.720	11.825	14.939	14.532	12.188	16.437	18.985	16.031	18.817	21.289	18.664
20.599	23.591	26.773	26.161	26.183	24.573	22.049	20.595	16.438	17.032	15.634	13.846	12.202	11.397	9.802	7.777	6.653	6.214	4.207	2.004	2.573	3.153	1.350	0.997	1.353	3.248	2.411	2.021	4.335	6.069	6.247	8.077	9.992	11.253	12.371	14.187	16.145	16.220	20.329	23.606	25.401	27.378	31.240	34.248	36.111	37.682	23.661	20.901	19.618	15.341	16.793	17.350	14.737	11.689	13.609	13.938	10.272	8.325	10.661	10.942	7.752	8.758	11.967	10.975	7.432	12.849	15.098	11.685	12.923	17.321	18.307	17.257	19.275	22.212	22.377	19.936	24.014	20.925	24.011	27.679	25.298	23.524	19.109	21.686	21.130	22.207	19.440	15.878	18.412	18.551	14.009	13.240	16.716	16.020	10.069	12.168	16.219	14.739	10.289	14.031	16.598	13.028	12.944	16.791	17.852	14.002	17.641	20.520	18.328	19.892	22.285	18.758
24.562	26.461	29.567	28.129	27.796	25.543	23.134	21.139	17.430	18.693	17.332	16.113	14.324	12.726	11.638	10.172	8.348	6.972	6.185	4.537	2.361	2.518	3.251	1.353	0.997	1.351	3.318	2.596	2.085	4.338	6.039	6.878	8.058	9.999	11.451	12.721	14.609	15.129	19.238	22.497	24.081	26.541	30.277	33.136	35.132	36.722	22.134	19.661	19.001	14.485	16.902	17.305	15.622	12.161	12.672	14.070	11.217	7.577	9.975	11.758	9.159	8.196	12.242	12.746	7.848	12.818	15.622	13.650	12.635	17.454	19.501	18.169	19.027	22.555	23.748	21.218	24.387	20.415	24.504	25.841	23.791	21.304	16.871	18.416	17.127	18.272	16.209	12.590	13.778	14.804	11.257	8.482	12.049	12.511	7.149	7.240	12.003	11.998	6.982	10.224	13.428	11.445	10.340	14.196	15.851	12.633	15.556	18.468	17.327	18.494	20.692	17.023
26.835	29.216	32.489	31.298	31.346	29.034	26.307	23.574	20.245	20.339	18.058	16.749	16.005	14.496	12.136	11.384	10.357	8.557	6.581	6.238	4.762	2.261	2.443	3.248	1.351	0.997	1.352	3.269	2.607	1.936	4.210	6.095	6.370	7.812	9.810	11.335	12.706	12.204	16.756	19.863	21.690	24.131	27.753	30.833	32.954	34.499	23.090	19.974	18.538	13.347	13.891	12.613	11.055	8.862	8.128	7.825	5.861	2.133	2.704	5.246	4.588	1.765	6.001	8.060	4.337	8.092	11.126	10.437	9.170	13.682	15.806	14.851	15.620	19.085	20.395	18.142	21.338	17.517	21.914	26.028	23.208	21.053	15.575	17.134	16.385	15.774	13.126	11.375	11.842	10.430	7.198	7.147	8.649	6.681	1.660	5.052	7.557	5.223	2.561	6.540	8.402	5.212	7.486	10.509	11.122	9.139	12.581	15.297	13.593	15.279	17.568	14.325
24.535	28.372	31.761	31.321	31.721	29.970	27.037	24.958	20.885	20.549	19.018	16.673	15.517	15.281	13.232	10.775	10.744	10.225	7.519	5.893	6.421	4.607	1.918	2.411	3.318	1.352	0.997	1.351	3.284	2.438	1.815	4.353	6.052	6.491	7.795	9.886	11.570	11.150	15.389	18.597	20.560	22.417	26.217	29.382	31.322	32.877	27.354	24.434	23.064	18.410	19.428	19.080	16.361	14.328	15.259	14.415	10.847	8.753	9.830	9.385	6.205	6.464	9.322	7.249	2.637	8.279	10.362	6.587	7.357	11.768	12.886	11.492	13.553	16.431	16.781	14.302	18.383	15.683	18.999	31.101	28.540	26.607	21.679	23.683	22.864	23.224	20.654	17.868	19.044	18.644	14.985	13.826	16.292	15.127	9.820	11.321	14.672	12.664	7.901	11.732	13.889	9.426	9.746	13.372	13.672	9.172	13.349	16.112	13.096	14.874	17.389	14.080
25.419	28.350	31.400	30.719	30.535	28.876	26.560	25.196	21.070	22.219	21.287	19.620	17.467	16.652	15.658	13.570	11.691	11.500	9.895	7.693	6.436	6.312	4.304	2.021	2.596	3.269	1.351	0.997	1.350	3.313	2.518	2.150	4.480	6.220	6.814	8.252	10.490	11.655	15.270	18.744	20.319	22.351	26.326	29.092	30.919	32.563	27.734	25.315	24.473	20.102	21.845	21.710	19.370	16.776	17.586	17.373	14.003	11.311	12.509	13.376	10.232	9.747	13.113	12.730	6.905	12.522	15.073	12.213	10.945	16.116	17.896	15.898	16.922	20.656	21.515	18.316	21.105	16.822	20.459	31.662	29.657	27.342	22.980	24.696	23.404	24.329	22.158	18.823	19.795	20.147	16.734	14.341	17.252	16.889	11.640	11.758	15.941	14.648	9.841	12.069	15.186	12.135	10.507	14.381	16.046	11.586	14.294	17.473	16.388	16.327	18.683	14.119
29.937	32.700	35.889	34.897	34.794	32.752	30.184	28.195	24.336	24.926	23.392	21.766	20.226	19.051	17.419	15.760	14.425	13.201	11.454	9.972	8.487	7.022	6.051	4.335	2.085	2.607	3.284	1.350	0.997	1.350	3.178	2.632	2.103	4.455	6.147	6.876	8.551	9.798	13.446	16.779	18.289	20.827	24.581	27.356	29.396	31.013	29.023	26.290	25.339	20.346	21.853	21.112	19.377	16.869	16.585	16.428	13.887	10.439	10.740	12.991	10.410	7.760	11.820	13.108	7.087	11.270	14.517	13.296	9.791	15.138	17.447	15.331	15.271	19.490	21.031	18.215	20.197	15.321	19.912	32.372	30.044	27.522	22.481	23.452	21.782	22.050	20.135	17.338	17.261	17.280	14.389	11.951	13.710	13.407	9.406	7.976	11.770	10.879	6.095	7.617	11.133	9.288	7.002	10.808	12.814	9.055	10.967	14.257	14.096	13.715	15.825	11.356
30.864	34.315	37.604	36.762	36.826	34.771	32.056	29.861	26.041	26.136	24.343	22.333	21.326	20.399	18.304	16.523	15.911	14.586	12.262	11.198	10.336	8.214	6.524	6.069	4.338	1.936	2.438	3.313	1.350	0.997	1.349	3.226	2.454	1.938	4.246	5.972	7.010	6.953	10.981	14.276	16.249	18.371	22.157	25.249	27.310	28.890	30.924	28.029	26.778	21.796	22.683	21.527	19.360	17.480	17.349	16.146	13.460	10.668	10.461	11.259	8.114	6.315	9.452	9.780	3.314	7.825	10.592	8.983	5.493	10.707	12.915	11.049	11.491	15.258	16.723	14.338	16.706	12.168	16.691	34.342	31.789	29.571	24.383	25.769	24.442	24.438	22.221	19.707	19.804	19.259	16.272	14.602	15.932	14.671	10.852	10.670	13.000	10.804	6.760	8.825	11.132	7.090	6.057	9.625	10.822	5.869	9.388	12.325	10.479	11.160	13.596	9.461
29.650	33.574	36.855	36.472	36.650	35.012	32.314	30.529	26.384	26.486	25.122	22.896	21.440	21.088	19.306	16.911	16.276	15.885	13.447	11.412	11.423	10.088	7.518	6.247	6.039	4.210	1.815	2.518	3.178	1.349	0.960	1.350	3.260	2.624	2.081	4.426	6.445	7.272	10.691	14.247	16.025	17.598	21.703	24.579	26.356	28.010	32.889	30.045	28.805	24.009	25.165	24.432	22.120	19.992	20.266	19.383	16.327	13.599	13.897	14.494	11.181	9.913	13.101	12.580	6.157	11.346	13.940	11.041	7.808	13.576	15.362	12.127	12.779	16.829	17.770	14.106	16.412	12.226	15.789	36.514	34.040	31.872	26.824	28.321	27.016	27.158	24.948	22.285	22.518	22.157	19.109	17.259	18.814	17.903	13.794	13.360	16.280	14.455	10.130	12.000	14.571	10.851	9.324	12.827	14.077	8.726	12.098	15.077	13.442	12.874	15.497	10.717
32.922	36.297	39.451	38.766	38.642	36.833	34.380	32.621	28.611	29.142	27.720	25.825	24.256	23.434	21.778	19.779	18.646	17.787	15.776	13.963	12.981	11.709	9.899	8.077	6.878	6.095	4.353	2.150	2.632	3.226	1.350	0.997	1.349	3.289	2.630	2.252	4.784	7.535	10.113	13.724	14.964	17.078	21.110	23.618	25.455	27.157	34.053	31.371	30.395	25.536	27.026	26.361	24.279	21.932	21.975	21.459	18.570	15.544	15.784	16.988	13.793	12.179	15.415	15.412	8.790	13.659	16.414	14.184	10.350	16.062	18.110	15.051	14.991	19.473	20.693	17.103	18.472	12.986	17.044	37.535	35.291	32.751	27.809	28.632	26.747	26.981	25.304	22.474	22.049	22.205	19.576	16.880	18.218	18.239	14.699	12.343	16.013	15.248	10.717	11.021	14.651	12.497	9.338	12.766	14.737	10.035	10.945	14.822	14.882	13.077	15.189	9.577
35.167	38.440	41.640	40.813	40.751	38.746	36.177	34.025	30.257	30.515	28.647	26.854	25.776	24.706	22.582	21.052	20.225	18.796	16.581	15.566	14.474	12.363	11.010	9.992	8.058	6.370	6.052	4.480	2.103	2.454	3.260	1.349	0.997	1.350	3.213	2.537	2.497	4.762	7.502	10.915	12.476	14.918	18.699	21.469	23.566	25.188	34.099	31.137	29.928	24.763	25.600	24.120	22.536	20.575	19.607	18.722	16.820	13.627	12.348	14.452	11.708	8.842	11.806	12.884	7.374	9.228	12.675	12.346	7.232	12.243	14.836	12.777	11.575	16.188	18.068	15.565	16.115	10.295	15.225	36.986	34.419	31.932	26.522	27.225	25.461	24.857	23.120	20.973	19.988	19.278	16.985	14.993	14.975	14.277	11.213	9.862	11.028	9.978	6.445	6.050	8.714	6.812	2.915	6.074	8.157	4.905	5.337	8.787	9.706	8.942	10.726	6.012
34.625	38.925	42.216	41.849	41.989	40.235	37.565	35.561	31.602	31.545	29.877	27.610	26.564	26.054	23.927	21.753	21.428	20.467	17.939	16.556	16.111	14.196	12.036	11.253	9.999	7.812	6.491	6.220	4.455	1.938	2.624	3.289	1.350	0.976	1.349	3.102	2.918	2.474	5.649	9.057	11.021	12.134	16.247	19.536	21.352	22.894	36.892	33.987	32.718	27.712	28.587	27.349	25.130	23.387	23.137	21.787	19.184	16.546	15.926	15.955	12.698	11.300	13.560	12.389	7.240	9.327	11.822	9.309	4.396	9.525	11.011	6.891	6.709	11.095	11.905	7.884	8.902	5.497	8.482	40.233	37.686	35.405	30.144	31.289	29.726	29.487	27.506	25.123	24.664	24.092	21.419	19.555	20.128	19.236	15.931	14.841	16.432	14.811	11.356	11.594	13.748	10.424	8.184	11.143	11.148	5.686	8.104	11.163	9.033	7.525	10.270	6.004
35.732	39.822	42.965	42.669	42.640	41.075	38.623	36.929	32.855	33.139	31.674	29.529	28.141	27.598	25.740	23.556	22.808	22.081	19.733	17.983	17.446	15.972	13.730	12.371	11.451	9.810	7.795	6.814	6.147	4.246	2.081	2.630	3.213	1.349	0.997	1.350	3.269	4.877	6.825	10.525	11.693	12.952	17.228	19.696	21.319	23.065	38.655	35.854	34.684	29.769	30.879	29.876	27.697	25.696	25.597	24.539	21.803	18.996	18.708	19.256	15.919	14.395	17.220	16.539	10.445	13.841	16.673	14.371	9.578	15.106	17.050	13.199	12.658	17.325	18.419	14.453	14.746	9.573	12.667	42.136	39.709	37.384	32.262	33.385	31.730	31.687	29.780	27.221	26.815	26.470	23.781	21.689	22.481	21.797	18.429	16.964	19.009	17.566	13.995	14.071	16.592	13.630	10.770	13.824	14.885	9.620	10.960	14.516	13.901	11.503	13.821	8.486
38.576	42.282	45.442	44.853	44.749	42.958	40.510	38.705	34.732	35.154	33.622	31.629	30.237	29.464	27.628	25.646	24.724	23.751	21.574	19.966	19.058	17.474	15.638	14.187	12.721	11.335	9.886	8.252	6.876	5.972	4.426	2.252	2.537	3.102	1.350	0.997	1.350	4.513	5.850	9.191	9.808	11.820	15.902	18.096	19.934	21.700	39.682	36.934	35.940	30.918	32.151	30.984	29.156	27.060	26.472	25.673	23.329	20.242	19.408	20.901	17.709	15.697	18.518	18.431	12.396	15.139	18.220	16.455	11.226	16.592	18.773	15.149	13.827	18.847	20.218	16.637	16.374	10.157	13.992	42.907	40.592	37.975	32.829	33.361	31.285	31.059	29.584	27.099	26.045	25.825	23.614	21.187	21.343	21.109	18.058	15.893	17.570	16.904	13.403	12.269	15.224	13.431	9.403	11.771	14.041	9.778	8.495	13.053	14.022	11.184	12.314	6.586
40.419	44.319	47.540	46.970	46.965	45.123	42.557	40.571	36.655	36.796	35.070	32.966	31.883	31.145	29.048	27.100	26.526	25.414	23.006	21.694	20.961	19.048	17.130	16.145	14.609	12.706	11.570	10.490	8.551	7.010	6.445	4.784	2.497	2.918	3.269	1.350	0.997	1.348	3.336	6.184	7.381	9.875	13.634	16.207	18.364	20.014	41.454	38.567	37.361	32.278	33.043	31.491	29.580	27.901	27.202	25.781	23.711	20.906	19.590	20.380	17.418	15.387	17.393	17.163	12.320	13.021	16.068	14.497	8.886	13.496	15.796	12.426	9.966	15.172	16.827	13.947	13.362	6.980	11.814	44.606	42.097	39.674	34.358	35.139	33.275	32.788	31.130	28.879	27.860	27.227	25.005	22.925	22.747	22.028	19.151	17.550	18.090	16.947	13.784	12.943	14.416	12.097	9.238	10.488	11.618	7.153	5.772	10.044	10.309	7.148	8.392	2.947
38.434	43.143	46.560	46.225	46.674	44.761	41.856	39.323	35.609	34.723	32.596	30.166	29.954	29.577	26.827	24.551	25.511	24.273	21.244	20.708	20.780	18.269	16.020	16.220	15.129	12.204	11.150	11.655	9.798	6.953	7.272	7.535	4.762	2.474	4.877	4.513	1.348	0.976	1.347	4.079	6.989	8.663	12.148	15.638	17.897	19.346	40.203	37.015	35.252	30.253	30.046	27.998	25.878	24.968	24.241	21.966	20.192	18.118	15.913	15.729	13.258	10.932	11.854	11.329	7.917	7.091	9.244	7.411	2.675	6.004	8.018	4.932	2.718	7.421	9.061	6.660	7.091	2.552	7.531	43.054	40.115	38.136	32.605	33.906	32.626	31.601	29.501	27.872	27.081	25.594	23.303	22.089	21.590	19.910	17.345	16.830	16.257	14.148	11.638	11.470	11.225	8.338	6.708	8.206	6.950	2.847	4.282	6.697	4.269	3.118	5.614	2.551
42.953	47.636	50.954	50.725	50.973	49.272	46.519	44.418	40.453	40.067	38.253	35.848	35.093	34.733	32.353	30.024	30.251	29.295	26.487	25.335	25.214	23.124	20.758	20.329	19.238	16.756	15.389	15.270	13.446	10.981	10.691	10.113	7.502	5.649	6.825	5.850	3.336	1.347	0.996	1.350	3.893	3.953	7.723	11.142	13.206	14.583	45.681	42.630	41.124	36.099	36.391	34.629	32.529	31.222	30.598	28.719	26.670	24.240	22.591	22.688	19.832	17.870	19.186	18.404	14.437	14.411	16.286	14.127	9.343	12.544	13.990	10.762	7.563	12.066	13.279	9.639	8.182	2.797	5.525	48.710	46.011	43.837	38.382	39.402	37.744	36.999	35.176	33.192	32.196	31.199	28.971	27.217	26.826	25.730	22.985	21.781	21.746	20.255	17.367	16.658	17.119	14.737	12.223	13.080	12.664	9.149	8.028	10.231	8.944	5.376	5.831	3.346
45.851	50.656	54.018	53.804	54.125	52.391	49.595	47.355	43.482	42.908	41.001	38.562	37.994	37.666	35.159	32.753	33.308	32.284	29.389	28.418	28.393	26.150	23.809	23.606	22.497	19.863	18.597	18.744	16.779	14.276	14.247	13.724	10.915	9.057	10.525	9.191	6.184	4.079	1.350	0.997	1.345	3.508	6.567	9.812	12.312	13.897	48.452	45.304	43.752	38.667	38.710	36.723	34.712	33.630	32.819	30.748	28.990	26.702	24.599	24.704	22.102	19.838	20.799	20.232	16.730	15.898	17.626	15.748	11.162	13.560	15.194	12.236	8.664	12.903	14.317	10.692	9.246	4.029	6.837	51.370	48.551	46.381	40.857	41.841	40.223	39.202	37.428	35.686	34.523	33.282	31.260	29.635	28.883	27.667	25.202	23.943	23.427	21.995	19.457	18.309	18.367	16.295	13.843	13.951	13.533	10.494	8.619	10.481	9.460	5.859	5.482	4.194
47.816	52.497	55.791	55.516	55.738	53.996	51.323	49.144	45.304	44.917	43.043	40.710	40.040	39.593	37.170	34.882	35.210	34.099	31.357	30.367	30.101	27.895	25.781	25.401	24.081	21.690	20.560	20.319	18.289	16.249	16.025	14.964	12.476	11.021	11.693	9.808	7.381	6.989	3.893	1.345	0.995	1.349	3.608	6.556	9.291	10.972	49.982	46.848	45.370	40.267	40.459	38.492	36.663	35.460	34.477	32.627	31.018	28.556	26.413	26.951	24.397	22.002	23.048	22.783	19.189	18.123	20.198	18.509	13.812	16.008	17.738	14.857	11.318	15.146	16.502	12.943	11.293	6.504	7.873	52.858	50.107	47.765	42.251	42.953	41.138	40.091	38.542	36.776	35.385	34.278	32.455	30.640	29.742	28.789	26.432	24.798	24.370	23.324	20.826	19.222	19.592	17.961	15.259	14.856	15.137	12.449	9.149	11.519	11.404	8.015	6.335	5.401
48.569	53.835	57.146	57.241	57.557	56.068	53.342	51.371	47.326	46.808	45.118	42.540	41.814	41.722	39.349	36.574	37.207	36.477	33.599	32.311	32.384	30.430	27.908	27.378	26.541	24.131	22.417	22.351	20.827	18.371	17.598	17.078	14.918	12.134	12.952	11.820	9.875	8.663	3.953	3.508	1.349	0.997	1.342	3.675	6.341	8.037	52.939	49.829	48.316	43.302	43.454	41.568	39.430	38.348	37.700	35.615	33.690	31.458	29.521	29.369	26.685	24.662	25.446	24.540	21.111	20.594	21.573	19.418	15.476	17.541	17.934	14.781	12.410	15.440	15.481	12.016	9.514	5.572	4.100	56.020	53.254	51.077	45.622	46.576	44.857	43.958	42.256	40.387	39.203	38.126	36.099	34.337	33.651	32.597	30.084	28.660	28.316	27.022	24.421	23.169	23.366	21.388	18.877	18.786	18.452	15.587	13.190	14.831	13.839	10.530	9.347	8.686
52.414	57.651	60.984	61.009	61.358	59.790	57.044	54.922	51.004	50.343	48.581	46.041	45.434	45.300	42.831	40.134	40.898	40.041	37.136	36.039	36.107	33.988	31.570	31.240	30.277	27.753	26.217	26.326	24.581	22.157	21.703	21.110	18.699	16.247	17.228	15.902	13.634	12.148	7.723	6.567	3.608	1.342	1.080	1.349	3.959	5.377	56.229	53.050	51.533	46.449	46.438	44.399	42.387	41.419	40.596	38.437	36.757	34.573	32.325	32.324	29.827	27.570	28.202	27.563	24.296	23.255	24.357	22.518	18.574	20.043	20.723	17.796	15.009	17.761	18.200	14.924	12.569	8.848	7.998	59.163	56.321	54.144	48.640	49.563	47.893	46.791	45.111	43.429	42.148	40.887	39.003	37.352	36.444	35.289	32.969	31.550	30.907	29.633	27.261	25.815	25.734	23.978	21.539	21.036	20.705	18.152	15.503	16.766	16.091	12.979	10.982	11.184
55.649	60.772	64.042	64.032	64.277	62.716	60.091	58.059	54.131	53.665	51.925	49.463	48.753	48.523	46.139	43.551	44.069	43.165	40.387	39.228	39.092	37.045	34.780	34.248	33.136	30.833	29.382	29.092	27.356	25.249	24.579	23.618	21.469	19.536	19.696	18.096	16.207	15.638	11.142	9.812	6.556	3.675	1.349	0.997	1.345	3.602	59.175	56.001	54.560	49.482	49.606	47.593	45.712	44.637	43.693	41.719	40.125	37.797	35.586	35.879	33.384	31.060	31.816	31.356	27.952	26.887	28.289	26.531	22.364	23.966	24.849	21.978	19.055	21.791	22.392	19.182	16.863	13.158	12.084	62.100	59.327	56.999	51.512	52.177	50.318	49.221	47.750	46.022	44.551	43.439	41.716	39.887	38.885	37.975	35.725	33.991	33.478	32.518	30.147	28.368	28.603	27.138	24.513	23.732	23.947	21.543	17.969	19.868	19.740	16.655	14.030	14.066
57.021	62.304	65.525	65.651	65.864	64.426	61.872	59.994	55.991	55.602	53.997	51.495	50.657	50.526	48.243	45.529	45.971	45.229	42.492	41.163	41.044	39.156	36.827	36.111	35.132	32.954	31.322	30.919	29.396	27.310	26.356	25.455	23.566	21.352	21.319	19.934	18.364	17.897	13.206	12.312	9.291	6.341	3.959	1.345	0.960	1.346	61.372	58.244	56.838	51.801	52.041	50.131	48.182	47.046	46.207	44.283	42.557	40.213	38.161	38.367	35.783	33.600	34.402	33.765	30.299	29.522	30.743	28.812	24.756	26.536	27.063	24.113	21.539	24.079	24.213	21.137	18.644	15.076	13.169	64.410	61.692	59.347	53.913	54.565	52.655	51.677	50.230	48.398	46.960	45.970	44.198	42.291	41.400	40.576	38.246	36.462	36.129	35.193	32.725	30.989	31.390	29.858	27.207	26.560	26.808	24.280	20.738	22.807	22.559	19.435	16.947	16.852
58.469	63.802	67.043	67.167	67.394	65.945	63.378	61.440	57.482	57.024	55.401	52.891	52.109	51.991	49.672	46.957	47.465	46.725	43.963	42.684	42.603	40.679	38.343	37.682	36.722	34.499	32.877	32.563	31.013	28.890	28.010	27.157	25.188	22.894	23.065	21.700	20.014	19.346	14.583	13.897	10.972	8.037	5.377	3.602	1.346	0.996	62.776	59.646	58.274	53.207	53.368	51.378	49.450	48.390	47.509	45.512	43.859	41.581	39.408	39.578	37.076	34.853	35.511	34.924	31.571	30.614	31.739	29.897	26.004	27.443	27.898	25.036	22.483	24.687	24.853	21.947	19.413	15.997	14.271	65.722	62.985	60.668	55.261	55.930	54.053	53.005	51.562	49.803	48.344	47.284	45.562	43.708	42.738	41.872	39.620	37.859	37.406	36.461	34.089	32.312	32.556	31.093	28.503	27.693	27.867	25.478	21.941	23.709	23.506	20.498	17.880	18.019
23.731	20.010	21.890	17.799	16.800	13.281	13.123	8.218	10.742	13.595	10.700	14.775	16.449	12.379	11.492	16.750	16.897	12.166	16.640	19.674	18.573	16.769	21.464	23.661	22.134	23.090	27.354	27.734	29.023	30.924	32.889	34.053	34.099	36.892	38.655	39.682	41.454	40.203	45.681	48.452	49.982	52.939	56.229	59.175	61.372	62.776	1.036	1.349	4.224	6.961	10.105	11.925	14.823	12.770	11.725	17.039	18.177	17.070	21.794	22.751	24.209	25.684	27.154	27.931	29.577	31.939	33.244	32.651	35.370	37.833	37.979	40.200	41.974	43.738	43.285	43.964	48.687	46.025	50.124	2.025	2.919	2.805	5.519	9.124	9.487	13.119	12.391	9.754	14.914	16.923	14.875	16.617	20.140	21.222	20.923	23.064	25.481	24.287	26.165	28.989	30.211	28.695	32.203	34.575	35.153	34.844	38.094	39.655	38.380	41.606	43.927	42.138
22.406	19.381	21.755	17.994	17.560	13.872	12.976	7.660	9.449	11.541	8.287	12.087	13.858	9.944	8.420	13.778	14.410	9.461	13.474	16.788	16.109	13.938	18.317	20.901	19.661	19.974	24.434	25.315	26.290	28.029	30.045	31.371	31.137	33.987	35.854	36.934	38.567	37.015	42.630	45.304	46.848	49.829	53.050	56.001	58.244	59.646	1.349	0.960	1.347	3.797	6.809	8.767	11.560	9.406	8.326	13.658	14.813	13.806	18.409	19.371	20.883	22.414	23.757	24.549	26.301	28.572	29.861	29.365	32.106	34.471	34.611	36.902	38.639	40.366	39.948	40.695	45.431	42.901	46.998	4.828	2.833	2.633	3.267	7.170	8.466	11.485	9.774	7.314	12.618	14.376	11.613	13.892	17.401	18.231	17.706	20.174	22.456	20.948	23.002	25.872	27.015	25.349	28.980	31.360	31.802	31.554	34.848	36.366	35.018	38.315	40.643	39.012
22.399	19.922	22.604	18.944	18.890	15.144	13.907	8.468	9.789	11.102	7.554	10.849	12.805	9.277	6.623	12.212	13.373	8.290	11.366	15.231	15.204	12.840	16.253	19.618	19.001	18.538	23.064	24.473	25.339	26.778	28.805	30.395	29.928	32.718	34.684	35.940	37.361	35.252	41.124	43.752	45.370	48.316	51.533	54.560	56.838	58.274	4.224	1.347	0.960	1.348	3.820	5.640	8.479	6.956	6.593	11.090	12.307	12.100	16.359	16.904	18.743	20.607	21.292	22.127	24.329	26.487	27.451	27.211	30.150	32.278	32.249	34.751	36.581	38.131	37.545	38.733	43.546	41.077	45.402	6.931	3.942	3.821	3.677	6.877	9.277	11.558	8.690	7.357	12.501	13.824	10.380	13.474	16.827	17.260	16.463	19.355	21.434	19.194	21.649	24.666	25.455	23.444	27.474	29.888	29.897	29.733	33.229	34.600	32.960	36.493	38.860	37.540
22.845	21.457	24.362	21.199	21.196	17.482	15.799	10.633	10.653	11.337	8.032	10.084	11.680	8.605	4.937	9.919	11.009	4.705	7.301	11.697	11.556	8.107	11.833	15.341	14.485	13.347	18.410	20.102	20.346	21.796	24.009	25.536	24.763	27.712	29.769	30.918	32.278	30.253	36.099	38.667	40.267	43.302	46.449	49.482	51.801	53.207	6.961	3.797	1.348	0.997	1.349	3.301	5.817	2.999	2.418	6.716	7.738	6.999	11.417	12.355	14.008	15.569	16.665	17.883	19.626	21.682	22.968	22.971	25.376	27.616	28.060	30.270	31.876	33.602	33.423	34.342	38.900	36.196	40.689	9.738	6.452	5.407	2.595	6.477	8.279	10.272	6.284	3.867	9.564	10.706	6.163	9.083	12.657	12.925	11.365	14.443	16.702	14.498	16.450	19.564	20.723	18.481	22.326	24.790	24.956	24.710	28.115	29.715	28.097	31.474	33.827	32.389
22.849	21.946	24.930	21.943	22.789	19.253	17.204	11.913	11.736	11.317	7.299	8.604	11.415	9.407	4.460	9.724	11.896	6.960	7.079	12.505	13.743	10.279	11.416	16.793	16.902	13.891	19.428	21.845	21.853	22.683	25.165	27.026	25.600	28.587	30.879	32.151	33.043	30.046	36.391	38.710	40.459	43.454	46.438	49.606	52.041	53.368	10.105	6.809	3.820	1.349	0.960	1.341	2.608	2.253	2.537	4.855	6.296	7.554	10.663	10.839	13.329	15.424	15.225	16.411	19.108	20.875	21.487	22.019	24.830	26.579	26.498	29.295	31.019	32.365	31.774	33.602	38.313	36.036	40.612	12.659	8.868	9.024	6.293	10.152	12.689	13.613	8.448	7.957	12.939	12.793	7.333	11.906	14.745	13.730	12.210	15.779	17.610	14.016	16.990	20.133	20.404	17.806	22.375	24.789	24.197	24.287	27.918	29.077	27.138	30.962	33.331	32.543
26.783	25.933	28.868	25.667	26.586	22.996	21.155	15.659	15.824	15.297	11.180	12.255	15.158	13.300	8.095	12.873	15.053	9.658	7.986	14.318	15.578	10.990	10.742	17.350	17.305	12.613	19.080	21.710	21.112	21.527	24.432	26.361	24.120	27.349	29.876	30.984	31.491	27.998	34.629	36.723	38.492	41.568	44.399	47.593	50.131	51.378	11.925	8.767	5.640	3.301	1.341	1.080	1.350	3.103	2.415	2.272	4.568	6.644	8.490	8.399	11.736	13.744	12.421	14.606	17.382	18.652	19.043	20.771	22.883	24.254	24.681	27.375	28.790	30.095	29.987	32.076	36.446	34.105	39.032	12.970	8.787	9.338	6.361	9.334	12.500	12.323	6.844	8.100	12.250	11.433	6.033	11.401	13.769	11.862	10.917	14.514	15.778	11.402	15.295	18.224	17.688	15.236	20.219	22.471	21.499	22.012	25.592	26.241	24.529	28.548	30.851	30.493
