0.995	1.352	4.040	5.868	3.740	4.603	6.233	6.851	7.806	6.197	10.156	9.163	6.336	9.988	12.482	9.534	10.522	14.111	15.136	14.170	16.001	18.921	18.741	18.897	22.083	23.707	22.399	24.433	27.645	28.348	27.910	31.070	32.998	32.994	34.440	36.850	38.074	37.789	38.771	42.327	45.456	47.098	44.225	47.774	51.238	52.558	27.398	25.466	24.488	23.797	19.783	21.345	18.286	17.110	20.878	19.923	17.603	18.972	22.046	18.576	19.837	22.540	23.406	19.940	23.032	25.960	25.732	22.791	27.566	30.242	28.510	30.661	33.419	34.807	34.406	37.914	39.318	40.646	40.589	31.827	28.744	29.852	31.879	30.118	28.218	29.250	29.403	23.825	27.520	30.154	27.314	24.597	29.293	29.705	27.677	30.120	33.314	32.005	32.597	36.240	37.725	36.016	38.814	41.535	41.776	40.700	44.264	46.539	45.790	46.298	44.534	47.620
1.352	0.960	1.349	2.682	2.329	3.692	6.032	7.691	10.118	7.799	12.233	11.647	9.325	13.014	15.493	13.032	14.281	17.761	19.024	18.140	20.052	22.866	22.742	22.963	26.215	27.691	26.393	28.436	31.744	32.436	31.927	35.145	37.102	37.053	38.468	40.924	42.201	41.834	42.766	46.392	49.605	51.285	48.303	51.829	55.317	56.736	29.465	27.855	27.032	26.734	22.434	24.441	21.399	20.143	24.120	23.386	21.116	22.639	25.745	22.591	23.724	26.405	27.567	24.033	27.097	30.031	30.019	26.899	31.750	34.457	32.785	34.799	37.604	39.108	38.545	41.997	43.480	44.833	44.838	33.834	31.016	32.626	34.761	33.135	31.482	32.543	33.036	27.270	30.981	33.739	31.137	28.203	33.098	33.539	31.646	34.122	37.228	36.062	36.598	40.269	41.792	40.141	42.920	45.616	45.951	44.832	48.406	50.678	49.988	50.532	48.868	51.815
4.040	1.349	0.997	1.349	3.046	3.711	4.992	7.536	10.846	9.790	13.863	14.373	11.920	14.964	17.737	16.088	15.897	19.770	21.580	20.538	21.886	24.880	25.268	24.706	28.027	29.887	28.837	30.040	33.735	34.818	34.146	37.133	39.229	39.396	40.446	42.947	44.486	44.010	44.563	48.490	51.694	53.152	49.948	53.316	56.669	58.268	30.193	28.825	28.520	28.631	24.520	26.956	24.163	22.429	26.673	26.412	24.104	25.158	28.675	25.983	26.813	29.406	30.836	27.402	29.989	33.147	33.366	30.037	34.542	37.568	35.962	37.644	40.519	42.179	41.329	44.606	46.304	47.531	47.791	34.640	32.216	34.301	36.220	35.040	33.637	34.921	35.750	30.101	33.346	36.269	34.044	30.781	35.559	36.246	34.298	36.496	39.803	39.038	39.229	42.779	44.530	43.009	45.425	48.185	48.777	47.498	50.970	53.258	52.873	53.312	51.898	54.421
5.868	2.682	1.349	0.997	1.348	3.312	5.556	6.496	10.087	8.154	11.987	12.878	11.716	14.267	16.908	16.079	16.500	19.726	21.506	21.185	22.557	25.193	25.907	26.006	28.885	30.385	29.868	31.438	34.730	35.709	35.373	38.360	40.247	40.540	41.867	44.218	45.600	45.433	46.178	49.806	52.832	54.423	51.408	54.991	58.427	59.799	28.079	26.937	26.550	26.892	22.643	25.128	22.579	21.198	25.462	25.150	23.323	24.662	27.976	25.512	26.716	29.236	30.523	27.538	30.361	33.313	33.571	30.709	35.128	37.979	36.647	38.521	41.196	42.786	42.389	45.833	47.175	48.367	48.233	32.226	29.827	32.077	34.327	33.168	32.039	33.208	34.271	28.716	32.193	35.136	33.163	30.009	35.058	35.779	34.381	36.485	39.602	39.016	39.450	42.897	44.440	43.276	45.828	48.438	49.056	48.101	51.470	53.622	53.085	53.883	52.441	55.348
3.740	2.329	3.046	1.348	0.997	1.350	3.811	3.898	6.810	4.818	8.805	9.203	7.816	10.613	13.277	12.289	12.837	16.002	17.723	17.480	18.866	21.533	22.246	22.565	25.279	26.808	26.407	28.087	31.178	32.197	32.015	34.943	36.717	37.211	38.621	40.865	42.239	42.286	43.031	46.528	49.463	51.034	48.089	51.796	55.262	56.541	25.581	24.163	23.634	23.717	19.449	21.846	19.075	17.727	21.924	21.511	19.589	20.976	24.257	21.827	22.975	25.490	26.847	23.999	26.752	29.685	30.135	27.377	31.654	34.512	33.498	35.254	37.824	39.540	39.378	42.856	43.926	45.020	44.751	29.880	27.267	29.204	31.390	30.052	28.754	29.901	30.830	25.193	28.709	31.607	29.540	26.367	31.407	32.079	30.656	32.814	35.916	35.375	35.766	39.229	40.804	39.674	42.213	44.817	45.480	44.569	47.905	50.067	49.520	50.418	49.125	52.062
4.603	3.692	3.711	3.312	1.350	0.997	1.345	2.905	5.797	5.562	9.221	10.414	8.139	10.165	13.298	13.075	11.726	15.454	17.656	17.314	18.034	21.054	22.288	21.961	24.506	26.620	26.503	27.424	30.732	32.167	31.961	34.604	36.488	37.345	38.465	40.613	42.247	42.398	42.714	46.428	49.279	50.585	47.489	51.132	54.465	55.835	25.614	24.097	23.968	24.131	20.230	23.046	20.444	18.172	22.637	23.009	20.626	21.185	25.156	23.444	23.906	26.277	28.159	25.485	27.422	30.614	31.565	28.397	32.137	35.511	34.875	36.022	38.609	40.638	40.324	43.602	44.719	45.565	45.561	30.253	27.846	29.934	31.627	30.608	29.303	30.802	31.971	26.434	29.141	32.213	30.512	26.789	31.603	32.570	30.956	32.751	36.181	36.177	36.035	39.352	41.332	40.304	42.360	45.054	46.058	44.957	48.137	50.342	50.235	51.002	50.167	52.566
6.233	6.032	4.992	5.556	3.811	1.345	0.997	1.348	3.306	6.208	9.280	11.451	8.898	9.375	13.196	13.843	10.839	14.872	17.393	17.139	17.191	20.419	22.113	21.279	23.486	26.157	26.389	26.595	30.071	31.784	31.670	34.011	35.956	37.093	37.991	40.050	41.854	42.112	42.090	45.955	48.668	49.756	46.565	50.141	53.335	54.747	24.642	23.047	23.455	23.704	20.311	23.474	21.131	18.204	22.786	23.790	21.271	20.993	25.549	24.465	24.423	26.653	28.828	26.518	27.624	31.112	32.436	29.064	32.210	36.032	35.712	36.355	38.878	41.153	40.742	43.831	44.976	45.606	45.798	29.531	27.394	29.586	30.872	30.242	28.982	30.816	32.204	26.939	28.845	32.036	30.771	26.638	31.139	32.471	30.806	32.179	35.886	36.412	35.838	38.909	41.223	40.390	41.988	44.752	46.045	44.850	47.844	50.045	50.326	51.020	50.569	52.543
6.851	7.691	7.536	6.496	3.898	2.905	1.348	0.997	1.342	3.269	5.257	8.030	6.507	6.836	10.269	11.513	9.827	12.797	15.172	15.765	16.013	18.585	20.446	20.693	22.360	24.474	25.275	26.057	28.962	30.504	30.786	33.140	34.778	36.043	37.285	39.193	40.819	41.400	41.627	45.128	47.600	48.867	45.936	49.781	53.075	54.199	20.268	18.914	19.259	19.780	16.313	19.445	17.492	14.771	19.370	20.385	18.241	18.289	22.562	21.715	21.980	24.138	26.255	24.424	25.785	28.938	30.387	27.546	30.542	34.155	34.272	35.051	37.289	39.547	39.682	42.946	43.610	44.189	43.899	24.915	22.778	25.168	26.756	26.169	25.162	26.918	28.524	23.372	25.481	28.736	27.612	23.648	28.451	29.735	28.606	29.972	33.411	34.013	33.757	36.766	38.844	38.318	40.139	42.673	43.971	43.143	46.045	48.026	48.183	49.272	48.840	51.204
7.806	10.118	10.846	10.087	6.810	5.797	3.306	1.342	1.080	1.346	3.235	6.261	4.818	3.356	7.432	9.136	6.568	9.382	11.941	12.811	12.571	15.103	17.226	17.535	18.754	21.114	22.316	22.763	25.571	27.228	27.757	29.866	31.411	32.909	34.144	35.920	37.592	38.382	38.462	41.913	44.205	45.404	42.467	46.379	49.626	50.687	19.316	17.312	17.445	17.495	14.221	17.470	15.289	12.129	16.739	18.104	15.814	15.104	19.865	19.501	19.335	21.347	23.677	22.244	22.868	26.239	27.985	25.135	27.565	31.491	31.987	32.375	34.425	36.906	37.153	40.305	40.787	41.190	40.940	24.296	21.795	23.697	24.926	24.124	22.807	24.693	26.126	21.028	22.641	25.865	24.859	20.579	25.111	26.575	25.338	26.461	30.073	31.036	30.453	33.299	35.612	35.229	36.728	39.307	40.776	39.937	42.695	44.646	45.067	46.151	46.040	48.140
6.197	7.799	9.790	8.154	4.818	5.562	6.208	3.269	1.346	0.997	1.344	2.661	2.428	2.257	4.605	6.072	6.858	8.332	10.160	11.487	12.481	14.087	15.884	17.155	18.740	19.764	21.194	22.811	25.018	26.209	26.905	29.335	30.527	31.839	33.431	35.312	36.644	37.467	38.168	41.172	43.462	45.013	42.413	46.552	50.022	50.812	19.426	17.278	16.433	16.061	12.157	14.802	12.007	9.692	14.092	14.555	12.417	12.961	16.853	15.546	16.358	18.573	20.393	18.630	20.739	23.526	24.725	22.661	25.711	28.905	29.110	30.396	32.365	34.443	35.068	38.595	38.820	39.452	38.690	24.110	21.040	22.457	24.178	22.675	21.107	22.518	23.477	17.986	20.659	23.685	22.055	18.302	23.373	24.322	23.408	25.066	28.196	28.578	28.646	31.771	33.511	33.087	35.222	37.642	38.778	38.231	41.138	43.037	42.856	44.252	43.627	46.524
10.156	12.233	13.863	11.987	8.805	9.221	9.280	5.257	3.235	1.344	1.080	1.343	3.139	2.505	2.162	4.458	6.196	6.889	8.107	10.056	11.482	11.734	14.051	15.848	17.171	17.307	19.756	21.620	23.326	24.353	25.527	27.785	28.545	30.125	31.888	33.659	34.839	35.946	36.829	39.492	41.451	43.126	40.786	45.117	48.608	49.131	15.474	13.273	12.210	12.028	8.132	11.139	8.886	6.234	10.681	11.746	9.541	9.967	13.775	13.488	13.867	15.920	18.012	17.325	18.716	21.272	23.014	21.377	23.627	26.928	27.960	28.846	30.402	32.704	33.745	37.262	37.040	37.418	36.338	20.141	16.987	18.302	20.001	18.549	17.241	18.730	20.087	14.739	17.225	20.301	18.854	15.048	20.255	21.217	20.725	22.276	25.219	25.860	26.010	28.990	30.592	30.532	32.638	34.890	36.136	35.868	38.604	40.286	40.176	41.872	41.579	44.499
9.163	11.647	14.373	12.878	9.203	10.414	11.451	8.030	6.261	2.661	1.343	1.080	1.348	3.179	2.568	2.043	4.480	6.186	6.512	7.917	10.065	10.913	12.046	13.862	15.889	15.801	17.377	19.781	21.586	22.285	23.202	25.814	26.686	27.841	29.698	31.647	32.682	33.582	34.726	37.363	39.621	41.430	39.125	43.388	46.994	47.571	18.366	16.086	14.253	13.124	8.922	10.708	7.546	6.123	9.922	9.961	7.749	9.050	12.349	11.019	11.575	13.857	15.762	14.301	16.197	18.809	20.257	18.371	21.285	24.297	24.947	26.077	27.903	29.980	30.862	34.457	34.437	35.031	34.086	22.711	19.160	19.838	21.793	19.619	17.582	18.712	19.297	13.555	16.887	19.699	17.654	14.349	19.551	20.157	19.125	21.232	24.112	23.974	24.345	27.669	29.149	28.540	30.985	33.410	34.285	33.827	36.843	38.785	38.293	39.750	39.069	42.171
6.336	9.325	11.920	11.716	7.816	8.139	8.898	6.507	4.818	2.428	3.139	1.348	0.960	1.350	3.264	2.411	2.014	4.433	6.093	6.636	7.926	10.101	11.221	12.260	14.290	15.585	16.238	17.986	20.289	21.467	21.925	24.471	25.851	26.996	28.510	30.462	31.841	32.541	33.228	36.307	38.810	40.360	37.706	41.782	45.312	46.175	21.239	18.598	17.163	15.964	12.125	13.977	10.700	8.791	12.706	12.868	9.986	10.195	14.345	12.755	12.695	14.980	17.103	14.999	16.347	19.505	20.953	18.254	21.163	24.688	25.010	25.762	27.876	30.129	30.539	33.901	34.256	34.853	34.493	25.957	22.465	23.112	24.582	22.633	20.505	21.821	22.274	16.563	19.264	22.118	19.887	16.102	20.669	21.407	19.516	21.538	24.876	24.897	24.632	28.031	30.014	29.023	31.093	33.727	34.769	33.822	36.915	39.084	38.950	39.917	39.396	41.913
9.988	13.014	14.964	14.267	10.613	10.165	9.375	6.836	3.356	2.257	2.505	3.179	1.350	0.960	1.352	3.260	2.541	2.116	4.449	6.187	6.657	7.958	10.046	11.459	12.483	13.831	15.752	16.961	18.918	20.305	21.364	23.401	24.522	26.139	27.678	29.375	30.816	31.911	32.389	35.329	37.396	38.842	36.271	40.498	43.932	44.621	17.994	15.114	14.433	13.571	10.524	13.366	10.577	7.038	11.183	12.612	9.634	8.041	13.155	13.247	12.244	14.078	16.622	15.805	15.659	19.035	21.101	18.694	20.367	24.403	25.584	25.662	27.292	29.954	30.710	33.885	33.841	34.083	33.595	23.084	19.902	20.817	21.744	20.400	18.379	20.208	20.751	15.769	16.874	19.856	18.289	13.926	18.267	19.438	17.888	19.301	22.807	23.656	23.013	26.023	28.250	27.803	29.395	31.950	33.357	32.609	35.357	37.325	37.629	38.801	38.843	41.069
12.482	15.493	17.737	16.908	13.277	13.298	13.196	10.269	7.432	4.605	2.162	2.568	3.264	1.352	0.997	1.350	3.241	2.431	1.922	4.286	6.054	6.048	7.779	9.815	11.341	11.251	13.605	15.632	17.124	18.077	19.373	21.571	22.304	23.870	25.651	27.404	28.568	29.722	30.669	33.225	35.215	36.923	34.654	39.019	42.569	43.040	15.215	12.023	10.398	8.877	5.783	7.702	4.830	2.258	5.782	6.932	4.373	4.158	8.200	8.369	8.252	10.143	12.354	12.211	12.721	15.535	17.493	15.799	17.502	21.154	22.488	22.892	24.360	26.879	27.932	31.306	31.006	31.289	30.419	19.942	16.226	16.499	17.498	15.665	13.458	15.004	15.444	10.061	12.203	15.135	13.383	9.423	14.490	15.393	14.784	16.450	19.332	20.007	20.049	23.091	24.714	24.606	26.643	28.960	30.211	29.776	32.582	34.356	34.280	35.844	35.692	38.351
9.534	13.032	16.088	16.079	12.289	13.075	13.843	11.513	9.136	6.072	4.458	2.043	2.411	3.260	1.350	0.997	1.351	3.276	2.391	1.962	4.406	6.169	6.447	7.835	10.140	11.063	11.472	13.773	15.766	16.647	17.238	19.885	21.142	22.075	23.799	25.795	26.972	27.684	28.712	31.545	34.068	35.765	33.275	37.428	41.047	41.780	21.249	18.001	16.323	14.148	11.227	12.086	8.700	6.709	9.979	9.339	6.178	6.456	9.952	7.586	7.336	9.867	11.709	9.120	10.991	13.940	15.087	12.491	15.968	19.030	19.128	20.300	22.436	24.457	24.979	28.526	28.828	29.575	29.084	26.014	22.204	22.156	22.996	20.942	18.236	19.600	19.169	13.731	16.066	18.626	15.608	12.322	16.766	17.132	14.871	17.342	20.591	19.703	19.880	23.521	25.292	23.840	26.312	28.992	29.656	28.744	32.015	34.248	33.761	34.680	33.798	36.684
10.522	14.281	15.897	16.500	12.837	11.726	10.839	9.827	6.568	6.858	6.196	4.480	2.014	2.541	3.241	1.351	0.997	1.350	3.289	2.589	2.072	4.597	6.247	6.751	8.333	10.313	11.266	12.160	14.494	16.041	16.682	18.793	20.309	21.732	23.060	24.838	26.430	27.326	27.617	30.810	33.212	34.566	31.801	35.878	39.351	40.236	22.309	18.950	18.031	15.887	13.383	14.766	11.566	8.713	12.295	12.715	9.485	7.989	12.841	12.013	10.424	12.302	15.077	13.368	12.167	16.438	18.512	15.154	16.665	21.202	22.146	21.648	23.567	26.363	26.629	29.552	29.857	30.142	30.310	27.413	23.958	24.064	24.437	22.816	19.993	21.710	21.524	16.581	17.586	20.249	17.952	13.941	17.243	18.348	15.307	17.030	20.943	21.382	20.137	23.429	25.870	24.797	26.136	29.042	30.396	29.015	31.994	34.329	34.752	35.288	35.341	37.063
14.111	17.761	19.770	19.726	16.002	15.454	14.872	12.797	9.382	8.332	6.889	6.186	4.433	2.116	2.431	3.276	1.350	0.997	1.349	3.243	2.568	2.105	4.365	6.100	6.665	7.953	10.086	11.428	12.842	14.244	15.729	17.445	18.408	20.177	21.788	23.347	24.776	26.058	26.570	29.316	31.232	32.681	30.233	34.569	38.031	38.570	17.236	13.272	12.476	9.643	8.711	10.892	9.019	4.049	7.198	9.932	7.955	3.739	9.700	11.068	8.721	9.602	12.975	12.482	10.269	14.467	16.892	14.377	14.774	19.471	21.116	20.441	21.748	24.820	25.666	28.555	28.297	28.291	28.065	22.048	18.586	18.104	17.734	16.503	13.579	15.871	16.234	12.211	11.724	14.667	13.721	9.041	12.579	14.395	12.422	13.448	17.368	18.555	17.330	20.215	22.767	22.249	23.434	26.150	27.695	26.711	29.400	31.469	32.098	32.986	33.380	35.199
15.136	19.024	21.580	21.506	17.723	17.656	17.393	15.172	11.941	10.160	8.107	6.512	6.093	4.449	1.922	2.391	3.289	1.349	0.997	1.350	3.186	2.530	1.893	4.216	6.147	5.846	7.689	9.843	11.339	12.162	13.426	15.651	16.484	17.905	19.670	21.468	22.618	23.747	24.738	27.270	29.416	31.179	28.921	33.253	36.880	37.372	21.578	17.751	15.990	12.323	10.775	9.863	7.179	5.233	6.555	6.202	2.861	2.262	5.332	4.728	2.659	4.521	7.008	6.433	6.607	9.247	11.373	10.064	11.385	14.814	16.359	16.883	18.143	20.593	21.869	25.337	24.830	25.130	24.145	26.073	22.019	20.807	20.835	18.754	15.177	16.112	14.918	10.332	11.752	13.692	10.510	7.339	11.204	11.439	9.189	11.741	14.755	14.239	14.300	17.829	19.545	18.514	20.882	23.412	24.261	23.692	26.696	28.756	28.364	29.666	29.354	32.226
14.170	18.140	20.538	21.185	17.480	17.314	17.139	15.765	12.811	11.487	10.056	7.917	6.636	6.187	4.286	1.962	2.589	3.243	1.350	0.997	1.350	3.305	2.475	2.062	4.551	6.250	6.297	7.854	10.049	11.378	11.683	14.066	15.732	16.847	18.167	20.084	21.616	22.361	22.862	25.978	28.638	30.116	27.416	31.477	35.083	35.952	24.589	20.777	19.351	16.184	14.591	14.778	11.919	9.119	11.582	11.721	8.328	6.559	10.670	10.029	7.166	9.202	11.723	9.221	7.887	12.220	14.061	10.367	12.119	16.646	17.393	16.781	18.877	21.641	21.731	24.558	24.980	25.337	25.887	29.333	25.505	24.814	24.773	22.977	19.653	21.010	20.086	15.629	16.471	18.547	15.598	12.156	15.301	15.961	12.080	14.334	18.328	17.789	16.466	20.138	22.502	20.728	22.140	25.249	26.371	24.530	27.792	30.306	30.699	30.779	30.706	32.248
16.001	20.052	21.886	22.557	18.866	18.034	17.191	16.013	12.571	12.481	11.482	10.065	7.926	6.657	6.054	4.406	2.072	2.568	3.186	1.350	0.997	1.352	3.278	2.610	2.305	4.635	6.393	6.632	8.398	10.281	11.493	12.891	14.358	16.062	17.377	18.890	20.584	21.791	21.865	24.942	27.119	28.357	25.634	29.815	33.280	34.041	23.925	19.912	19.355	16.205	15.556	16.536	13.994	10.358	12.710	13.853	10.583	7.668	12.447	12.484	9.379	9.690	13.644	12.124	8.457	13.755	16.151	12.693	12.115	17.648	19.192	17.465	18.896	22.293	22.556	24.922	25.024	24.882	25.548	28.740	25.414	24.783	24.065	22.950	19.549	21.511	20.858	16.970	16.697	18.485	15.978	12.276	14.015	15.596	11.305	12.401	16.981	17.604	15.303	18.430	21.223	20.057	20.615	23.817	25.414	23.651	26.428	28.937	29.840	30.004	30.571	31.626
18.921	22.866	24.880	25.193	21.533	21.054	20.419	18.585	15.103	14.087	11.734	10.913	10.101	7.958	6.048	6.169	4.597	2.105	2.530	3.305	1.352	0.997	1.350	3.204	2.573	2.090	4.459	6.205	6.871	8.050	9.931	11.515	12.227	14.035	15.791	17.250	18.577	19.987	20.747	23.170	25.036	26.598	24.359	28.800	32.357	32.737	20.591	16.380	15.452	11.520	11.685	12.385	10.932	6.846	7.603	10.258	7.788	3.078	7.897	9.388	6.423	4.886	9.430	9.897	5.470	9.971	12.779	10.726	9.191	14.607	16.579	15.067	16.042	19.538	20.422	22.927	22.485	22.250	22.381	24.944	21.440	20.182	19.088	17.907	14.096	15.766	15.040	11.376	10.830	12.642	10.345	6.459	8.573	10.042	6.872	8.083	12.151	13.146	11.602	14.533	17.115	16.572	17.536	20.355	21.934	20.708	23.458	25.667	26.378	27.029	27.644	29.091
18.741	22.742	25.268	25.907	22.246	22.288	22.113	20.446	17.226	15.884	14.051	12.046	11.221	10.046	7.779	6.447	6.247	4.365	1.893	2.475	3.278	1.350	0.997	1.354	3.273	2.610	1.936	4.259	6.022	6.599	7.533	9.858	11.117	12.065	13.756	15.655	16.878	17.743	18.858	21.430	23.970	25.684	23.366	27.612	31.329	31.899	26.051	21.921	20.546	16.517	15.895	15.216	13.098	10.504	11.010	10.560	7.329	5.996	8.035	6.214	3.315	4.660	6.506	3.281	2.429	5.819	7.208	3.232	6.607	9.751	10.183	10.373	12.721	14.815	15.186	18.632	18.936	19.804	19.799	30.438	26.620	25.225	24.460	22.900	19.050	19.977	18.171	14.259	15.202	15.788	12.239	10.016	11.578	12.085	7.295	10.063	13.743	12.078	11.639	15.492	17.595	15.139	17.376	20.466	20.911	19.336	22.833	25.336	25.065	25.263	24.251	26.859
18.897	22.963	24.706	26.006	22.565	21.961	21.279	20.693	17.535	17.155	15.848	13.862	12.260	11.459	9.815	7.835	6.751	6.100	4.216	2.062	2.610	3.204	1.354	0.997	1.353	3.245	2.388	2.114	4.364	6.192	6.426	8.081	10.065	11.354	12.396	14.153	15.924	16.795	16.909	20.143	22.857	24.173	21.346	25.386	29.013	29.920	28.420	24.283	23.146	19.227	18.687	18.503	16.302	13.315	14.375	14.759	11.339	9.014	12.620	11.876	8.685	8.851	12.214	10.033	5.893	11.350	13.451	9.000	8.936	14.534	15.303	13.206	15.034	18.414	17.852	19.982	20.559	20.502	21.997	32.932	29.242	27.966	27.060	25.651	21.781	22.963	21.592	17.835	18.010	18.944	15.906	12.958	14.333	15.337	10.184	11.950	16.448	15.979	12.995	16.930	19.524	17.256	17.778	21.304	22.600	19.959	23.149	25.905	26.765	26.218	26.589	27.176
22.083	26.215	28.027	28.885	25.279	24.506	23.486	22.360	18.754	18.740	17.171	15.889	14.290	12.483	11.341	10.140	8.333	6.665	6.147	4.551	2.305	2.573	3.273	1.353	0.997	1.350	3.343	2.632	2.074	4.354	6.055	6.826	8.015	9.967	11.389	12.596	14.260	15.747	15.976	18.648	20.653	21.936	19.416	23.766	27.295	27.841	26.570	22.352	21.929	17.930	18.449	19.032	17.518	13.676	14.101	16.113	13.013	9.247	13.292	13.619	10.405	8.920	13.295	12.237	6.208	11.818	14.265	11.100	8.139	14.261	16.000	13.093	13.918	17.871	18.110	19.757	19.587	18.960	20.264	30.873	27.723	26.344	24.660	23.906	19.817	21.442	20.346	17.007	16.135	16.797	14.678	11.008	11.304	13.430	8.553	8.115	13.348	14.172	10.217	13.535	16.708	15.101	14.946	18.481	20.160	17.817	20.476	23.231	24.381	24.137	25.014	25.529
23.707	27.691	29.887	30.385	26.808	26.620	26.157	24.474	21.114	19.764	17.307	15.801	15.585	13.831	11.251	11.063	10.313	7.953	5.846	6.250	4.635	2.090	2.610	3.245	1.350	0.997	1.354	3.246	2.596	1.965	4.194	6.078	6.467	7.847	9.825	11.351	12.444	13.828	15.119	17.100	19.236	21.030	19.070	23.525	27.245	27.507	25.352	21.132	19.464	14.348	14.803	14.122	13.551	10.568	9.204	10.488	8.560	4.617	6.382	8.149	5.613	1.887	6.665	8.139	2.327	6.112	9.575	8.173	4.528	10.398	12.474	9.775	10.534	14.415	15.072	17.038	16.565	16.232	17.034	28.680	24.915	22.350	20.803	19.363	15.040	15.389	13.481	10.429	10.156	9.933	7.209	4.289	5.264	6.157	1.677	3.995	7.538	7.963	6.519	9.777	12.034	11.488	12.557	15.386	16.829	15.077	18.170	20.606	21.144	21.349	21.972	23.022
22.399	26.393	28.837	29.868	26.407	26.503	26.389	25.275	22.316	21.194	19.756	17.377	16.238	15.752	13.605	11.472	11.266	10.086	7.689	6.297	6.393	4.459	1.936	2.388	3.343	1.354	0.997	1.351	3.295	2.540	1.826	4.325	6.109	6.541	7.791	9.896	11.316	12.005	12.911	15.612	18.656	20.346	17.911	21.987	25.810	26.517	31.235	26.979	25.693	21.177	21.025	20.252	18.492	15.847	15.681	15.578	12.570	10.532	12.244	10.662	7.490	7.819	9.735	6.487	2.452	7.357	8.504	3.700	3.994	8.820	9.155	7.141	9.619	12.431	11.942	14.602	15.142	15.466	16.962	35.324	31.590	29.698	28.352	27.005	22.794	23.462	21.535	18.224	18.313	18.113	15.028	12.559	13.132	13.447	7.972	9.942	14.000	12.186	9.745	14.018	16.134	12.766	14.332	17.750	18.265	15.462	19.173	21.927	22.371	21.515	21.314	22.180
24.433	28.436	30.040	31.438	28.087	27.424	26.595	26.057	22.763	22.811	21.620	19.781	17.986	16.961	15.632	13.773	12.160	11.428	9.843	7.854	6.632	6.205	4.259	2.114	2.632	3.246	1.351	0.997	1.350	3.317	2.546	2.094	4.446	6.118	6.713	8.098	10.137	11.244	11.049	14.167	16.900	18.125	15.293	19.384	23.078	23.939	32.616	28.371	27.616	23.266	23.353	22.961	21.281	18.293	18.355	18.823	15.749	13.048	15.650	14.905	11.469	10.887	14.116	11.993	6.104	11.644	13.573	9.532	7.278	13.034	14.049	10.699	12.038	15.850	14.786	15.843	16.334	15.504	18.189	36.915	33.499	31.801	30.213	29.106	24.862	25.752	23.974	20.745	20.458	20.313	17.502	14.707	15.086	15.788	10.297	11.075	15.696	14.987	10.264	14.621	17.253	14.295	13.966	17.802	19.138	15.543	18.516	21.572	22.621	21.578	22.235	21.928
27.645	31.744	33.735	34.730	31.178	30.732	30.071	28.962	25.571	25.018	23.326	21.586	20.289	18.918	17.124	15.766	14.494	12.842	11.339	10.049	8.398	6.871	6.022	4.364	2.074	2.596	3.295	1.350	0.997	1.350	3.196	2.633	2.114	4.426	6.135	6.820	8.212	10.009	10.911	12.710	14.665	16.199	14.183	18.713	22.407	22.635	32.019	27.730	26.861	22.070	22.850	22.531	21.604	18.406	17.539	18.812	16.330	12.639	14.834	15.386	11.994	9.982	13.604	13.017	6.184	10.798	13.495	10.847	6.428	12.032	13.708	9.802	9.868	14.197	14.201	14.897	14.434	13.193	15.407	35.717	32.406	30.184	28.073	27.130	22.741	23.474	21.626	18.837	17.915	17.290	15.069	12.177	11.830	12.578	7.748	7.003	11.749	11.901	6.683	10.470	13.552	11.157	10.460	14.279	15.791	12.468	15.202	18.205	19.341	18.606	19.604	19.617
28.348	32.436	34.818	35.709	32.197	32.167	31.784	30.504	27.228	26.209	24.353	22.285	21.467	20.305	18.077	16.647	16.041	14.244	12.162	11.378	10.281	8.050	6.599	6.192	4.354	1.965	2.540	3.317	1.350	0.997	1.351	3.239	2.532	1.971	4.326	6.090	6.735	7.868	9.860	11.352	14.128	16.163	14.490	18.777	22.618	22.860	33.935	29.646	28.354	23.373	23.622	22.615	21.615	18.897	17.749	18.037	15.731	12.969	13.728	13.469	10.171	9.012	11.297	9.801	4.010	7.295	9.388	6.684	2.520	7.578	9.195	5.725	6.386	10.283	10.647	11.618	11.402	10.921	13.072	37.560	33.913	31.391	29.670	28.337	23.983	24.044	21.633	19.021	18.784	17.451	14.668	12.857	12.455	11.686	7.024	8.212	11.699	9.866	5.922	10.432	12.591	9.015	9.638	13.253	14.183	10.962	14.464	17.250	18.038	16.947	17.323	17.565
27.910	31.927	34.146	35.373	32.015	31.961	31.670	30.786	27.757	26.905	25.527	23.202	21.925	21.364	19.373	17.238	16.682	15.729	13.426	11.683	11.493	9.931	7.533	6.426	6.055	4.194	1.826	2.546	3.196	1.351	0.960	1.350	3.271	2.607	2.016	4.440	6.194	6.434	7.093	9.892	13.433	15.127	12.586	16.446	20.351	21.160	36.412	32.106	30.928	26.152	26.348	25.548	24.163	21.412	20.761	20.960	18.213	15.731	17.005	16.152	12.793	12.220	14.409	12.011	6.461	10.798	12.158	8.287	5.693	10.643	10.764	6.388	8.565	11.787	10.107	11.126	12.047	11.352	14.759	40.243	36.640	34.409	32.645	31.444	27.082	27.471	25.254	22.451	22.112	21.105	18.363	16.166	15.934	15.547	10.709	11.433	15.282	13.553	9.179	13.715	15.871	11.844	12.562	16.224	16.870	12.769	16.403	19.418	20.107	18.300	18.417	17.713
31.070	35.145	37.133	38.360	34.943	34.604	34.011	33.140	29.866	29.335	27.785	25.814	24.471	23.401	21.571	19.885	18.793	17.445	15.651	14.066	12.891	11.515	9.858	8.081	6.826	6.078	4.325	2.094	2.633	3.239	1.350	0.997	1.350	3.253	2.557	2.099	4.532	6.105	6.061	8.170	10.859	12.138	9.708	13.989	17.819	18.338	37.271	32.972	32.221	27.472	28.133	27.609	26.368	23.395	22.740	23.331	20.649	17.691	19.368	18.901	15.473	14.526	17.060	15.116	9.145	13.187	14.926	11.616	8.125	13.090	13.696	9.290	10.165	14.191	12.701	12.481	12.703	10.535	14.691	40.954	37.753	35.542	33.234	32.428	28.027	28.747	26.784	24.123	23.142	22.233	20.050	17.467	16.784	16.927	12.452	11.430	15.724	14.768	9.314	13.298	15.850	11.996	11.296	15.023	16.255	11.430	14.146	17.538	18.596	16.995	17.732	16.610
32.998	37.102	39.229	40.247	36.717	36.488	35.956	34.778	31.411	30.527	28.545	26.686	25.851	24.522	22.304	21.142	20.309	18.408	16.484	15.732	14.358	12.227	11.117	10.065	8.015	6.467	6.109	4.446	2.114	2.532	3.271	1.350	0.997	1.351	3.226	2.574	2.151	4.414	6.297	6.936	9.001	11.185	10.176	14.745	18.425	18.134	36.005	31.786	30.585	25.392	26.407	25.622	25.175	22.306	20.657	21.514	19.662	16.268	16.872	17.365	14.338	12.387	14.450	13.792	8.579	9.890	12.513	10.337	5.350	9.709	11.514	7.795	6.107	10.846	10.503	10.106	9.470	7.333	10.165	39.050	35.744	32.878	30.474	29.460	25.085	25.171	22.826	20.811	19.717	17.928	16.123	14.342	12.448	11.717	8.108	7.344	10.177	8.347	3.361	7.071	9.217	6.004	4.961	8.725	10.151	6.823	9.049	12.162	13.438	12.785	13.971	13.654
32.994	37.053	39.396	40.540	37.211	37.345	37.093	36.043	32.909	31.839	30.125	27.841	26.996	26.139	23.870	22.075	21.732	20.177	17.905	16.847	16.062	14.035	12.065	11.354	9.967	7.847	6.541	6.118	4.426	1.971	2.607	3.253	1.351	0.976	1.351	3.241	2.595	1.936	4.402	5.925	9.673	12.197	10.760	14.488	18.287	18.628	39.675	35.379	34.142	29.099	29.549	28.469	27.438	24.842	23.606	23.535	21.340	18.827	18.895	18.157	15.235	14.068	14.654	12.848	9.078	10.112	9.977	6.994	5.012	7.398	5.893	2.412	3.846	6.065	3.203	3.291	5.595	6.440	9.237	43.137	39.610	36.987	34.957	33.782	29.397	29.441	26.915	24.607	24.074	22.400	19.944	18.300	17.138	15.936	12.133	12.243	15.264	12.286	8.376	12.561	13.839	8.573	9.940	13.292	12.981	8.338	12.485	15.305	15.624	13.563	12.694	12.621
34.440	38.468	40.446	41.867	38.621	38.465	37.991	37.285	34.144	33.431	31.888	29.698	28.510	27.678	25.651	23.799	23.060	21.788	19.670	18.167	17.377	15.791	13.756	12.396	11.389	9.825	7.791	6.713	6.135	4.326	2.016	2.557	3.226	1.351	0.997	1.349	3.249	2.303	1.993	4.196	8.091	10.042	7.717	11.172	15.063	15.836	41.806	37.493	36.404	31.466	31.921	31.049	29.914	27.159	26.180	26.395	23.939	21.303	22.028	21.383	18.166	17.304	18.629	16.618	11.761	14.384	15.028	11.710	8.922	12.803	12.261	7.909	8.950	12.202	9.664	8.753	10.217	7.576	13.085	45.409	41.946	39.466	37.388	36.294	31.894	32.089	29.696	27.291	26.658	25.129	22.748	20.860	19.813	18.857	14.968	14.769	17.967	15.640	11.006	15.065	16.755	12.016	12.379	15.798	16.135	10.879	14.167	17.511	18.148	15.705	15.617	13.611
36.850	40.924	42.947	44.218	40.865	40.613	40.050	39.193	35.920	35.312	33.659	31.647	30.462	29.375	27.404	25.795	24.838	23.347	21.468	20.084	18.890	17.250	15.655	14.153	12.596	11.351	9.896	8.098	6.820	6.090	4.440	2.099	2.574	3.241	1.349	0.997	1.351	3.261	2.967	2.342	5.105	7.163	5.852	10.057	13.808	13.794	42.091	37.846	36.953	31.886	32.925	32.260	31.480	28.564	27.264	27.987	25.703	22.619	23.485	23.312	20.087	18.844	20.469	18.795	13.756	15.920	17.076	13.954	10.543	14.398	14.302	10.126	9.717	13.554	11.494	9.976	10.039	6.069	11.939	45.331	42.169	39.457	36.910	36.040	31.660	31.878	29.586	27.583	26.377	24.618	22.925	21.019	19.113	18.382	14.852	13.818	16.395	14.452	9.834	12.503	14.607	10.661	9.472	12.764	13.904	8.543	10.669	14.426	15.433	13.065	13.343	11.369
38.074	42.201	44.486	45.600	42.239	42.247	41.854	40.819	37.592	36.644	34.839	32.682	31.841	30.816	28.568	26.972	26.430	24.776	22.618	21.616	20.584	18.577	16.878	15.924	14.260	12.444	11.316	10.137	8.212	6.735	6.194	4.532	2.151	2.595	3.249	1.351	0.997	1.349	3.290	2.743	5.393	8.360	8.070	12.237	15.607	15.226	43.347	39.107	37.849	32.587	33.371	32.261	31.662	29.020	27.373	27.637	25.762	22.906	22.802	22.602	19.758	18.043	18.925	17.548	13.806	14.122	14.601	11.876	8.816	11.246	10.896	7.262	6.231	9.452	7.817	6.481	5.748	2.667	7.580	46.409	43.013	39.979	37.708	36.524	32.224	31.917	29.238	27.500	26.697	24.403	22.513	21.373	19.034	17.521	14.241	14.302	15.430	12.801	9.260	11.999	12.616	8.018	7.996	11.154	10.913	5.337	9.302	12.222	12.501	10.020	10.147	8.807
37.789	41.834	44.010	45.433	42.286	42.398	42.112	41.400	38.382	37.467	35.946	33.582	32.541	31.911	29.722	27.684	27.326	26.058	23.747	22.361	21.791	19.987	17.743	16.795	15.747	13.828	12.005	11.244	10.009	7.868	6.434	6.105	4.414	1.936	2.303	3.261	1.349	0.976	1.348	3.016	6.796	9.757	8.540	11.230	14.538	15.083	45.511	41.223	39.995	34.864	35.398	34.304	33.384	30.761	29.420	29.494	27.325	24.726	24.811	24.164	21.244	19.995	20.666	18.696	15.042	16.065	15.619	12.563	10.762	12.603	10.566	7.531	8.284	9.485	5.520	2.558	6.597	4.054	10.186	48.831	45.360	42.564	40.408	39.242	34.885	34.743	32.116	30.083	29.437	27.411	25.224	23.839	22.053	20.620	17.134	17.211	19.030	16.321	12.453	15.711	16.469	11.631	11.900	15.069	14.586	8.882	12.706	15.705	15.812	12.989	12.092	9.863
38.771	42.766	44.563	46.178	43.031	42.714	42.090	41.627	38.462	38.168	36.829	34.726	33.228	32.389	30.669	28.712	27.617	26.570	24.738	22.862	21.865	20.747	18.858	16.909	15.976	15.119	12.911	11.049	10.911	9.860	7.093	6.061	6.297	4.402	1.993	2.967	3.290	1.348	0.996	1.349	4.400	6.384	4.657	7.006	10.612	11.310	46.487	42.185	41.383	36.502	37.189	36.452	35.358	32.505	31.545	31.867	29.443	26.673	27.349	26.787	23.666	22.574	23.531	21.687	17.276	18.962	19.059	15.950	13.501	16.118	14.879	11.272	11.370	14.036	10.828	8.599	10.078	5.600	12.891	50.095	46.853	44.392	42.053	41.122	36.731	36.914	34.454	32.343	31.462	29.651	27.604	25.866	24.219	23.039	19.507	19.094	21.235	18.737	14.673	17.567	18.632	14.051	13.766	16.829	16.557	10.851	13.251	16.890	17.356	14.375	13.725	10.684
42.327	46.392	48.490	49.806	46.528	46.428	45.955	45.128	41.913	41.172	39.492	37.363	36.307	35.329	33.225	31.545	30.810	29.316	27.270	25.978	24.942	23.170	21.430	20.143	18.648	17.100	15.612	14.167	12.710	11.352	9.892	8.170	6.936	5.925	4.196	2.342	2.743	3.016	1.349	0.997	1.346	3.831	3.421	7.485	10.680	10.328	48.023	43.779	42.745	37.593	38.474	37.552	36.831	34.070	32.626	33.006	30.940	28.038	28.282	28.009	25.026	23.534	24.496	22.967	18.863	19.736	20.060	17.198	14.353	16.607	15.772	12.193	11.619	14.250	11.668	9.134	9.486	4.096	11.074	51.175	47.945	45.078	42.575	41.609	37.269	37.214	34.683	32.882	31.862	29.736	27.995	26.531	24.290	23.028	19.720	19.243	20.457	18.073	14.583	16.399	16.824	13.017	12.029	14.555	13.828	8.467	10.162	13.752	14.249	11.331	10.993	8.341
45.456	49.605	51.694	52.832	49.463	49.279	48.668	47.600	44.205	43.462	41.451	39.621	38.810	37.396	35.215	34.068	33.212	31.232	29.416	28.638	27.119	25.036	23.970	22.857	20.653	19.236	18.656	16.900	14.665	14.128	13.433	10.859	9.001	9.673	8.091	5.105	5.393	6.796	4.400	1.346	0.995	1.349	3.347	6.496	8.523	7.525	47.614	43.546	42.554	37.330	38.830	38.055	37.937	35.075	33.048	34.079	32.492	29.025	29.181	29.717	26.915	24.785	25.970	25.202	21.093	20.977	22.088	19.806	16.133	17.926	18.106	14.721	12.698	15.626	14.114	11.194	10.445	4.581	10.358	50.244	47.281	44.126	41.268	40.411	36.178	36.107	33.673	32.437	30.941	28.537	27.559	26.335	23.229	22.159	19.285	18.094	18.598	16.786	13.794	13.992	14.469	11.559	9.517	11.088	10.991	6.592	5.551	9.637	10.830	8.319	8.836	6.105
47.098	51.285	53.152	54.423	51.034	50.585	49.756	48.867	45.404	45.013	43.126	41.430	40.360	38.842	36.923	35.765	34.566	32.681	31.179	30.116	28.357	26.598	25.684	24.173	21.936	21.030	20.346	18.125	16.199	16.163	15.127	12.138	11.185	12.197	10.042	7.163	8.360	9.757	6.384	3.831	1.349	0.997	1.341	3.614	5.480	3.904	48.959	44.943	44.313	39.263	40.970	40.488	40.264	37.204	35.287	36.696	34.872	31.233	31.933	32.467	29.455	27.563	29.100	28.133	23.452	24.229	25.536	22.969	19.148	21.757	21.872	18.300	16.542	19.909	18.035	15.361	15.051	9.146	15.374	51.697	48.975	46.093	42.981	42.418	38.141	38.517	36.382	34.964	33.181	31.155	30.307	28.590	25.784	25.195	22.144	20.487	21.739	20.273	16.678	17.023	18.353	15.597	13.055	14.650	15.544	11.083	7.987	13.269	15.312	13.299	13.963	10.512
44.225	48.303	49.948	51.408	48.089	47.489	46.565	45.936	42.467	42.413	40.786	39.125	37.706	36.271	34.654	33.275	31.801	30.233	28.921	27.416	25.634	24.359	23.366	21.346	19.416	19.070	17.911	15.293	14.183	14.490	12.586	9.708	10.176	10.760	7.717	5.852	8.070	8.540	4.657	3.421	3.347	1.341	1.080	1.350	4.286	5.253	47.623	43.463	43.089	38.224	39.742	39.472	38.902	35.678	34.224	35.673	33.476	29.861	31.154	31.418	28.194	26.592	28.499	27.121	21.952	23.808	25.002	22.085	18.534	21.713	21.443	17.724	16.583	19.997	17.616	15.151	15.502	9.975	16.524	50.777	48.060	45.527	42.526	42.063	37.710	38.349	36.362	34.504	32.781	31.193	30.039	27.836	25.706	25.361	22.049	20.122	22.467	20.897	16.741	17.877	19.712	16.603	14.220	16.641	17.433	12.476	11.291	16.286	17.817	15.580	16.057	13.067
47.774	51.829	53.316	54.991	51.796	51.132	50.141	49.781	46.379	46.552	45.117	43.388	41.782	40.498	39.019	37.428	35.878	34.569	33.253	31.477	29.815	28.800	27.612	25.386	23.766	23.525	21.987	19.384	18.713	18.777	16.446	13.989	14.745	14.488	11.172	10.057	12.237	11.230	7.006	7.485	6.496	3.614	1.350	0.997	1.345	3.633	52.457	48.318	48.013	43.210	44.633	44.350	43.625	40.418	39.156	40.407	38.083	34.630	35.950	35.940	32.689	31.303	33.031	31.391	26.343	28.410	29.161	26.082	22.977	26.061	25.157	21.521	21.041	23.899	20.859	18.154	19.252	13.218	20.996	55.708	53.028	50.586	47.608	47.174	42.816	43.496	41.506	39.572	37.910	36.370	35.106	32.868	30.870	30.502	27.105	25.257	27.765	26.143	21.869	23.190	25.080	21.808	19.584	21.962	22.577	17.585	16.052	21.230	22.705	20.139	19.867	16.038
51.238	55.317	56.669	58.427	55.262	54.465	53.335	53.075	49.626	50.022	48.608	46.994	45.312	43.932	42.569	41.047	39.351	38.031	36.880	35.083	33.280	32.357	31.329	29.013	27.295	27.245	25.810	23.078	22.407	22.618	20.351	17.819	18.425	18.287	15.063	13.808	15.607	14.538	10.612	10.680	8.523	5.480	4.286	1.345	0.960	1.346	55.226	51.183	51.029	46.290	47.943	47.778	47.183	43.868	42.465	44.026	41.761	38.141	39.521	39.696	36.455	34.946	36.743	35.201	30.128	32.058	32.851	29.846	26.686	29.530	28.657	25.100	24.466	27.015	24.171	21.130	22.069	15.601	23.488	58.352	55.851	53.410	50.259	49.955	45.627	46.425	44.530	42.765	40.896	39.330	38.350	36.113	33.890	33.646	30.381	28.301	30.532	29.116	25.047	25.805	27.526	24.608	22.108	23.911	24.608	20.021	17.257	22.579	24.315	21.796	21.410	17.332
52.558	56.736	58.268	59.799	56.541	55.835	54.747	54.199	50.687	50.812	49.131	47.571	46.175	44.621	43.040	41.780	40.236	38.570	37.372	35.952	34.041	32.737	31.899	29.920	27.841	27.507	26.517	23.939	22.635	22.860	21.160	18.338	18.134	18.628	15.836	13.794	15.226	15.083	11.310	10.328	7.525	3.904	5.253	3.633	1.346	0.996	54.611	50.658	50.381	45.537	47.439	47.195	46.938	43.676	41.835	43.611	41.649	37.872	38.916	39.476	36.368	34.539	36.262	35.129	30.214	31.437	32.564	29.847	26.322	28.847	28.506	24.981	23.702	26.429	24.226	21.149	21.232	14.747	21.851	57.410	54.944	52.281	48.975	48.647	44.368	45.070	43.140	41.712	39.718	37.902	37.235	35.278	32.581	32.281	29.260	27.177	28.724	27.485	23.821	23.875	25.337	22.751	20.078	21.285	22.189	18.083	14.253	19.426	21.623	19.428	19.411	15.358
27.398	29.465	30.193	28.079	25.581	25.614	24.642	20.268	19.316	19.426	15.474	18.366	21.239	17.994	15.215	21.249	22.309	17.236	21.578	24.589	23.925	20.591	26.051	28.420	26.570	25.352	31.235	32.616	32.019	33.935	36.412	37.271	36.005	39.675	41.806	42.091	43.347	45.511	46.487	48.023	47.614	48.959	47.623	52.457	55.226	54.611	1.036	1.347	4.301	7.860	9.943	11.906	14.555	13.516	14.078	17.880	19.453	18.515	21.171	23.737	24.908	24.693	27.321	29.466	29.531	30.575	33.684	34.339	33.451	37.015	39.404	39.953	39.444	42.825	44.837	48.230	46.549	45.639	43.169	2.024	2.824	5.754	5.930	9.105	11.085	13.233	16.910	16.817	15.043	18.890	20.671	18.613	21.571	24.825	26.797	25.730	27.218	30.473	31.953	31.925	33.386	36.316	37.370	36.885	40.348	42.027	43.016	42.096	44.186	47.326	49.227	51.801
25.466	27.855	28.825	26.937	24.163	24.097	23.047	18.914	17.312	17.278	13.273	16.086	18.598	15.114	12.023	18.001	18.950	13.272	17.751	20.777	19.912	16.380	21.921	24.283	22.352	21.132	26.979	28.371	27.730	29.646	32.106	32.972	31.786	35.379	37.493	37.846	39.107	41.223	42.185	43.779	43.546	44.943	43.463	48.318	51.183	50.658	1.347	0.960	1.346	4.488	6.881	9.312	11.984	10.093	10.465	14.672	16.155	14.491	17.503	20.207	21.178	20.639	23.634	25.712	25.386	26.626	29.825	30.331	29.288	33.011	35.416	35.783	35.342	38.776	40.741	44.031	42.409	41.524	39.240	5.473	3.500	4.338	4.983	6.994	7.673	10.241	13.842	13.549	11.434	15.357	17.084	14.642	17.686	20.966	22.752	21.687	23.476	26.603	27.908	28.076	29.722	32.397	33.431	33.255	36.535	38.074	39.178	38.494	40.500	43.472	45.295	47.767
24.488	27.032	28.520	26.550	23.634	23.968	23.455	19.259	17.445	16.433	12.210	14.253	17.163	14.433	10.398	16.323	18.031	12.476	15.990	19.351	19.355	15.452	20.546	23.146	21.929	19.464	25.693	27.616	26.861	28.354	30.928	32.221	30.585	34.142	36.404	36.953	37.849	39.995	41.383	42.745	42.554	44.313	43.089	48.013	51.029	50.381	4.301	1.346	0.960	1.349	3.548	5.130	8.187	7.588	7.553	11.239	12.991	12.344	14.575	17.155	18.469	18.437	20.722	22.961	23.429	24.155	27.174	28.126	27.360	30.633	32.991	33.812	33.333	36.505	38.552	42.151	40.432	39.740	37.030	6.644	2.686	2.712	4.535	4.118	5.072	7.096	10.301	9.994	8.849	12.603	14.237	12.503	15.976	18.638	20.739	20.473	21.529	24.418	26.073	26.683	27.470	30.334	31.799	31.552	34.589	36.242	37.606	36.920	38.278	41.585	43.084	46.066
23.797	26.734	28.631	26.892	23.717	24.131	23.704	19.780	17.495	16.061	12.028	13.124	15.964	13.571	8.877	14.148	15.887	9.643	12.323	16.184	16.205	11.520	16.517	19.227	17.930	14.348	21.177	23.266	22.070	23.373	26.152	27.472	25.392	29.099	31.466	31.886	32.587	34.864	36.502	37.593	37.330	39.263	38.224	43.210	46.290	45.537	7.860	4.488	1.349	0.997	1.349	2.808	5.848	4.834	2.498	7.080	9.163	7.946	9.519	12.588	14.013	13.223	15.781	18.234	18.513	18.913	22.163	23.475	22.197	25.400	27.886	28.695	27.929	31.204	33.340	36.906	35.041	34.288	31.536	10.341	6.360	4.940	5.559	3.857	2.508	4.863	7.321	5.528	3.823	7.762	9.042	7.109	10.689	13.136	15.266	15.257	16.294	18.962	20.613	21.449	22.193	24.870	26.386	26.425	29.207	30.797	32.267	31.880	32.971	36.157	37.605	40.604
19.783	22.434	24.520	22.643	19.449	20.230	20.311	16.313	14.221	12.157	8.132	8.922	12.125	10.524	5.783	11.227	13.383	8.711	10.775	14.591	15.556	11.685	15.895	18.687	18.449	14.803	21.025	23.353	22.850	23.622	26.348	28.133	26.407	29.549	31.921	32.925	33.371	35.398	37.189	38.474	38.830	40.970	39.742	44.633	47.943	47.439	9.943	6.881	3.548	1.349	0.960	1.341	2.862	2.372	2.618	4.862	6.720	7.161	8.680	10.831	12.351	13.123	14.633	16.773	17.895	18.467	21.117	22.299	22.055	24.892	27.074	28.254	28.138	30.863	32.856	36.683	35.149	34.868	32.219	13.366	9.054	8.422	9.940	7.696	6.394	7.867	9.526	5.330	7.157	10.271	10.314	8.014	12.923	14.337	16.086	17.144	18.493	20.189	21.709	23.451	23.838	25.876	27.851	28.623	30.721	31.957	33.879	34.137	34.365	37.454	38.053	41.525
21.345	24.441	26.956	25.128	21.846	23.046	23.474	19.445	17.470	14.802	11.139	10.708	13.977	13.366	7.702	12.086	14.766	10.892	9.863	14.778	16.536	12.385	15.216	18.503	19.032	14.122	20.252	22.961	22.531	22.615	25.548	27.609	25.622	28.469	31.049	32.260	32.261	34.304	36.452	37.552	38.055	40.488	39.472	44.350	47.778	47.195	11.906	9.312	5.130	2.808	1.341	1.080	1.350	3.229	2.528	2.023	4.461	6.213	6.560	8.069	10.191	11.480	11.919	14.237	15.924	16.406	18.521	20.236	20.473	22.670	24.699	26.263	26.382	28.676	30.688	34.690	33.244	33.211	30.324	13.507	9.233	7.720	10.611	7.515	5.660	5.520	6.635	2.679	6.354	8.927	8.444	7.500	12.223	13.252	14.886	16.635	17.601	18.709	20.593	22.623	22.371	24.266	26.716	27.595	29.270	30.523	32.710	33.092	32.673	35.908	35.909	39.946
