0.995	1.350	2.981	3.568	5.066	7.684	9.362	8.802	8.273	13.386	14.612	17.806	14.954	11.991	16.044	17.840	12.517	13.959	18.175	17.937	15.027	18.563	21.321	18.199	17.414	23.070	24.435	20.813	24.889	27.655	27.561	27.148	30.021	32.295	31.709	32.681	35.544	36.647	34.593	38.342	35.703	40.974	42.350	44.855	46.688	47.511	22.535	21.512	20.744	20.554	22.832	27.058	26.849	21.337	24.717	28.192	26.530	22.500	28.073	29.879	27.385	27.491	30.979	30.779	26.201	31.021	33.928	30.715	29.246	35.253	36.651	34.279	35.614	39.360	38.358	35.536	41.363	39.779	46.000	26.597	25.667	29.221	25.290	27.110	24.801	28.931	29.285	23.214	27.464	30.261	27.891	25.245	30.236	32.204	28.937	29.557	34.225	35.384	32.287	33.605	37.764	37.353	36.138	39.220	41.777	40.254	40.666	44.133	45.177	44.765	45.177	46.629
1.350	0.960	1.349	3.461	6.425	8.707	10.376	8.321	9.349	14.602	14.959	18.845	17.221	13.741	17.689	20.037	15.658	16.241	20.688	21.334	18.552	21.481	24.542	22.299	21.012	26.567	28.312	24.959	28.620	31.420	31.744	31.168	33.790	36.262	35.891	36.597	39.487	40.870	38.829	42.326	39.489	44.672	46.076	48.727	50.628	51.317	22.485	22.022	20.698	21.360	23.434	27.614	28.007	22.668	25.993	29.553	28.389	24.689	30.066	32.011	30.031	30.200	33.610	33.804	29.592	34.121	37.138	34.388	32.894	38.826	40.423	38.375	39.543	43.288	42.788	39.983	45.629	44.244	50.365	26.518	26.118	29.806	26.310	27.907	25.680	30.109	30.711	24.725	29.301	32.046	29.924	27.663	32.585	34.565	31.852	32.575	37.028	38.088	35.354	36.893	40.898	40.362	39.667	42.698	45.189	43.850	44.528	47.838	48.828	48.758	49.443	50.961
2.981	1.349	0.997	1.347	3.262	5.910	8.258	7.003	8.161	13.427	14.198	18.037	16.275	13.376	17.577	19.720	15.292	17.040	20.983	21.421	19.136	22.326	25.196	22.867	22.293	27.594	28.998	26.122	29.931	32.593	32.775	32.582	35.285	37.534	37.223	38.211	40.969	42.188	40.267	43.970	41.301	46.670	48.101	50.646	52.540	53.256	23.783	23.272	21.517	22.201	23.851	27.929	28.122	22.966	26.727	29.954	28.532	25.480	30.653	32.320	30.306	30.952	34.157	33.947	30.153	34.877	37.652	34.545	33.671	39.479	40.759	38.852	40.374	43.933	43.114	40.530	46.334	45.254	51.235	27.409	27.077	30.780	27.591	29.506	27.582	32.013	32.325	26.422	31.236	33.892	31.370	29.448	34.426	36.271	33.162	34.323	38.665	39.456	36.543	38.370	42.311	41.456	40.763	43.943	46.368	44.666	45.541	48.956	49.600	49.525	50.204	51.558
3.568	3.461	1.347	0.997	1.347	3.655	5.492	4.653	5.581	10.683	11.887	15.538	13.616	11.110	15.483	17.460	12.988	15.555	19.105	19.451	17.523	20.939	23.577	21.303	21.335	26.297	27.449	25.032	28.883	31.441	31.608	31.764	34.383	36.505	36.369	37.536	40.152	41.307	39.563	43.353	40.934	46.249	47.844	50.251	51.985	52.854	23.505	22.672	20.826	21.121	22.439	26.473	26.334	21.239	25.364	28.297	26.608	24.056	29.012	30.447	28.407	29.359	32.425	31.968	28.473	33.272	35.900	32.596	32.165	37.848	38.899	37.165	38.916	42.327	41.355	38.954	44.849	43.979	49.896	26.793	26.213	29.912	26.826	29.132	27.483	31.777	31.648	25.908	30.879	33.428	30.459	28.879	33.885	35.571	32.058	33.732	37.851	38.409	35.304	37.376	41.269	40.127	39.422	42.747	45.124	43.118	44.219	47.643	48.035	47.990	48.665	49.818
5.066	6.425	3.262	1.347	0.997	1.349	4.328	6.076	7.190	11.780	13.537	16.876	14.790	13.436	17.815	19.412	14.893	18.542	21.692	21.622	20.153	23.875	26.243	23.652	24.408	29.188	29.840	27.725	31.802	34.291	34.137	34.581	37.323	39.267	38.992	40.430	43.018	43.882	42.147	46.186	43.927	49.352	50.844	53.147	54.857	55.765	27.472	26.490	24.459	24.507	25.392	29.368	28.871	23.967	28.437	31.082	29.032	27.017	31.842	32.852	30.805	32.131	35.038	34.091	30.964	35.891	38.320	34.581	34.757	40.289	40.883	39.266	41.376	44.605	43.149	40.963	46.981	46.222	52.120	30.483	29.775	33.437	30.500	33.095	31.565	35.830	35.467	29.677	34.778	37.284	33.993	32.528	37.577	39.180	35.263	37.179	41.300	41.693	38.303	40.556	44.444	43.066	42.228	45.674	48.012	45.612	46.847	50.358	50.463	50.348	50.896	51.812
7.684	8.707	5.910	3.655	1.349	0.997	1.346	3.705	5.967	9.768	11.201	14.594	13.037	12.106	16.206	17.822	13.863	17.663	20.599	20.729	19.712	23.275	25.451	23.358	24.539	28.848	29.300	27.982	31.807	34.148	34.084	34.968	37.448	39.307	39.352	40.878	43.301	44.212	42.743	46.723	44.716	50.156	51.869	54.093	55.678	56.561	26.644	25.552	23.072	23.138	23.491	27.403	26.932	22.197	26.868	29.354	27.360	25.900	30.437	31.265	29.482	31.027	33.796	32.755	30.101	34.911	37.233	33.483	34.140	39.434	39.777	38.512	40.836	43.861	42.383	40.445	46.446	46.128	51.811	29.058	28.343	31.983	29.487	32.425	31.352	35.553	34.714	29.197	34.594	36.961	33.252	32.418	37.406	38.818	34.765	37.238	41.021	41.001	37.662	40.320	44.027	42.257	41.685	45.231	47.454	44.788	46.401	49.849	49.587	49.692	50.313	51.071
9.362	10.376	8.258	5.492	4.328	1.346	0.997	1.349	3.275	6.151	8.094	10.818	9.506	9.109	13.084	14.461	10.931	14.841	17.619	17.911	17.176	20.654	22.593	21.130	22.420	26.385	26.808	26.149	29.643	31.873	31.988	33.166	35.408	37.240	37.614	39.115	41.387	42.445	41.210	45.032	43.178	48.614	50.542	52.722	54.234	55.055	24.983	23.521	21.124	20.719	20.682	24.523	23.671	19.197	23.982	26.261	24.079	23.049	27.388	27.914	26.308	28.012	30.703	29.497	27.278	31.975	34.209	30.477	31.521	36.629	36.752	35.902	38.343	41.206	39.861	38.141	44.082	44.173	49.619	27.036	26.038	29.578	27.158	30.426	29.567	33.598	32.371	27.004	32.465	34.744	30.709	30.149	35.122	36.403	32.180	34.992	38.584	38.316	35.020	37.921	41.495	39.472	39.109	42.707	44.836	42.012	43.934	47.306	46.752	47.091	47.836	48.469
8.802	8.321	7.003	4.653	6.076	3.705	1.349	0.997	1.344	3.620	4.242	7.962	7.434	6.430	9.839	11.932	9.492	12.256	15.054	16.226	15.635	18.335	20.430	20.102	20.778	24.531	25.401	25.166	28.128	30.268	30.855	32.018	33.831	35.889	36.659	37.928	40.071	41.429	40.405	43.906	41.935	47.284	49.402	51.698	53.202	53.882	20.037	18.886	16.000	16.179	16.107	19.962	19.771	15.168	19.874	22.326	20.767	19.826	23.947	24.875	23.654	25.231	27.888	27.255	25.283	29.647	31.949	28.807	29.716	34.697	35.102	34.567	36.807	39.643	38.874	37.193	42.901	43.266	48.530	21.886	21.180	24.804	22.790	25.911	25.303	29.461	28.238	23.134	28.821	31.060	27.126	27.193	31.999	33.228	29.592	32.571	35.851	35.337	32.581	35.696	39.060	36.875	37.097	40.624	42.651	40.054	42.234	45.445	44.799	45.514	46.463	47.179
8.273	9.349	8.161	5.581	7.190	5.967	3.275	1.344	1.080	1.347	2.870	6.170	4.917	2.874	7.067	8.852	5.589	8.699	11.440	12.320	11.595	14.673	16.743	16.091	16.992	20.628	21.389	21.202	24.201	26.319	26.819	28.092	29.999	31.916	32.680	34.024	36.145	37.451	36.464	39.996	38.162	43.556	45.663	47.864	49.338	50.059	19.849	17.873	15.849	14.866	15.008	18.933	18.097	13.330	17.994	20.410	18.322	16.851	21.305	22.237	20.427	21.954	24.708	23.974	21.477	26.071	28.433	25.183	25.808	30.944	31.548	30.705	32.867	35.799	35.106	33.299	38.996	39.301	44.554	21.763	20.337	23.802	21.208	24.703	24.028	27.860	26.321	21.097	26.561	28.764	24.509	24.210	29.134	30.306	26.096	29.132	32.542	32.147	29.015	32.035	35.488	33.414	33.293	36.850	38.928	36.337	38.317	41.599	41.132	41.659	42.606	43.416
13.386	14.602	13.427	10.683	11.780	9.768	6.151	3.620	1.347	0.997	1.346	2.670	2.433	2.176	4.598	6.072	6.201	8.240	10.186	11.543	12.258	14.408	15.291	16.753	18.024	20.630	21.126	22.505	24.742	26.483	27.190	28.996	30.409	32.277	33.502	34.939	36.758	38.128	37.720	40.928	39.472	44.754	47.230	49.277	50.557	51.148	20.172	17.645	15.339	13.777	12.840	16.534	14.811	10.766	15.666	17.547	15.232	15.199	18.923	18.981	18.083	19.977	22.480	21.276	20.342	24.426	26.484	23.359	25.071	29.586	29.451	29.776	32.209	34.688	34.115	32.939	38.361	39.450	44.214	21.016	19.183	22.353	20.276	24.356	24.418	27.933	25.432	20.913	26.555	28.476	23.496	24.237	28.975	29.744	25.406	29.089	32.049	30.879	28.024	31.652	34.722	31.970	32.467	36.086	37.861	34.921	37.597	40.699	39.461	40.547	41.605	41.990
14.612	14.959	14.198	11.887	13.537	11.201	8.094	4.242	2.870	1.346	1.080	1.344	3.142	2.460	2.198	4.509	6.262	6.814	8.047	10.153	11.406	12.284	13.328	15.801	16.632	18.927	19.896	21.522	23.280	24.872	26.038	27.739	28.711	30.797	32.270	33.610	35.259	36.821	36.715	39.568	38.029	43.202	45.864	47.975	49.240	49.706	16.212	14.080	11.134	10.184	9.215	13.046	12.011	7.434	12.314	14.456	12.473	12.277	15.898	16.643	15.762	17.428	19.939	19.617	18.529	22.251	24.445	22.113	23.318	27.715	28.256	28.548	30.621	33.129	33.228	31.981	37.105	38.325	42.939	16.796	15.318	18.603	16.897	20.906	21.149	24.782	22.184	17.894	23.659	25.495	20.434	21.642	26.236	26.902	22.933	26.668	29.443	28.080	25.612	29.371	32.284	29.449	30.402	33.921	35.601	32.950	35.754	38.713	37.574	38.912	40.163	40.933
17.806	18.845	18.037	15.538	16.876	14.594	10.818	7.962	6.170	2.670	1.344	1.080	1.349	3.214	2.531	2.144	4.536	6.196	6.347	8.123	10.155	11.301	10.836	13.993	15.812	17.462	17.665	20.038	21.886	23.231	24.098	26.202	27.281	29.059	30.556	32.128	33.691	35.066	35.189	38.068	36.932	42.091	44.836	46.731	47.854	48.345	18.443	15.357	12.740	10.763	8.771	12.315	10.263	6.384	11.320	13.007	10.582	11.076	14.443	14.411	13.347	15.364	17.787	16.815	16.216	19.905	21.908	19.172	21.118	25.206	25.278	25.821	28.225	30.489	30.343	29.353	34.469	36.012	40.437	18.109	15.796	18.630	17.081	21.512	22.255	25.426	22.101	18.221	23.927	25.456	19.951	21.335	25.922	26.251	21.668	25.768	28.439	26.712	23.909	27.925	30.726	27.535	28.355	31.996	33.536	30.487	33.494	36.474	34.989	36.321	37.518	38.106
14.954	17.221	16.275	13.616	14.790	13.037	9.506	7.434	4.917	2.433	3.142	1.349	0.960	1.352	3.244	2.496	2.026	4.332	6.107	6.717	7.844	10.244	10.787	11.981	13.917	16.070	16.164	17.946	20.163	21.790	22.302	24.328	25.849	27.502	28.735	30.298	32.079	33.334	33.077	36.281	35.110	40.392	42.942	44.840	46.039	46.657	20.552	17.192	15.604	13.100	11.984	15.532	13.179	9.127	13.856	15.519	12.524	11.913	15.917	15.951	14.090	16.014	18.597	17.337	15.581	19.964	22.124	18.815	20.251	24.883	25.109	24.872	27.302	29.863	29.289	27.947	33.427	34.490	39.254	21.092	18.569	21.437	18.869	23.151	23.221	26.280	23.361	18.846	24.143	25.816	20.519	20.928	25.748	26.350	21.327	25.155	28.181	27.055	23.655	27.307	30.431	27.730	27.804	31.492	33.321	30.291	32.778	35.958	34.951	35.769	36.814	37.456
11.991	13.741	13.376	11.110	13.436	12.106	9.109	6.430	2.874	2.176	2.460	3.214	1.352	0.960	1.352	3.290	2.606	2.134	4.518	6.231	6.505	8.257	10.264	11.231	11.819	14.496	15.680	16.664	18.613	20.419	21.482	22.996	24.245	26.280	27.597	28.884	30.670	32.212	31.865	34.864	33.295	38.565	41.101	43.215	44.545	45.094	17.121	14.112	12.963	10.558	11.055	14.823	12.976	8.063	12.375	14.751	12.227	10.093	14.724	15.899	13.785	15.089	17.907	17.618	14.993	19.347	21.809	19.241	19.487	24.486	25.538	24.952	26.781	29.682	29.737	28.018	33.328	34.045	38.965	18.682	16.342	19.387	16.166	20.207	19.979	23.166	20.696	15.849	21.141	23.056	18.134	18.229	23.086	23.963	19.424	22.914	26.041	25.349	22.272	25.571	28.819	26.567	26.762	30.288	32.263	29.825	32.022	35.153	34.645	35.480	36.660	37.672
16.044	17.689	17.577	15.483	17.815	16.206	13.084	9.839	7.067	4.598	2.198	2.531	3.244	1.352	0.997	1.350	3.249	2.384	1.964	4.315	6.017	6.297	7.474	9.961	11.095	12.734	13.832	15.700	17.221	18.643	19.957	21.708	22.546	24.581	26.166	27.558	29.090	30.657	30.817	33.483	32.131	37.253	40.042	42.051	43.244	43.691	13.441	9.950	8.608	5.709	5.538	9.060	7.228	2.565	6.950	9.162	7.134	6.304	10.088	11.181	10.122	11.578	14.146	14.182	12.317	16.249	18.612	16.493	17.041	21.633	22.655	22.585	24.392	27.057	27.445	26.038	31.044	32.209	36.799	13.909	11.144	14.047	11.622	15.974	16.527	19.625	16.511	12.427	18.123	19.753	14.470	15.985	20.477	20.955	16.849	20.712	23.452	22.025	19.458	23.186	26.138	23.422	24.133	27.665	29.438	26.898	29.491	32.482	31.638	32.813	34.105	35.105
17.840	20.037	19.720	17.460	19.412	17.822	14.461	11.932	8.852	6.072	4.509	2.144	2.496	3.290	1.350	0.997	1.348	3.229	2.466	2.063	4.476	6.350	5.795	7.895	10.129	11.651	11.551	13.942	15.917	17.253	17.894	20.091	21.423	22.978	24.394	26.041	27.651	28.924	29.033	31.986	31.058	36.248	38.974	40.746	41.840	42.402	19.059	15.146	14.349	10.818	10.260	12.409	9.127	6.153	10.118	10.531	7.317	7.634	10.923	10.176	8.579	10.834	13.169	11.582	10.630	14.838	16.758	13.638	15.364	19.819	19.746	20.063	22.423	24.891	24.624	23.390	28.656	29.950	34.539	19.417	16.105	18.575	15.956	20.437	20.942	23.614	20.015	16.023	21.186	22.292	16.718	17.339	22.036	22.244	16.870	20.928	23.850	22.403	18.850	22.670	25.710	22.726	22.895	26.609	28.345	25.172	27.851	30.992	29.674	30.775	31.905	32.509
12.517	15.658	15.292	12.988	14.893	13.863	10.931	9.492	5.589	6.201	6.262	4.536	2.026	2.606	3.249	1.348	0.997	1.352	3.301	2.541	2.016	4.712	6.428	6.390	7.938	10.284	10.990	11.978	14.148	15.970	16.637	18.342	19.939	21.677	22.854	24.295	26.137	27.494	27.124	30.283	29.018	34.335	36.854	38.789	40.055	40.697	19.996	15.984	16.250	12.495	12.938	15.921	13.233	8.944	12.933	14.480	11.451	9.018	13.898	14.486	11.720	12.737	15.752	14.908	11.137	16.075	18.578	15.426	15.240	20.601	21.737	20.500	22.336	25.422	25.185	23.243	28.737	29.209	34.272	21.387	18.098	20.701	16.918	20.787	20.397	23.147	20.525	15.641	20.165	21.801	16.755	16.132	21.026	21.807	16.381	19.752	23.168	22.768	18.824	21.920	25.392	23.429	22.793	26.394	28.517	25.984	27.747	31.052	30.864	31.234	32.290	33.368
13.959	16.241	17.040	15.555	18.542	17.663	14.841	12.256	8.699	8.240	6.814	6.196	4.332	2.134	2.384	3.229	1.352	0.997	1.352	3.239	2.553	2.282	4.667	6.225	6.245	8.402	10.288	11.287	12.673	14.385	15.886	17.221	18.168	20.319	21.819	23.023	24.678	26.346	26.289	28.969	27.421	32.623	35.293	37.399	38.705	39.188	13.211	9.260	10.326	6.552	8.841	12.218	11.125	5.542	8.615	11.802	9.972	5.570	11.049	12.846	10.205	10.225	13.595	13.942	9.744	14.134	16.997	15.075	13.822	19.192	20.954	19.941	21.174	24.392	25.001	22.973	28.039	28.549	33.471	15.287	12.188	15.028	10.959	14.573	14.076	17.220	15.227	9.991	15.138	17.219	12.751	12.253	17.166	18.232	13.499	16.883	20.132	19.811	16.431	19.454	22.834	21.014	20.873	24.309	26.421	24.410	26.217	29.342	29.368	30.032	31.314	32.697
18.175	20.688	20.983	19.105	21.692	20.599	17.619	15.054	11.440	10.186	8.047	6.347	6.107	4.518	1.964	2.466	3.301	1.352	0.997	1.350	3.144	2.323	2.190	4.447	6.218	6.996	8.013	10.137	11.565	12.713	14.051	15.950	16.790	18.607	20.264	21.777	23.204	24.699	25.131	27.663	26.647	31.750	34.622	36.440	37.542	38.002	16.398	11.765	12.245	7.463	8.147	9.164	6.598	3.132	5.779	6.964	4.157	2.322	6.121	7.142	5.129	6.342	9.008	9.325	6.577	10.911	13.369	11.510	11.065	16.029	17.472	16.897	18.421	21.324	21.918	20.250	25.198	26.236	30.843	16.035	11.940	13.973	10.839	15.280	16.088	18.263	14.472	10.711	15.826	16.666	11.018	12.320	16.785	16.833	11.832	15.924	18.720	17.184	14.031	17.706	20.767	18.108	18.324	21.923	23.811	21.313	23.572	26.663	26.140	27.058	28.356	29.597
17.937	21.334	21.421	19.451	21.622	20.729	17.911	16.226	12.320	11.543	10.153	8.123	6.717	6.231	4.315	2.063	2.541	3.239	1.350	0.997	1.350	3.290	2.582	2.084	4.470	6.246	6.091	7.908	10.007	11.456	11.905	14.010	15.649	17.051	18.334	19.978	21.684	22.914	22.920	25.937	25.125	30.347	33.030	34.734	35.849	36.491	20.783	16.364	17.146	12.653	13.637	15.260	12.602	8.672	11.733	12.658	9.427	6.785	11.159	11.341	8.094	9.123	11.924	10.508	6.620	11.706	14.024	10.720	10.433	15.900	16.993	15.631	17.379	20.533	20.464	18.378	23.786	24.356	29.314	21.583	17.704	19.829	16.032	20.007	20.019	22.231	19.088	14.732	18.998	19.967	14.761	14.212	18.697	18.882	12.984	16.375	19.812	19.305	14.634	17.783	21.276	19.272	18.143	21.813	23.958	21.261	22.869	26.243	26.130	26.335	27.395	28.593
15.027	18.552	19.136	17.523	20.153	19.712	17.176	15.635	11.595	12.258	11.406	10.155	7.844	6.505	6.017	4.476	2.016	2.553	3.144	1.350	0.997	1.353	3.273	2.491	2.053	4.471	6.199	6.362	7.967	9.988	11.177	12.338	13.805	15.714	16.976	18.215	20.029	21.593	21.302	24.191	22.838	28.148	30.728	32.703	34.020	34.630	19.448	15.306	16.924	12.678	15.078	17.065	14.763	10.444	12.966	14.724	11.673	7.691	12.767	13.746	10.537	10.024	13.632	13.351	7.744	12.607	15.598	13.247	10.566	16.596	18.524	16.548	17.458	21.135	21.597	18.968	24.169	24.038	29.306	21.571	18.008	20.299	15.666	18.731	17.948	20.268	17.921	13.233	16.436	17.994	13.332	11.739	16.339	17.197	11.530	14.034	17.956	18.283	13.977	16.217	20.068	18.993	17.653	21.040	23.415	21.608	22.574	25.928	26.600	26.646	27.777	29.428
18.563	21.481	22.326	20.939	23.875	23.275	20.654	18.335	14.673	14.408	12.284	11.301	10.244	8.257	6.297	6.350	4.712	2.282	2.323	3.290	1.353	0.997	1.351	3.243	2.440	2.084	4.504	6.127	6.697	8.026	9.949	11.339	11.847	14.023	15.771	16.981	18.407	20.129	20.585	22.843	21.465	26.566	29.408	31.424	32.648	33.039	16.079	11.581	13.640	8.799	11.536	12.741	11.461	7.283	7.903	10.517	8.246	2.667	7.952	9.922	7.384	5.533	9.427	10.628	5.264	8.986	12.484	11.594	8.053	13.878	16.085	14.670	15.215	18.821	19.975	17.613	22.321	22.615	27.489	17.323	13.215	14.916	10.234	13.272	12.891	14.720	12.129	7.764	11.211	12.488	7.714	6.648	11.391	12.279	7.347	10.480	13.747	13.827	10.462	13.124	16.645	15.266	14.718	18.066	20.336	18.749	20.025	23.179	23.799	24.205	25.575	27.386
21.321	24.542	25.196	23.577	26.243	25.451	22.593	20.430	16.743	15.291	13.328	10.836	10.787	10.264	7.474	5.795	6.428	4.667	2.190	2.582	3.273	1.351	0.997	1.351	3.242	2.626	2.068	4.395	6.120	6.759	7.795	9.960	11.139	12.426	14.036	15.738	17.139	18.462	19.077	21.587	21.040	26.101	29.008	30.579	31.583	32.130	20.454	15.734	16.832	11.756	12.072	11.591	9.305	7.023	7.729	7.206	3.955	2.455	5.261	5.471	2.532	2.634	5.643	6.359	2.357	6.520	9.276	7.367	5.682	11.429	13.067	11.624	12.681	16.142	16.796	14.493	19.478	20.059	24.862	19.723	15.216	16.151	12.627	16.713	17.453	18.173	14.600	11.653	15.483	15.016	9.545	10.653	14.505	13.639	8.075	12.124	15.043	13.364	9.455	13.004	16.312	13.708	13.201	16.839	18.990	16.590	17.989	21.347	21.527	21.772	22.987	24.510
18.199	22.299	22.867	21.303	23.652	23.358	21.130	20.102	16.091	16.753	15.801	13.993	11.981	11.231	9.961	7.895	6.390	6.225	4.447	2.084	2.491	3.243	1.351	0.997	1.353	3.267	2.445	2.009	4.348	6.129	6.349	7.918	9.938	11.308	12.356	13.902	15.765	17.016	16.828	19.883	19.123	24.385	27.015	28.689	29.868	30.592	23.420	18.911	20.782	15.900	17.962	18.675	16.505	13.050	14.453	15.101	11.896	8.337	12.651	12.790	9.525	8.642	11.986	11.226	4.996	10.379	12.937	9.741	7.359	13.314	14.744	12.146	13.344	17.117	16.682	13.936	19.570	19.169	24.589	24.625	20.429	22.013	17.524	20.681	20.213	21.609	19.016	15.033	17.550	18.457	13.781	12.354	16.358	16.599	10.764	12.314	16.644	16.900	11.900	13.504	17.643	16.742	14.393	17.757	20.247	18.187	18.572	22.156	23.019	22.591	23.420	24.946
17.414	21.012	22.293	21.335	24.408	24.539	22.420	20.778	16.992	18.024	16.632	15.812	13.917	11.819	11.095	10.129	7.938	6.245	6.218	4.470	2.053	2.440	3.242	1.353	0.997	1.352	3.297	2.432	1.933	4.275	5.966	6.608	7.752	9.811	11.260	12.257	13.947	15.709	15.760	18.183	16.876	22.137	24.849	26.805	28.124	28.699	20.149	16.140	18.468	14.251	17.639	19.078	17.740	13.563	14.005	16.279	13.540	8.307	13.183	14.442	11.361	8.942	13.112	13.240	6.281	10.460	13.766	12.171	7.439	13.560	15.810	13.218	13.030	17.325	18.429	15.198	19.772	19.002	24.380	22.459	18.734	20.243	15.252	16.806	15.557	17.065	15.154	11.343	12.584	14.267	10.469	7.663	11.834	13.088	8.033	8.709	13.298	14.349	10.190	10.888	15.221	15.191	12.961	15.941	18.563	17.492	17.561	20.910	22.335	22.233	23.400	25.621
23.070	26.567	27.594	26.297	29.188	28.848	26.385	24.531	20.628	20.630	18.927	17.462	16.070	14.496	12.734	11.651	10.284	8.402	6.996	6.246	4.471	2.084	2.626	3.267	1.352	0.997	1.353	3.253	2.558	1.991	4.234	6.064	6.352	7.892	9.885	11.302	12.442	14.041	15.122	17.011	16.389	21.348	24.399	26.007	27.041	27.476	22.020	17.724	20.235	15.080	16.790	16.034	15.319	12.620	11.107	11.520	10.209	6.444	6.948	8.979	6.815	1.709	5.944	7.683	2.616	2.750	6.911	7.844	3.129	7.656	10.346	9.920	9.631	13.078	14.999	12.509	16.757	16.677	21.561	22.030	17.461	17.072	13.072	15.675	15.340	14.791	11.968	10.201	11.215	9.925	6.142	6.446	8.876	7.052	1.727	6.120	8.203	6.813	2.835	6.551	9.360	7.275	7.770	10.900	12.906	11.767	13.620	16.313	16.853	17.839	19.651	21.783
24.435	28.312	28.998	27.449	29.840	29.300	26.808	25.401	21.389	21.126	19.896	17.665	16.164	15.680	13.832	11.551	10.990	10.288	8.013	6.091	6.199	4.504	2.068	2.445	3.297	1.353	0.997	1.350	3.293	2.583	1.872	4.289	6.151	6.666	7.903	9.849	11.404	12.431	12.988	15.656	15.630	20.639	23.485	24.815	25.776	26.484	25.589	21.141	23.446	18.436	20.522	20.490	18.416	15.782	16.004	15.785	12.799	9.852	12.484	11.609	8.161	7.193	10.140	7.927	2.287	6.737	8.867	5.485	2.891	8.270	9.657	6.866	8.158	11.728	11.742	8.951	14.262	14.354	19.495	26.596	22.198	23.046	18.429	21.014	20.358	20.923	18.408	15.320	16.798	16.820	12.802	11.398	14.673	14.102	8.439	10.261	13.979	13.516	8.215	10.058	13.784	12.275	9.694	13.251	15.575	13.032	13.607	17.228	17.804	17.274	18.161	19.832
20.813	24.959	26.122	25.032	27.725	27.982	26.149	25.166	21.202	22.505	21.522	20.038	17.946	16.664	15.700	13.942	11.978	11.287	10.137	7.908	6.362	6.127	4.395	2.009	2.432	3.253	1.350	0.997	1.350	3.314	2.579	2.005	4.353	6.086	6.720	7.891	9.964	11.387	11.006	13.892	13.143	18.420	21.026	22.704	23.978	24.764	26.157	22.129	24.543	19.997	22.734	23.138	21.429	18.181	18.445	19.077	16.282	12.132	15.687	15.936	12.496	10.316	14.090	13.217	6.412	10.614	13.463	11.065	6.506	12.360	14.242	10.888	10.912	15.340	15.669	11.949	16.698	14.919	20.797	28.180	24.074	25.041	20.231	21.971	20.657	21.708	19.722	16.264	17.106	18.007	14.462	11.733	14.921	15.387	10.352	9.473	14.359	15.265	10.687	10.273	14.960	15.148	11.962	14.600	17.423	16.226	15.175	18.744	20.580	20.001	20.694	22.946
24.889	28.620	29.931	28.883	31.802	31.807	29.643	28.128	24.201	24.742	23.280	21.886	20.163	18.613	17.221	15.917	14.148	12.673	11.565	10.007	7.967	6.697	6.120	4.348	1.933	2.558	3.293	1.350	0.997	1.349	3.215	2.624	2.039	4.269	6.092	6.675	7.993	9.973	10.818	12.391	11.465	16.548	19.505	21.262	22.492	23.027	24.864	20.988	23.732	19.335	22.350	22.571	21.597	18.350	17.394	18.716	16.649	11.725	14.527	16.055	13.080	9.099	13.421	13.795	7.428	9.641	13.114	12.329	6.554	11.926	14.302	11.236	9.468	14.532	16.029	12.442	15.757	14.293	19.649	26.548	22.495	22.764	18.048	19.121	17.547	17.910	16.172	13.113	13.161	13.735	10.873	7.713	10.396	11.222	6.824	5.071	10.185	11.593	7.859	6.900	11.681	12.562	9.446	11.653	14.581	14.264	13.089	16.214	18.416	18.356	19.392	22.137
27.655	31.420	32.593	31.441	34.291	34.148	31.873	30.268	26.319	26.483	24.872	23.231	21.790	20.419	18.643	17.253	15.970	14.385	12.713	11.456	9.988	8.026	6.759	6.129	4.275	1.991	2.583	3.314	1.349	0.997	1.349	3.240	2.719	2.024	4.313	6.079	6.817	8.066	9.852	11.373	11.725	16.404	19.509	20.681	21.535	22.111	27.518	23.391	26.035	21.231	23.581	23.217	21.992	19.199	18.315	18.481	16.416	12.798	14.162	14.591	11.652	8.170	11.653	11.028	6.131	6.717	9.773	8.292	2.855	7.492	9.801	6.928	5.587	10.137	11.783	8.898	12.286	11.239	16.393	28.644	24.292	24.284	19.843	21.558	20.334	20.387	18.198	15.554	15.825	15.518	12.386	10.445	12.380	11.701	7.325	6.822	10.452	10.455	5.691	5.549	9.871	9.567	6.146	9.334	11.895	10.345	9.966	13.508	14.931	14.684	15.843	18.327
27.561	31.744	32.775	31.608	34.137	34.084	31.988	30.855	26.819	27.190	26.038	24.098	22.302	21.482	19.957	17.894	16.637	15.886	14.051	11.905	11.177	9.949	7.795	6.349	5.966	4.234	1.872	2.579	3.215	1.349	0.960	1.350	3.335	2.643	2.109	4.371	6.272	6.786	7.120	9.933	10.529	15.352	18.061	19.182	20.165	21.063	30.078	25.909	28.490	23.667	26.072	26.007	24.505	21.605	21.173	21.434	18.954	15.219	17.431	17.479	14.198	11.459	14.950	13.411	7.931	10.076	12.785	10.129	5.787	10.514	12.048	8.004	6.808	11.675	12.059	7.848	12.032	10.181	16.108	31.332	27.010	27.309	22.694	24.352	23.053	23.211	21.150	18.323	18.568	18.561	15.486	13.138	15.396	15.087	10.709	9.701	13.691	13.859	9.413	8.661	12.901	12.885	9.004	11.807	14.554	12.884	11.110	15.055	16.720	15.668	16.228	18.756
27.148	31.168	32.582	31.764	34.581	34.968	33.166	32.018	28.092	28.996	27.739	26.202	24.328	22.996	21.708	20.091	18.342	17.221	15.950	14.010	12.338	11.339	9.960	7.918	6.608	6.064	4.289	2.005	2.624	3.240	1.350	0.997	1.351	3.263	2.651	1.988	4.394	6.121	5.975	7.915	7.443	12.563	15.288	16.881	18.226	19.039	29.711	26.002	28.779	24.501	27.577	27.785	26.496	23.360	22.705	23.567	21.190	16.838	19.513	20.027	16.804	13.622	17.443	16.395	10.720	12.575	15.504	13.376	8.422	13.106	15.068	11.222	9.523	14.584	15.307	11.012	14.546	11.606	17.510	31.601	27.691	27.820	23.180	23.721	21.798	22.142	20.741	17.682	17.249	17.997	15.467	11.970	14.045	15.206	11.619	8.173	13.302	14.705	11.061	8.723	13.326	14.546	10.707	11.874	15.456	15.149	12.673	15.391	18.582	18.109	18.327	21.150
30.021	33.790	35.285	34.383	37.323	37.448	35.408	33.831	29.999	30.409	28.711	27.281	25.849	24.245	22.546	21.423	19.939	18.168	16.790	15.649	13.805	11.847	11.139	9.938	7.752	6.352	6.151	4.353	2.039	2.719	3.335	1.351	0.997	1.351	3.263	2.510	2.066	4.348	6.217	6.782	6.730	11.253	14.531	15.880	16.887	17.393	28.170	24.662	27.670	23.304	26.134	25.903	25.326	22.341	20.680	21.751	20.216	15.814	17.116	18.569	16.014	11.646	15.009	15.496	10.887	9.994	13.549	12.894	7.184	11.019	13.688	10.959	7.565	12.844	14.648	10.995	12.439	10.144	15.106	29.440	25.503	24.684	20.521	20.879	18.975	18.432	17.081	14.714	13.489	13.445	11.288	8.568	9.246	9.781	6.663	3.310	7.272	8.832	6.401	2.718	7.437	9.252	6.416	7.410	10.780	11.588	9.548	11.625	15.015	15.237	15.865	19.030
32.295	36.262	37.534	36.505	39.267	39.307	37.240	35.889	31.916	32.277	30.797	29.059	27.502	26.280	24.581	22.978	21.677	20.319	18.607	17.051	15.714	14.023	12.426	11.308	9.811	7.892	6.666	6.086	4.269	2.024	2.643	3.263	1.351	0.976	1.351	3.294	2.737	2.214	4.578	6.163	8.243	12.063	15.006	15.585	16.215	16.997	32.758	28.871	31.651	26.968	29.427	29.075	27.927	25.136	24.124	24.277	22.280	18.679	19.711	19.778	17.059	13.932	15.810	14.825	11.363	10.574	11.526	9.847	5.984	7.372	8.297	5.361	2.536	5.839	6.393	2.851	3.794	3.759	7.887	33.962	29.738	29.375	25.028	26.050	24.379	24.033	22.356	19.894	19.133	18.919	16.378	14.016	14.935	14.681	11.286	9.040	12.153	12.043	8.670	6.744	9.843	8.753	4.845	5.952	8.635	6.709	3.135	7.647	9.288	7.689	8.181	10.913
31.709	35.891	37.223	36.369	38.992	39.352	37.614	36.659	32.680	33.502	32.270	30.556	28.735	27.597	26.166	24.394	22.854	21.819	20.264	18.334	16.976	15.771	14.036	12.356	11.260	9.885	7.903	6.720	6.092	4.313	2.109	2.651	3.263	1.351	0.997	1.349	3.232	2.438	2.073	4.192	6.102	10.094	12.557	13.424	14.484	15.572	34.781	30.926	33.682	29.086	31.711	31.565	30.303	27.396	26.599	26.943	24.741	20.896	22.607	22.821	19.804	16.634	19.533	18.327	13.864	14.344	16.437	14.040	9.664	13.147	14.584	10.999	8.240	13.166	13.816	9.174	11.332	7.469	13.628	36.253	32.093	31.913	27.456	28.340	26.530	26.372	24.825	22.190	21.419	21.468	18.978	16.320	17.384	17.503	14.109	11.331	15.036	15.757	12.304	9.619	13.672	14.331	10.060	10.758	14.517	13.873	9.922	13.465	16.527	15.508	15.213	18.301
32.681	36.597	38.211	37.536	40.430	40.878	39.115	37.928	34.024	34.939	33.610	32.128	30.298	28.884	27.558	26.041	24.295	23.023	21.777	19.978	18.215	16.981	15.738	13.902	12.257	11.302	9.849	7.891	6.675	6.079	4.371	1.988	2.510	3.294	1.349	0.997	1.349	3.245	2.880	2.178	3.102	7.168	10.141	11.407	12.727	13.511	33.895	30.508	33.484	29.353	32.466	32.442	31.606	28.542	27.192	28.231	26.296	21.907	23.723	24.576	21.652	17.964	21.196	20.459	15.855	15.902	18.573	16.460	11.728	15.025	16.950	13.561	10.326	15.321	16.393	11.946	13.434	9.736	15.016	35.666	31.887	31.212	26.986	26.970	24.720	24.391	23.422	20.863	19.383	19.725	17.861	14.761	15.138	16.161	13.243	9.147	12.967	14.861	12.604	8.314	12.575	14.586	10.943	10.028	14.670	15.222	10.721	12.728	17.486	17.219	16.634	20.111
35.544	39.487	40.969	40.152	43.018	43.301	41.387	40.071	36.145	36.758	35.259	33.691	32.079	30.670	29.090	27.651	26.137	24.678	23.204	21.684	20.029	18.407	17.139	15.765	13.947	12.442	11.404	9.964	7.993	6.817	6.272	4.394	2.066	2.737	3.232	1.349	0.997	1.351	3.284	2.910	4.571	7.679	10.845	11.199	11.792	12.409	35.613	32.104	35.081	30.644	33.303	32.847	32.114	29.295	27.763	28.251	26.672	22.801	23.524	24.239	21.738	17.950	20.235	19.772	16.328	14.660	16.928	15.327	10.859	12.684	14.873	12.196	8.115	12.404	13.943	10.378	10.297	7.773	11.645	36.870	32.884	31.815	27.853	28.197	26.182	25.317	24.149	22.044	20.416	20.021	18.238	15.674	15.359	15.518	12.724	9.943	11.876	13.216	10.921	6.595	9.997	11.859	8.368	5.897	10.851	11.681	6.642	8.331	13.172	13.206	12.960	16.540
36.647	40.870	42.188	41.307	43.882	44.212	42.445	41.429	37.451	38.128	36.821	35.066	33.334	32.212	30.657	28.924	27.494	26.346	24.699	22.914	21.593	20.129	18.462	17.016	15.709	14.041	12.431	11.387	9.973	8.066	6.786	6.121	4.348	2.214	2.438	3.245	1.351	0.976	1.350	3.098	6.349	8.615	10.683	10.591	10.966	12.136	38.253	34.590	37.474	32.925	35.485	35.106	34.067	31.263	30.098	30.359	28.460	24.785	25.747	26.045	23.326	19.964	22.150	21.101	17.586	16.824	18.058	15.880	12.229	14.112	14.695	11.544	8.881	12.276	11.847	7.839	7.782	2.930	6.293	39.580	35.491	34.778	30.610	31.150	29.165	28.557	27.284	24.969	23.588	23.383	21.345	18.757	18.852	18.966	15.928	13.112	15.557	16.532	13.816	10.103	13.520	14.515	10.737	9.082	13.531	12.862	5.464	9.911	13.953	11.988	9.010	12.683
34.593	38.829	40.267	39.563	42.147	42.743	41.210	40.405	36.464	37.720	36.715	35.189	33.077	31.865	30.817	29.033	27.124	26.289	25.131	22.920	21.302	20.585	19.077	16.828	15.760	15.122	12.988	11.006	10.818	9.852	7.120	5.975	6.217	4.578	2.073	2.880	3.284	1.350	0.996	1.349	4.005	5.765	7.357	7.883	9.187	10.554	38.723	35.152	37.976	33.701	36.732	36.788	35.607	32.541	31.695	32.358	30.166	25.986	27.966	28.318	25.326	22.050	24.754	23.679	19.306	19.431	21.140	18.888	14.800	17.223	18.447	15.169	12.110	16.225	16.469	11.983	12.738	7.907	13.045	40.628	36.740	36.380	32.021	32.244	30.022	29.821	28.791	26.147	24.814	25.085	23.130	20.107	20.482	21.077	18.089	14.531	17.597	19.002	16.395	12.416	15.912	17.349	13.545	11.650	16.401	16.440	10.043	13.191	17.956	17.022	15.362	19.061
38.342	42.326	43.970	43.353	46.186	46.723	45.032	43.906	39.996	40.928	39.568	38.068	36.281	34.864	33.483	31.986	30.283	28.969	27.663	25.937	24.191	22.843	21.587	19.883	18.183	17.011	15.656	13.892	12.391	11.373	9.933	7.915	6.782	6.163	4.192	2.178	2.910	3.098	1.349	0.997	1.345	3.560	6.183	7.252	8.718	9.599	39.559	36.311	39.343	35.156	38.113	37.912	37.098	34.141	32.743	33.480	31.695	27.546	28.862	29.553	26.848	23.124	25.748	25.099	21.245	20.240	22.398	20.523	16.139	18.222	19.975	16.966	13.424	17.448	18.249	14.097	14.101	10.053	14.053	41.272	37.527	36.485	32.505	32.273	29.857	29.162	28.515	26.227	24.270	24.411	22.993	20.007	19.531	20.502	17.960	14.119	16.387	18.519	16.589	11.889	14.689	17.352	14.037	10.718	16.069	16.957	10.474	12.125	18.100	17.764	16.171	20.078
35.703	39.489	41.301	40.934	43.927	44.716	43.178	41.935	38.162	39.472	38.029	36.932	35.110	33.295	32.131	31.058	29.018	27.421	26.647	25.125	22.838	21.465	21.040	19.123	16.876	16.389	15.630	13.143	11.465	11.725	10.529	7.443	6.730	8.243	6.102	3.102	4.571	6.349	4.005	1.345	0.995	1.347	3.671	6.480	8.551	8.899	36.147	33.283	36.462	32.729	36.212	36.279	35.871	32.670	30.800	32.488	30.921	26.070	27.823	29.335	26.686	22.447	25.642	25.665	21.234	20.234	23.420	21.884	16.879	19.381	21.855	18.984	14.996	19.499	20.843	16.788	16.727	12.886	16.474	38.222	34.868	33.669	29.793	28.961	26.277	25.748	25.530	23.143	20.969	21.616	20.561	17.128	16.515	18.586	16.370	11.571	14.435	17.241	16.128	10.899	14.118	17.365	14.477	11.304	16.725	18.156	12.465	13.132	19.548	19.742	18.458	22.477
40.974	44.672	46.670	46.249	49.352	50.156	48.614	47.284	43.556	44.754	43.202	42.091	40.392	38.565	37.253	36.248	34.335	32.623	31.750	30.347	28.148	26.566	26.101	24.385	22.137	21.348	20.639	18.420	16.548	16.404	15.352	12.563	11.253	12.063	10.094	7.168	7.679	8.615	5.765	3.560	1.347	0.997	1.340	3.442	5.579	6.061	39.752	37.288	40.669	37.069	40.523	40.367	40.270	37.210	34.923	36.618	35.401	30.701	31.774	33.495	31.118	26.748	29.392	29.758	25.885	23.942	27.006	25.729	20.976	22.690	25.080	22.383	18.445	22.256	23.461	19.459	18.788	14.720	17.172	41.706	38.615	36.751	33.379	32.180	29.414	28.367	28.567	26.692	24.013	24.313	23.967	20.777	18.989	21.295	19.808	15.268	16.430	19.641	19.323	13.932	15.372	19.617	17.648	12.698	18.359	20.208	13.839	13.602	20.931	21.342	19.513	23.744
42.350	46.076	48.101	47.844	50.844	51.869	50.542	49.402	45.663	47.230	45.864	44.836	42.942	41.101	40.042	38.974	36.854	35.293	34.622	33.030	30.728	29.408	29.008	27.015	24.849	24.399	23.485	21.026	19.505	19.509	18.061	15.288	14.531	15.006	12.557	10.141	10.845	10.683	7.357	6.183	3.671	1.340	1.080	1.351	4.136	5.673	43.066	40.559	43.848	40.357	44.003	44.059	43.781	40.587	38.532	40.327	38.861	33.994	35.599	37.125	34.552	30.310	33.234	33.237	29.114	27.735	30.572	28.995	24.368	26.249	28.243	25.337	21.743	25.416	26.094	21.933	21.381	16.710	19.006	45.336	42.261	40.784	37.146	35.916	33.041	32.412	32.590	30.361	27.890	28.569	27.949	24.482	23.233	25.696	23.854	19.064	21.027	24.146	23.375	18.103	20.099	23.937	21.474	17.019	22.566	24.024	16.892	17.497	24.552	24.529	22.024	26.302
44.855	48.727	50.646	50.251	53.147	54.093	52.722	51.698	47.864	49.277	47.975	46.731	44.840	43.215	42.051	40.746	38.789	37.399	36.440	34.734	32.703	31.424	30.579	28.689	26.805	26.007	24.815	22.704	21.262	20.681	19.182	16.881	15.880	15.585	13.424	11.407	11.199	10.591	7.883	7.252	6.480	3.442	1.351	0.997	1.345	3.817	46.140	43.437	46.654	42.919	46.260	46.152	45.661	42.608	40.769	42.024	40.479	35.995	37.290	38.370	35.821	31.850	34.346	34.050	30.310	28.795	31.041	29.409	25.153	26.651	28.225	25.314	22.021	25.256	25.711	21.568	20.938	16.218	18.005	48.194	44.901	43.512	39.820	38.896	36.154	35.403	35.332	33.161	30.779	31.181	30.338	27.107	25.967	27.766	25.730	21.408	23.185	25.849	24.623	19.584	21.413	24.847	22.136	17.408	22.897	24.103	16.246	17.242	24.274	24.043	20.906	25.324
46.688	50.628	52.540	51.985	54.857	55.678	54.234	53.202	49.338	50.557	49.240	47.854	46.039	44.545	43.244	41.840	40.055	38.705	37.542	35.849	34.020	32.648	31.583	29.868	28.124	27.041	25.776	23.978	22.492	21.535	20.165	18.226	16.887	16.215	14.484	12.727	11.792	10.966	9.187	8.718	8.551	5.579	4.136	1.345	0.960	1.347	47.742	44.957	48.159	44.264	47.374	47.086	46.547	43.617	41.787	42.752	41.250	37.067	37.967	38.862	36.415	32.600	34.666	34.321	30.873	29.171	31.021	29.467	25.507	26.593	27.860	25.039	21.948	24.639	24.969	20.948	20.186	15.361	16.409	49.577	46.177	44.705	41.073	40.343	37.711	36.767	36.585	34.567	32.176	32.308	31.455	28.431	27.154	28.592	26.586	22.638	23.975	26.354	25.050	20.229	21.676	24.870	22.136	17.249	22.555	23.565	15.370	16.444	23.381	22.964	19.312	23.772
47.511	51.317	53.256	52.854	55.765	56.561	55.055	53.882	50.059	51.148	49.706	48.345	46.657	45.094	43.691	42.402	40.697	39.188	38.002	36.491	34.630	33.039	32.130	30.592	28.699	27.476	26.484	24.764	23.027	22.111	21.063	19.039	17.393	16.997	15.572	13.511	12.409	12.136	10.554	9.599	8.899	6.061	5.673	3.817	1.347	0.996	47.452	44.793	48.070	44.218	47.301	46.917	46.534	43.661	41.619	42.647	41.330	37.147	37.783	38.857	36.571	32.648	34.510	34.450	31.134	29.063	31.030	29.755	25.751	26.541	28.038	25.434	22.110	24.577	25.317	21.437	20.389	15.787	16.186	49.190	45.881	44.183	40.729	39.903	37.276	36.161	36.091	34.250	31.720	31.727	31.094	28.148	26.552	28.043	26.298	22.376	23.241	25.687	24.733	19.898	20.786	24.279	21.852	16.606	21.782	23.119	15.296	15.644	22.703	22.576	19.199	23.666
22.535	22.485	23.783	23.505	27.472	26.644	24.983	20.037	19.849	20.172	16.212	18.443	20.552	17.121	13.441	19.059	19.996	13.211	16.398	20.783	19.448	16.079	20.454	23.420	20.149	22.020	25.589	26.157	24.864	27.518	30.078	29.711	28.170	32.758	34.781	33.895	35.613	38.253	38.723	39.559	36.147	39.752	43.066	46.140	47.742	47.452	1.036	1.351	3.263	5.927	10.074	10.887	14.623	13.027	9.967	15.529	17.406	14.545	16.569	20.346	21.421	20.756	23.066	25.543	24.146	25.037	28.621	29.937	27.588	31.668	34.108	34.594	34.394	37.505	39.486	38.113	41.853	42.158	46.460	2.024	4.087	7.011	5.582	5.829	5.622	9.667	10.081	8.497	12.496	14.522	13.449	15.877	18.560	19.768	20.694	22.479	24.377	23.819	24.494	27.454	29.488	28.263	31.305	33.412	34.951	34.907	37.266	38.858	39.621	41.594	43.741	45.681
21.512	22.022	23.272	22.672	26.490	25.552	23.521	18.886	17.873	17.645	14.080	15.357	17.192	14.112	9.950	15.146	15.984	9.260	11.765	16.364	15.306	11.581	15.734	18.911	16.140	17.724	21.141	22.129	20.988	23.391	25.909	26.002	24.662	28.871	30.926	30.508	32.104	34.590	35.152	36.311	33.283	37.288	40.559	43.437	44.957	44.793	1.351	0.960	1.345	2.525	6.784	7.955	11.282	8.828	5.978	11.507	13.064	9.826	12.341	15.921	16.777	16.169	18.614	20.953	19.510	20.633	24.136	25.228	23.125	27.263	29.613	30.086	30.130	33.147	35.020	33.663	37.569	38.092	42.415	2.755	2.096	5.612	3.089	4.944	5.280	9.302	8.373	5.231	10.513	12.563	10.183	12.627	15.920	17.007	17.098	19.292	21.402	20.639	20.641	23.931	26.245	24.611	27.401	29.779	31.372	30.889	33.357	35.338	35.701	37.581	39.607	41.454
20.744	20.698	21.517	20.826	24.459	23.072	21.124	16.000	15.849	15.339	11.134	12.740	15.604	12.963	8.608	14.349	16.250	10.326	12.245	17.146	16.924	13.640	16.832	20.782	18.468	20.235	23.446	24.543	23.732	26.035	28.490	28.779	27.670	31.651	33.682	33.484	35.081	37.474	37.976	39.343	36.462	40.669	43.848	46.654	48.159	48.070	3.263	1.345	0.960	1.352	3.594	5.418	8.292	7.250	6.774	10.612	12.143	11.090	13.507	16.216	17.202	17.880	19.813	21.829	21.408	22.699	25.666	26.412	25.364	29.264	31.229	32.131	32.543	35.277	36.983	35.899	39.898	40.686	44.997	3.120	3.312	7.051	6.358	8.692	9.192	13.223	11.980	8.750	14.397	16.363	13.405	15.952	19.512	20.484	20.096	22.547	24.725	23.613	23.417	26.961	29.323	27.216	30.054	32.636	34.130	33.128	35.960	38.122	37.814	39.966	41.893	43.443
20.554	21.360	22.201	21.121	24.507	23.138	20.719	16.179	14.866	13.777	10.184	10.763	13.100	10.558	5.709	10.818	12.495	6.552	7.463	12.653	12.678	8.799	11.756	15.900	14.251	15.080	18.436	19.997	19.335	21.231	23.667	24.501	23.304	26.968	29.086	29.353	30.644	32.925	33.701	35.156	32.729	37.069	40.357	42.919	44.264	44.218	5.927	2.525	1.352	0.997	1.350	3.256	5.921	3.502	2.374	6.687	8.011	5.909	8.624	11.539	12.340	12.612	14.743	16.829	16.141	17.378	20.459	21.286	20.079	23.943	26.008	26.826	27.257	29.941	31.670	30.629	34.582	35.626	39.765	5.478	2.590	5.462	3.768	7.866	9.165	12.362	9.422	6.174	12.156	13.704	9.266	12.302	16.027	16.575	15.327	18.318	20.434	18.808	18.330	22.200	24.488	22.075	24.862	27.572	28.972	27.862	30.721	33.007	32.595	34.673	36.634	38.279
22.832	23.434	23.851	22.439	25.392	23.491	20.682	16.107	15.008	12.840	9.215	8.771	11.984	11.055	5.538	10.260	12.938	8.841	8.147	13.637	15.078	11.536	12.072	17.962	17.639	16.790	20.522	22.734	22.350	23.581	26.072	27.577	26.134	29.427	31.711	32.466	33.303	35.485	36.732	38.113	36.212	40.523	44.003	46.260	47.374	47.301	10.074	6.784	3.594	1.350	0.960	1.343	2.747	2.342	2.187	4.498	6.033	6.632	8.476	10.314	11.521	12.877	14.442	16.198	17.090	18.215	20.449	21.236	21.346	24.505	25.942	27.500	28.432	30.582	32.154	31.792	35.530	37.231	41.009	7.336	5.090	7.525	7.535	11.986	13.657	16.732	12.664	10.645	16.556	17.639	12.113	16.233	19.717	19.507	17.796	21.295	23.169	20.436	20.144	24.416	26.430	23.098	26.278	29.196	30.077	28.418	31.865	34.219	32.830	35.391	37.279	38.518
27.058	27.614	27.929	26.473	29.368	27.403	24.523	19.962	18.933	16.534	13.046	12.315	15.532	14.823	9.060	12.409	15.921	12.218	9.164	15.260	17.065	12.741	11.591	18.675	19.078	16.034	20.490	23.138	22.571	23.217	26.007	27.785	25.903	29.075	31.565	32.442	32.847	35.106	36.788	37.912	36.279	40.367	44.059	46.152	47.086	46.917	10.887	7.955	5.418	3.256	1.343	1.080	1.350	3.234	2.425	2.021	4.307	6.313	6.857	7.968	9.890	11.583	12.464	14.212	15.797	16.888	18.558	19.834	20.460	22.931	24.067	26.080	27.136	28.974	30.581	30.820	34.139	36.186	39.631	6.303	4.644	5.507	7.020	11.574	14.288	16.463	11.551	10.864	16.436	17.064	11.423	16.386	19.414	18.694	17.257	20.892	22.452	18.916	19.105	23.460	25.136	21.251	24.951	27.847	28.197	26.471	30.266	32.552	30.596	33.546	35.516	36.608
