0.995	1.349	3.914	5.876	3.312	3.336	3.959	5.113	4.320	8.162	11.054	13.526	10.654	9.061	12.994	14.550	9.463	10.520	15.797	16.270	14.150	17.349	20.120	18.987	19.554	22.940	24.740	24.055	26.506	28.635	29.925	30.950	31.998	34.353	35.611	36.980	38.594	40.038	40.769	43.368	46.303	50.109	49.716	52.442	56.330	55.539	26.765	23.646	20.465	16.581	16.513	16.460	16.844	12.679	16.124	18.894	19.090	15.519	20.999	22.969	22.659	23.029	26.054	27.038	24.895	28.642	31.292	30.591	29.285	34.207	36.147	35.855	36.456	39.823	40.783	39.050	43.188	45.774	48.787	29.393	29.580	26.767	22.823	22.209	17.973	21.591	23.913	20.421	20.174	24.062	25.048	21.072	24.378	27.304	28.565	26.763	29.560	32.724	33.759	33.739	36.045	38.054	39.050	39.740	42.490	43.870	44.774	44.916	47.987	49.714	50.460	55.536
1.349	0.960	1.350	2.887	2.221	4.658	5.005	5.442	6.536	11.195	12.651	16.194	14.892	12.238	15.905	18.290	14.280	13.801	19.493	20.859	18.731	20.867	24.215	23.968	23.796	26.999	29.139	28.790	30.584	32.746	34.393	35.288	35.730	38.518	39.996	41.167	42.628	44.273	45.216	47.505	50.225	53.928	53.268	56.020	59.893	58.808	26.264	23.132	20.131	16.793	16.942	17.515	17.841	14.498	17.941	20.556	21.057	18.385	23.346	25.272	25.510	26.104	28.851	30.234	28.753	31.841	34.495	34.568	33.000	37.593	39.701	39.769	40.002	43.344	44.707	43.020	46.868	49.485	52.205	29.498	30.015	27.616	23.506	23.188	19.108	23.051	25.391	21.994	22.262	26.142	27.288	23.890	27.281	30.035	31.714	30.270	32.443	35.586	37.008	37.066	38.787	41.089	42.414	42.795	45.515	47.086	48.115	47.844	51.001	52.991	53.606	58.986
3.914	1.350	0.997	1.348	3.004	5.183	4.178	3.324	5.434	9.325	9.596	13.482	13.438	10.508	13.251	16.289	13.878	12.342	17.817	19.731	18.277	19.597	23.035	23.820	23.664	26.054	28.318	28.902	30.202	32.023	33.852	35.096	34.942	37.859	39.604	40.874	41.999	43.688	45.043	47.040	49.848	53.230	52.564	55.617	59.514	58.344	22.247	19.637	16.267	13.286	12.885	14.171	14.023	11.399	15.021	17.320	17.756	16.241	20.605	22.143	22.733	23.817	26.190	27.607	27.110	29.683	32.120	32.710	31.483	35.578	37.606	38.233	38.465	41.479	43.057	41.884	45.312	47.858	50.801	25.710	26.698	24.709	20.325	20.531	16.627	20.888	22.999	19.061	20.568	24.229	24.913	22.141	26.029	28.361	30.070	29.304	31.380	34.055	35.589	36.289	37.428	39.432	41.330	41.954	44.303	45.735	47.171	46.961	49.497	51.858	52.931	58.073
5.876	2.887	1.348	0.997	1.349	3.532	3.967	4.900	7.744	11.519	12.180	16.054	15.910	13.733	16.744	19.539	16.852	15.992	21.411	23.159	21.622	23.406	26.690	27.129	27.209	29.849	31.912	32.308	33.881	35.771	37.469	38.723	38.805	41.614	43.284	44.570	45.817	47.430	48.676	50.787	53.598	57.069	56.454	59.451	63.348	62.218	24.857	22.338	19.224	16.731	16.299	17.997	17.744	15.122	18.955	21.236	21.581	20.072	24.575	26.032	26.572	27.782	30.127	31.410	30.922	33.633	36.054	36.477	35.393	39.542	41.485	42.106	42.424	45.445	46.944	45.734	49.264	51.799	54.809	28.847	30.062	28.255	23.902	24.221	20.443	24.762	26.917	23.012	24.557	28.250	28.962	26.167	30.043	32.396	34.077	33.184	35.345	38.116	39.590	40.204	41.456	43.496	45.304	45.896	48.313	49.737	51.128	50.916	53.536	55.847	56.846	62.024
3.312	2.221	3.004	1.349	0.997	1.351	3.163	5.821	7.014	10.852	12.872	16.146	14.598	13.085	16.822	18.944	15.104	15.627	20.810	21.922	20.188	22.953	25.833	25.394	25.982	29.012	30.783	30.688	32.849	34.841	36.220	37.486	38.165	40.640	42.081	43.459	44.927	46.374	47.333	49.772	52.686	56.374	55.907	58.768	62.671	61.731	28.231	25.435	22.244	19.116	18.840	19.729	19.655	16.060	20.049	22.543	22.676	20.147	25.292	26.927	26.996	27.944	30.585	31.606	30.391	33.707	36.203	35.976	34.979	39.495	41.342	41.568	42.153	45.288	46.451	45.035	48.915	51.467	54.628	31.714	32.499	30.292	26.034	25.958	21.942	26.011	28.240	24.380	25.166	28.999	29.801	26.354	30.036	32.647	34.064	32.716	35.302	38.262	39.467	39.803	41.666	43.612	45.021	45.687	48.283	49.646	50.815	50.817	53.631	55.643	56.537	61.638
3.336	4.658	5.183	3.532	1.351	0.997	1.348	4.300	5.887	8.180	10.637	13.462	11.944	11.294	15.010	16.883	13.689	14.928	19.404	20.381	19.105	22.257	24.662	24.276	25.430	28.228	29.533	29.881	32.242	34.057	35.167	36.795	37.688	39.829	41.250	42.838	44.276	45.499	46.535	49.090	52.219	55.814	55.644	58.660	62.572	61.918	29.773	27.345	23.719	20.438	19.618	20.297	19.674	15.367	19.930	22.342	21.749	19.242	24.630	25.856	25.657	26.916	29.520	30.026	29.124	32.634	34.979	34.445	34.033	38.445	39.941	40.372	41.339	44.245	45.199	44.060	47.957	50.369	54.089	33.030	33.887	31.562	27.282	27.255	23.177	27.180	29.223	24.712	25.848	29.589	29.811	26.098	30.145	32.599	33.546	32.314	35.520	38.219	39.043	39.739	41.910	43.283	44.760	45.881	48.289	49.297	50.665	51.157	53.451	55.420	56.749	61.355
3.959	5.005	4.178	3.967	3.163	1.348	0.997	1.348	3.219	6.254	8.153	11.251	10.353	9.142	12.800	14.881	12.060	12.611	17.277	18.612	17.372	20.167	22.693	22.861	23.773	26.342	27.799	28.469	30.534	32.227	33.518	35.179	35.805	38.070	39.618	41.200	42.521	43.820	45.036	47.409	50.573	54.037	53.813	56.944	60.886	60.182	27.524	25.292	21.446	18.136	17.094	17.773	17.059	12.738	17.349	19.749	19.241	16.867	22.151	23.405	23.359	24.613	27.177	27.826	27.083	30.421	32.759	32.470	31.966	36.281	37.883	38.404	39.269	42.141	43.255	42.193	45.934	48.365	52.058	30.686	31.616	29.295	24.957	25.007	20.951	24.967	26.925	22.199	23.594	27.284	27.381	23.768	28.013	30.327	31.346	30.306	33.460	36.026	36.919	37.804	39.797	41.088	42.773	43.947	46.223	47.230	48.724	49.219	51.322	53.415	54.896	59.457
5.113	5.442	3.324	4.900	5.821	4.300	1.348	0.997	1.343	3.594	4.212	8.019	8.029	6.448	9.064	11.840	10.673	9.824	14.370	16.254	15.649	17.352	20.095	21.205	21.954	23.819	25.435	26.904	28.380	29.816	31.365	33.144	33.156	35.657	37.450	39.047	40.039	41.446	43.023	45.072	48.214	51.355	51.077	54.427	58.366	57.497	22.389	20.299	16.295	13.117	11.830	12.822	11.810	8.179	12.777	14.925	14.524	13.334	17.825	18.808	19.222	20.742	23.066	23.871	23.982	26.718	28.907	29.226	28.846	32.689	34.284	35.292	36.023	38.656	40.045	39.339	42.685	45.040	48.771	25.436	26.506	24.286	19.988	20.359	16.462	20.702	22.470	17.495	19.863	23.335	23.127	20.161	24.780	26.754	27.904	27.536	30.342	32.550	33.642	34.986	36.357	37.526	39.726	40.948	42.963	43.917	45.714	46.140	47.836	50.277	52.009	56.498
4.320	6.536	5.434	7.744	7.014	5.887	3.219	1.343	1.080	1.347	2.874	6.106	5.562	2.980	6.693	8.848	6.542	6.775	11.017	12.551	11.679	14.244	16.603	17.315	18.200	20.470	21.818	22.988	24.822	26.345	27.669	29.470	29.972	32.186	33.827	35.481	36.680	37.954	39.352	41.614	44.866	48.193	48.040	51.295	55.242	54.616	24.602	22.314	18.374	14.616	13.099	13.221	12.067	7.241	11.980	14.344	13.402	10.756	16.208	17.458	17.217	18.427	21.032	21.708	20.886	24.210	26.554	26.294	25.834	30.083	31.706	32.242	33.164	35.957	37.089	36.145	39.796	42.200	46.049	26.957	27.573	24.927	20.717	20.520	16.413	20.260	22.022	16.994	18.458	22.008	21.700	17.904	22.385	24.567	25.310	24.468	27.863	30.238	30.948	32.104	34.150	35.132	36.942	38.311	40.469	41.289	42.942	43.663	45.435	47.564	49.279	53.611
8.162	11.195	9.325	11.519	10.852	8.180	6.254	3.594	1.347	0.997	1.345	2.716	2.573	2.242	4.433	6.280	7.029	7.866	10.049	11.563	12.263	14.334	15.784	17.197	18.982	20.345	20.863	23.240	24.985	26.040	27.104	29.435	29.865	31.667	33.477	35.400	36.274	37.270	39.071	41.267	44.773	47.668	47.885	51.511	55.418	55.036	25.988	24.139	19.822	16.816	14.420	14.344	11.965	7.641	12.414	14.311	11.945	10.491	15.423	15.683	15.242	16.994	19.432	19.183	19.503	22.685	24.712	24.256	24.855	28.591	29.546	30.730	32.124	34.444	35.375	35.110	38.497	40.588	45.196	27.959	28.742	25.924	22.183	22.079	18.251	22.055	22.924	17.360	19.842	22.980	21.540	17.926	22.962	24.690	24.577	24.540	28.418	30.197	30.448	32.402	34.402	34.528	36.741	38.639	40.440	40.690	42.803	44.149	44.922	47.225	49.506	53.208
11.054	12.651	9.596	12.180	12.872	10.637	8.153	4.212	2.874	1.345	1.080	1.344	3.253	2.451	2.000	4.193	6.070	6.437	7.859	9.789	11.322	12.221	13.502	15.630	17.438	18.021	18.811	21.632	23.089	23.784	25.181	27.538	27.494	29.403	31.430	33.356	33.918	35.065	37.118	39.047	42.512	45.161	45.386	49.165	53.055	52.624	22.025	20.315	15.934	13.375	10.707	10.698	8.059	4.671	9.448	10.767	8.503	7.883	12.286	12.255	12.035	13.848	16.202	16.172	16.842	19.653	21.617	21.662	22.163	25.615	26.736	28.062	29.341	31.536	32.706	32.583	35.711	37.812	42.376	23.898	24.849	22.103	18.575	18.823	15.335	19.301	19.905	14.048	17.441	20.376	18.505	15.233	20.442	21.961	21.697	22.202	25.878	27.397	27.683	29.948	31.703	31.601	34.113	36.084	37.709	37.861	40.153	41.581	42.013	44.499	46.906	50.560
13.526	16.194	13.482	16.054	16.146	13.462	11.251	8.019	6.106	2.716	1.344	1.080	1.348	3.201	2.735	2.102	4.444	6.370	6.656	7.912	10.080	11.516	11.439	13.784	16.100	16.758	16.588	19.807	21.589	22.089	23.052	25.763	26.164	27.485	29.494	31.594	32.168	32.976	35.109	37.210	40.864	43.442	43.962	47.839	51.684	51.537	25.177	23.570	19.188	17.052	14.101	13.139	9.918	6.926	10.962	11.712	8.503	8.163	12.388	11.462	10.843	12.967	15.286	14.407	14.985	18.271	20.123	19.421	20.611	24.064	24.744	26.036	27.733	29.827	30.624	30.676	33.928	35.871	40.881	26.472	27.116	24.173	21.165	20.853	17.622	21.125	20.968	15.339	18.172	21.103	18.546	15.245	20.276	21.738	20.668	21.165	25.358	26.829	26.593	29.055	31.200	30.629	32.969	35.234	36.865	36.612	39.020	40.885	40.966	43.284	45.810	49.106
10.654	14.892	13.438	15.910	14.598	11.944	10.353	8.029	5.562	2.573	3.253	1.348	0.960	1.352	3.357	2.485	2.072	4.422	6.149	6.750	7.753	10.268	11.264	12.246	14.421	15.900	15.997	18.294	20.300	21.436	22.134	24.594	25.526	26.963	28.620	30.619	31.672	32.479	34.155	36.533	40.155	43.179	43.558	47.147	51.030	50.917	27.838	25.850	21.616	18.661	16.088	14.988	12.347	7.954	12.016	13.931	11.063	8.293	13.714	14.057	12.394	14.103	16.726	16.060	15.234	19.191	21.354	20.096	20.685	24.864	25.819	26.430	28.039	30.544	31.145	30.640	34.356	36.504	41.139	28.980	29.287	26.105	22.777	21.961	18.152	21.355	21.701	16.837	17.935	21.087	19.339	15.253	19.875	21.730	21.001	20.452	24.998	26.915	26.644	28.468	31.036	30.986	32.695	34.853	36.771	36.801	38.791	40.515	41.266	43.231	45.537	48.972
9.061	12.238	10.508	13.733	13.085	11.294	9.142	6.448	2.980	2.242	2.451	3.201	1.352	0.960	1.354	3.262	2.677	2.175	4.305	6.115	6.569	8.254	10.105	11.494	12.928	14.335	15.426	17.412	18.928	20.103	21.451	23.490	23.856	25.875	27.652	29.444	30.415	31.622	33.315	35.399	38.803	41.876	41.939	45.452	49.381	48.999	24.405	22.135	18.089	14.506	12.324	11.589	9.656	4.589	8.845	11.177	9.196	5.314	11.166	12.490	11.170	12.235	15.017	15.531	14.215	17.744	20.136	19.657	19.269	23.543	25.155	25.579	26.637	29.367	30.441	29.597	33.196	35.574	39.638	25.756	25.971	22.849	19.160	18.443	14.416	17.827	18.538	13.777	14.739	17.943	16.671	12.473	17.185	19.102	19.059	18.473	22.527	24.532	24.724	26.361	28.648	29.002	30.850	32.684	34.622	35.039	36.909	38.225	39.332	41.422	43.566	47.387
12.994	15.905	13.251	16.744	16.822	15.010	12.800	9.064	6.693	4.433	2.000	2.735	3.357	1.354	0.997	1.353	3.255	2.753	1.970	4.170	6.029	6.618	7.749	9.828	11.662	12.151	12.985	15.706	17.111	17.798	19.250	21.529	21.567	23.455	25.437	27.337	27.974	29.161	31.171	33.061	36.538	39.298	39.506	43.261	47.155	46.827	20.922	19.017	14.736	12.636	9.670	8.138	5.142	2.306	5.643	6.840	3.931	2.981	7.016	7.223	6.591	8.239	10.668	10.939	11.149	14.063	16.114	16.259	16.369	20.019	21.335	22.443	23.613	25.942	27.158	26.789	30.043	32.250	36.646	21.812	22.258	19.186	16.118	15.576	12.309	15.706	15.511	10.096	12.791	15.633	13.174	9.960	15.113	16.529	16.015	16.344	20.340	21.804	21.945	24.197	26.154	25.925	28.319	30.391	32.029	32.133	34.377	35.965	36.323	38.731	41.161	44.742
14.550	18.290	16.289	19.539	18.944	16.883	14.881	11.840	8.848	6.280	4.193	2.102	2.485	3.262	1.353	0.997	1.351	3.317	2.580	2.026	4.397	6.307	6.084	7.786	10.180	11.320	10.926	13.826	15.726	16.577	17.255	19.893	20.792	21.954	23.759	25.838	26.713	27.366	29.344	31.600	35.302	38.094	38.694	42.417	46.264	46.298	26.691	24.556	20.396	17.874	15.171	13.118	10.448	6.481	9.805	11.155	8.136	5.679	10.273	10.322	7.672	9.700	12.145	10.622	10.045	14.159	16.049	14.273	15.715	19.589	19.988	20.868	22.870	25.097	25.418	25.386	28.961	30.842	36.005	26.973	27.020	23.739	20.901	19.827	16.454	19.377	18.982	14.322	15.359	18.299	15.672	11.904	16.156	17.908	16.435	15.954	20.841	22.677	21.974	23.996	26.729	26.316	27.955	30.357	32.235	31.907	34.063	36.095	36.481	38.402	40.838	43.998
9.463	14.280	13.878	16.852	15.104	13.689	12.060	10.673	6.542	7.029	6.070	4.444	2.072	2.677	3.255	1.351	0.997	1.348	3.267	2.618	1.977	4.721	6.321	6.717	8.419	10.178	11.201	12.536	14.457	15.916	16.897	18.905	19.976	21.654	23.172	24.984	26.271	27.334	28.741	31.091	34.582	37.919	38.118	41.481	45.387	45.289	28.062	25.608	21.708	18.263	16.209	14.377	12.353	7.537	10.220	12.857	10.460	6.109	11.636	12.996	10.504	11.028	14.306	14.127	11.163	15.797	18.364	16.728	16.011	21.053	22.736	22.226	23.451	26.525	27.110	25.837	29.935	32.394	36.343	28.265	27.957	24.306	21.482	19.917	16.086	18.318	18.690	14.839	14.245	17.294	16.000	11.320	14.939	17.249	16.633	14.967	19.855	22.118	21.765	22.948	25.932	26.375	27.385	29.461	31.622	31.912	33.443	35.131	36.448	38.070	40.117	43.733
10.520	13.801	12.342	15.992	15.627	14.928	12.611	9.824	6.775	7.866	6.437	6.370	4.422	2.175	2.753	3.317	1.348	0.997	1.352	3.250	2.510	2.280	4.557	6.352	7.194	8.278	10.108	11.824	12.899	14.103	15.844	17.578	17.758	19.975	21.811	23.451	24.445	25.837	27.538	29.436	32.729	35.920	35.861	39.303	43.245	42.892	22.726	20.080	16.391	12.655	10.960	9.253	8.331	2.858	5.776	8.700	7.842	2.493	8.428	10.418	8.725	7.987	11.607	12.479	9.253	13.223	15.951	15.272	13.709	18.607	20.669	20.355	21.075	24.242	25.394	23.971	27.769	30.347	33.917	23.245	22.905	19.454	16.055	14.811	10.640	13.609	14.638	10.548	10.338	13.534	12.496	7.767	11.664	13.818	13.625	12.352	16.734	18.924	18.956	20.271	22.892	23.441	24.843	26.682	28.738	29.260	30.893	32.277	33.624	35.485	37.526	41.405
15.797	19.493	17.817	21.411	20.810	19.404	17.277	14.370	11.017	10.049	7.859	6.656	6.149	4.305	1.970	2.580	3.267	1.352	0.997	1.352	3.154	2.555	1.971	4.333	6.326	6.460	7.352	9.862	11.318	11.953	13.380	15.619	15.871	17.557	19.524	21.433	22.108	23.281	25.277	27.180	30.702	33.422	33.732	37.547	41.420	41.247	24.549	22.529	18.644	16.754	14.559	11.136	9.109	6.009	6.779	7.426	4.303	2.275	5.160	5.732	2.753	3.749	6.323	6.202	5.377	8.345	10.605	10.517	10.518	14.158	15.637	16.482	17.689	20.010	21.220	20.892	24.066	26.295	30.786	23.225	22.840	19.444	17.936	16.048	13.336	15.072	13.771	10.057	10.610	13.084	9.751	6.504	10.810	12.198	10.524	10.930	15.366	16.864	16.363	18.802	21.156	20.462	22.694	24.998	26.646	26.394	28.740	30.697	30.767	33.035	35.552	38.937
16.270	20.859	19.731	23.159	21.922	20.381	18.612	16.254	12.551	11.563	9.789	7.912	6.750	6.115	4.170	2.026	2.618	3.250	1.352	0.997	1.351	3.287	2.465	2.018	4.420	6.059	6.402	7.957	9.962	11.312	11.911	14.141	15.548	16.857	18.288	20.219	21.533	22.424	23.867	26.271	29.904	33.228	33.621	37.050	40.914	41.085	28.693	26.327	22.457	19.723	17.649	14.815	12.962	8.938	10.201	12.397	9.538	5.653	10.093	11.262	8.170	8.463	11.568	10.661	6.991	12.273	14.637	12.124	11.879	17.094	18.384	17.694	19.200	22.292	22.467	21.131	25.489	27.888	31.954	27.915	27.467	23.741	21.728	19.790	16.520	18.206	17.640	13.997	13.618	16.337	14.042	9.847	12.718	15.097	13.436	11.247	16.881	19.084	17.978	19.163	22.494	22.728	23.187	25.670	27.858	27.767	29.218	31.436	32.509	33.826	36.020	39.235
14.150	18.731	18.277	21.622	20.188	19.105	17.372	15.649	11.679	12.263	11.322	10.080	7.753	6.569	6.029	4.397	1.977	2.510	3.154	1.351	0.997	1.354	3.341	2.870	2.443	4.412	6.479	7.131	8.392	10.166	11.713	13.048	14.053	16.005	17.534	19.066	20.456	21.836	23.125	25.300	28.597	32.170	32.180	35.345	39.271	39.170	28.015	25.343	21.897	18.254	17.157	14.481	13.879	9.127	9.093	12.907	11.223	6.024	10.988	12.992	10.255	8.885	12.787	13.030	8.231	13.010	15.805	13.947	11.492	17.360	19.446	17.948	18.653	22.331	22.930	20.774	25.194	27.806	31.043	27.396	26.674	22.600	20.438	18.301	14.520	15.818	16.271	12.811	11.570	14.227	12.984	8.188	10.103	13.104	12.216	9.300	14.556	17.133	16.560	17.037	20.434	21.424	21.624	23.612	26.016	26.521	27.549	29.278	31.095	32.384	34.139	37.950
17.349	20.867	19.597	23.406	22.953	22.257	20.167	17.352	14.244	14.334	12.221	11.516	10.268	8.254	6.618	6.307	4.721	2.280	2.555	3.287	1.354	0.997	1.352	3.261	2.830	1.968	4.181	6.058	6.677	7.688	9.622	11.301	11.493	13.586	15.472	17.063	18.055	19.484	21.238	23.025	26.345	29.611	29.590	33.043	36.973	36.768	23.616	21.208	17.959	14.785	14.285	10.649	10.692	7.184	4.656	8.677	7.722	2.326	5.595	8.250	6.830	3.580	7.667	8.982	4.441	8.084	11.049	10.728	7.936	13.039	15.333	14.702	15.158	18.548	19.805	17.881	21.887	24.539	27.837	22.201	21.327	17.180	15.861	13.312	9.764	10.780	10.550	7.099	6.170	8.786	7.326	2.711	5.993	8.109	7.681	6.350	10.727	12.885	12.911	14.257	16.818	17.420	18.697	20.627	22.630	23.185	24.743	26.239	27.544	29.353	31.445	35.177
20.120	24.215	23.035	26.690	25.833	24.662	22.693	20.095	16.603	15.784	13.502	11.439	11.264	10.105	7.749	6.084	6.321	4.557	1.971	2.465	3.341	1.352	0.997	1.349	3.310	2.606	1.934	4.049	5.960	6.575	7.377	9.748	10.941	11.957	13.610	15.625	16.679	17.509	19.335	21.475	25.181	28.318	28.797	32.401	36.239	36.527	27.230	25.366	21.772	19.903	18.462	14.540	13.159	10.371	9.351	10.330	7.705	4.893	6.913	6.955	3.643	3.114	6.154	4.927	2.589	6.402	8.713	7.015	6.951	11.482	12.693	12.505	14.108	16.880	17.246	16.059	20.280	22.568	26.849	25.172	24.352	20.805	20.277	17.850	15.062	15.917	14.355	11.149	11.374	12.747	9.341	6.399	9.255	10.843	8.146	7.307	12.840	14.564	13.233	14.948	18.209	17.708	18.482	21.250	23.334	22.847	24.515	27.029	27.607	28.994	31.369	34.316
18.987	23.968	23.820	27.129	25.394	24.276	22.861	21.205	17.315	17.197	15.630	13.784	12.246	11.494	9.828	7.786	6.717	6.352	4.333	2.018	2.870	3.261	1.349	0.997	1.352	3.312	3.026	2.265	4.478	6.377	6.694	8.266	10.221	11.537	12.624	14.412	16.035	17.053	18.095	20.649	24.231	27.871	28.314	31.490	35.313	35.718	31.429	29.107	25.626	22.687	21.524	18.150	17.149	13.401	12.432	15.462	13.026	8.599	12.158	13.554	10.507	8.590	12.375	11.740	6.000	11.579	14.069	10.846	9.260	15.268	16.886	14.497	15.655	19.419	18.913	16.594	21.605	24.031	27.482	29.828	28.950	24.910	23.858	21.309	17.851	18.606	18.016	14.649	13.898	15.670	13.629	9.433	10.631	13.691	11.591	7.969	14.039	16.374	14.228	14.803	18.765	19.413	18.526	21.165	23.658	23.448	24.204	26.862	28.355	29.057	31.031	34.092
19.554	23.796	23.664	27.209	25.982	25.430	23.773	21.954	18.200	18.982	17.438	16.100	14.421	12.928	11.662	10.180	8.419	7.194	6.326	4.420	2.443	2.830	3.310	1.352	0.997	1.352	3.336	2.604	1.996	4.256	5.986	6.783	7.860	9.833	11.344	12.648	14.084	15.629	16.923	18.922	22.145	25.843	25.882	28.963	32.870	32.949	29.785	27.470	24.542	20.936	20.950	17.324	17.727	13.768	11.185	15.634	14.348	9.097	12.005	14.689	12.099	8.571	13.062	13.363	6.905	11.327	14.260	11.727	7.922	14.151	16.198	13.458	13.790	17.963	18.221	15.178	19.981	22.348	25.282	28.052	26.672	22.252	21.900	18.966	15.232	15.107	15.284	12.414	10.497	11.965	11.193	7.058	6.243	10.299	9.218	4.860	10.025	12.982	11.448	11.470	15.394	16.673	15.750	17.951	20.576	20.869	21.450	23.621	25.603	26.442	28.111	31.739
22.940	26.999	26.054	29.849	29.012	28.228	26.342	23.819	20.470	20.345	18.021	16.758	15.900	14.335	12.151	11.320	10.178	8.278	6.460	6.059	4.412	1.968	2.606	3.312	1.352	0.997	1.353	3.239	2.572	1.891	4.120	6.017	6.139	7.681	9.715	11.356	12.205	13.586	15.515	17.152	20.609	23.853	24.010	27.583	31.469	31.570	25.259	23.880	21.016	19.319	19.081	14.790	14.882	12.448	9.254	10.949	10.342	6.696	6.138	8.605	6.758	1.732	5.409	6.945	2.469	2.853	6.884	6.806	2.595	7.568	10.105	9.452	9.331	12.840	14.475	12.253	16.203	18.870	22.017	22.356	20.787	17.048	18.232	15.150	12.538	11.795	10.074	7.791	7.478	6.895	4.085	1.937	3.722	4.456	1.746	2.321	6.554	7.977	7.141	9.540	11.937	11.531	13.261	15.585	17.305	17.384	19.297	21.344	21.773	23.735	26.173	29.527
24.740	29.139	28.318	31.912	30.783	29.533	27.799	25.435	21.818	20.863	18.811	16.588	15.997	15.426	12.985	10.926	11.201	10.108	7.352	6.402	6.479	4.181	1.934	3.026	3.336	1.353	0.997	1.352	3.315	2.512	1.824	4.319	6.124	6.521	7.770	9.935	11.234	11.939	13.501	15.788	19.637	22.991	23.657	27.175	30.921	31.590	32.245	30.368	27.150	24.630	23.951	20.041	19.196	16.159	14.081	16.272	13.912	10.436	12.161	12.475	8.830	7.093	10.295	8.013	2.655	7.799	9.732	5.039	4.613	9.944	10.875	8.624	10.481	13.770	12.968	11.288	16.220	18.503	22.445	29.820	28.487	24.608	24.821	21.884	18.603	18.489	17.498	14.615	13.674	14.143	11.917	8.508	9.068	11.624	8.365	5.328	11.479	13.316	10.009	11.853	15.636	15.108	14.324	17.533	19.863	18.852	19.902	22.991	23.919	24.427	26.803	29.262
24.055	28.790	28.902	32.308	30.688	29.881	28.469	26.904	22.988	23.240	21.632	19.807	18.294	17.412	15.706	13.826	12.536	11.824	9.862	7.957	7.131	6.058	4.049	2.265	2.604	3.239	1.352	0.997	1.351	3.324	2.614	2.136	4.472	6.160	6.800	8.224	10.104	11.378	12.180	14.619	18.111	21.903	22.428	25.408	29.190	29.804	34.471	32.488	29.414	26.473	26.096	22.278	21.935	18.540	16.155	19.364	17.424	13.007	15.095	16.801	13.413	10.212	14.345	13.404	6.913	11.765	14.240	10.243	7.695	13.629	15.108	11.720	12.413	16.570	15.488	12.054	17.502	19.351	22.423	32.155	30.679	26.583	26.853	23.825	20.358	20.019	19.437	16.652	15.170	15.857	14.064	10.440	10.007	13.342	10.790	6.285	11.893	14.091	10.375	10.697	15.123	15.787	13.580	16.350	19.093	18.556	18.651	21.775	23.520	23.642	25.462	28.301
26.506	30.584	30.202	33.881	32.849	32.242	30.534	28.380	24.822	24.985	23.089	21.589	20.300	18.928	17.111	15.726	14.457	12.899	11.318	9.962	8.392	6.677	5.960	4.478	1.996	2.572	3.315	1.351	0.997	1.350	3.197	2.616	2.076	4.361	6.130	6.932	8.105	9.928	11.517	13.012	16.194	19.841	19.904	23.091	26.991	27.287	31.964	30.312	27.681	24.794	25.191	20.953	21.642	18.589	14.723	18.540	17.559	12.921	13.847	16.558	13.814	9.290	13.414	13.538	7.642	10.061	13.263	10.894	6.332	11.966	13.901	10.131	9.781	14.283	14.225	10.112	15.111	16.943	19.680	29.316	27.348	23.227	24.481	21.197	17.904	16.800	16.290	14.113	12.042	12.048	10.848	7.526	6.055	9.399	7.468	2.547	7.625	10.100	7.153	7.125	11.419	12.407	10.313	13.021	15.682	15.433	15.697	18.586	20.315	20.721	22.569	25.781
28.635	32.746	32.023	35.771	34.841	34.057	32.227	29.816	26.345	26.040	23.784	22.089	21.436	20.103	17.798	16.577	15.916	14.103	11.953	11.312	10.166	7.688	6.575	6.377	4.256	1.891	2.512	3.324	1.350	0.997	1.348	3.233	2.468	1.902	4.251	6.117	6.588	7.700	9.854	11.394	15.130	18.326	18.841	22.575	26.327	26.979	32.654	31.306	28.511	26.388	26.295	22.045	22.012	19.235	16.076	18.342	17.081	13.371	13.603	15.060	12.072	8.338	11.435	10.417	5.493	7.218	9.698	6.596	2.893	7.949	9.552	6.033	6.787	10.699	10.660	7.097	12.365	14.462	17.759	29.552	27.639	23.978	25.576	22.384	19.492	18.429	17.121	15.051	13.771	13.019	10.856	8.266	8.122	9.868	6.535	2.727	8.379	9.918	5.460	7.272	11.028	10.926	9.572	12.745	15.036	14.163	15.141	18.250	19.260	19.548	22.001	24.417
29.925	34.393	33.852	37.469	36.220	35.167	33.518	31.365	27.669	27.104	25.181	23.052	22.134	21.451	19.250	17.255	16.897	15.844	13.380	11.911	11.713	9.622	7.377	6.694	5.986	4.120	1.824	2.614	3.197	1.348	0.960	1.351	3.302	2.593	2.038	4.415	6.155	6.612	7.662	10.172	14.110	17.704	18.693	21.979	25.574	26.663	36.133	34.584	31.724	29.252	29.100	24.969	24.801	21.787	18.859	21.519	19.876	15.943	16.906	18.199	14.844	11.562	14.957	13.259	7.859	10.949	13.054	8.838	6.479	11.361	12.112	7.741	9.412	13.059	10.855	7.895	13.629	15.282	18.575	33.231	31.334	27.511	28.837	25.633	22.499	21.537	20.558	18.316	16.764	16.385	14.510	11.527	11.046	13.373	10.353	5.867	11.556	13.182	8.154	10.051	14.059	13.713	11.377	14.761	17.296	15.591	15.733	19.365	20.692	20.112	22.488	24.315
30.950	35.288	35.096	38.723	37.486	36.795	35.179	33.144	29.470	29.435	27.538	25.763	24.594	23.490	21.529	19.893	18.905	17.578	15.619	14.141	13.048	11.301	9.748	8.266	6.783	6.017	4.319	2.136	2.616	3.233	1.351	0.997	1.352	3.288	2.700	2.209	4.440	6.202	6.909	8.674	11.980	15.804	16.461	19.309	23.049	23.898	37.048	35.529	33.055	30.072	30.607	26.381	26.781	23.679	20.161	23.608	22.177	17.922	18.922	20.713	17.487	13.767	17.339	16.040	10.635	13.165	15.524	11.829	8.704	13.522	14.571	10.249	10.278	14.649	13.255	8.632	13.926	14.872	17.396	34.222	31.932	27.889	29.660	26.294	23.065	21.591	21.232	19.397	17.025	16.658	15.702	12.759	10.696	13.775	11.466	6.481	10.920	12.829	8.027	8.011	12.626	12.846	9.362	12.176	15.062	13.908	13.207	16.833	18.627	18.144	19.920	22.374
31.998	35.730	34.942	38.805	38.165	37.688	35.805	33.156	29.972	29.865	27.494	26.164	25.526	23.856	21.567	20.792	19.976	17.758	15.871	15.548	14.053	11.493	10.941	10.221	7.860	6.139	6.124	4.472	2.076	2.468	3.302	1.352	0.997	1.352	3.265	2.719	2.079	4.299	6.201	7.071	10.405	13.844	14.103	17.606	21.422	21.844	32.720	31.724	29.561	27.214	28.001	23.557	24.638	22.012	17.678	20.789	20.285	16.256	15.810	18.186	15.727	11.414	13.864	13.811	9.589	9.237	12.115	10.003	5.108	9.261	11.350	7.752	5.868	10.733	10.835	5.541	10.420	11.550	14.080	29.366	26.714	23.068	25.793	22.456	19.776	17.730	16.906	15.779	13.604	12.092	11.234	9.387	7.174	8.118	5.365	2.633	5.279	6.430	2.499	2.479	6.528	7.168	4.710	7.241	9.900	9.977	10.112	12.814	14.621	14.990	16.947	19.873
34.353	38.518	37.859	41.614	40.640	39.829	38.070	35.657	32.186	31.667	29.403	27.485	26.963	25.875	23.455	21.954	21.654	19.975	17.557	16.857	16.005	13.586	11.957	11.537	9.833	7.681	6.521	6.160	4.361	1.902	2.593	3.288	1.352	0.976	1.350	3.227	2.534	1.875	4.227	5.882	9.972	13.179	14.355	18.143	21.582	22.865	37.436	36.384	33.848	31.756	31.928	27.622	27.758	25.043	21.646	23.873	22.632	19.156	19.027	19.800	16.948	13.953	15.261	13.455	9.790	10.760	10.761	7.403	5.909	8.691	7.372	3.361	5.413	7.866	4.057	2.550	7.685	9.178	13.394	33.959	31.621	28.230	30.589	27.345	24.566	22.971	21.811	20.243	18.529	17.265	15.610	13.476	12.376	13.230	9.877	6.652	10.993	11.272	5.675	8.052	11.701	9.910	7.628	11.388	13.534	11.059	11.976	15.498	16.256	15.656	18.303	19.657
35.611	39.996	39.604	43.284	42.081	41.250	39.618	37.450	33.827	33.477	31.430	29.494	28.620	27.652	25.437	23.759	23.172	21.811	19.524	18.288	17.534	15.472	13.610	12.624	11.344	9.715	7.770	6.800	6.130	4.251	2.038	2.700	3.265	1.350	0.997	1.351	3.294	2.642	2.147	4.692	8.488	12.218	13.841	16.783	20.095	21.684	40.372	39.162	36.610	34.231	34.450	30.173	30.340	27.454	24.078	26.737	25.380	21.593	21.971	23.138	20.044	16.714	19.075	17.341	12.991	14.567	15.595	11.970	9.627	13.341	13.115	8.716	9.567	13.064	10.183	6.228	11.932	12.444	14.894	37.071	34.683	31.080	33.323	30.015	27.089	25.523	24.570	22.905	21.026	19.950	18.476	16.080	14.805	16.074	12.863	9.255	13.532	14.037	8.521	10.054	14.051	12.854	9.672	12.932	15.540	13.034	12.016	16.322	17.658	15.993	18.313	19.239
36.980	41.167	40.874	44.570	43.459	42.838	41.200	39.047	35.481	35.400	33.356	31.594	30.619	29.444	27.337	25.838	24.984	23.451	21.433	20.219	19.066	17.063	15.625	14.412	12.648	11.356	9.935	8.224	6.932	6.117	4.415	2.209	2.719	3.227	1.351	0.997	1.349	3.250	2.822	2.764	5.931	9.608	10.686	13.686	17.252	18.548	39.948	38.995	36.898	34.348	35.223	30.791	31.729	28.913	24.783	28.023	27.113	23.100	23.100	24.938	22.039	18.285	20.612	19.418	15.126	15.939	17.300	14.086	10.914	14.438	14.691	10.613	9.690	13.678	11.961	6.625	10.949	10.889	12.496	36.531	33.675	30.106	33.042	29.671	26.949	24.810	24.166	23.096	20.742	19.291	18.576	16.630	14.212	15.043	12.233	9.610	11.659	12.173	7.413	6.942	11.035	10.817	6.649	9.253	12.302	10.274	8.576	12.858	14.464	12.893	14.979	16.424
38.594	42.628	41.999	45.817	44.927	44.276	42.521	40.039	36.680	36.274	33.918	32.168	31.672	30.415	27.974	26.713	26.271	24.445	22.108	21.533	20.456	18.055	16.679	16.035	14.084	12.205	11.234	10.104	8.105	6.588	6.155	4.440	2.079	2.534	3.294	1.349	0.997	1.350	3.089	2.469	5.656	8.570	9.699	13.682	17.090	18.332	39.235	38.594	36.481	34.572	35.159	30.746	31.438	28.919	24.998	27.318	26.578	23.074	22.322	23.670	21.134	17.741	18.825	17.591	14.107	13.949	14.384	11.551	8.851	11.122	10.815	7.241	6.155	9.399	8.332	2.855	6.715	7.251	9.698	35.430	32.537	29.395	32.681	29.470	27.100	24.890	23.717	22.873	21.017	18.969	17.868	16.545	14.380	14.009	10.811	9.461	11.258	10.251	5.456	7.024	9.875	7.601	4.717	8.272	10.397	7.376	7.443	11.361	12.375	11.154	13.726	14.908
40.038	44.273	43.688	47.430	46.374	45.499	43.820	41.446	37.954	37.270	35.065	32.976	32.479	31.622	29.161	27.366	27.334	25.837	23.281	22.424	21.836	19.484	17.509	17.053	15.629	13.586	11.939	11.378	9.928	7.700	6.612	6.202	4.299	1.875	2.642	3.250	1.350	0.976	1.349	2.873	6.013	8.939	11.442	15.002	17.743	19.799	42.408	41.584	39.247	37.243	37.578	33.222	33.489	30.834	27.317	29.490	28.318	24.939	24.587	25.268	22.481	19.627	20.444	18.452	15.265	15.815	15.025	11.919	10.923	12.269	9.935	7.204	8.298	9.253	4.012	2.689	7.563	6.811	10.696	38.698	35.997	32.777	35.719	32.471	29.893	27.952	26.780	25.586	23.796	22.077	20.700	18.965	17.357	17.374	14.013	12.022	14.900	14.020	8.910	10.644	13.720	11.168	8.368	11.749	13.877	10.103	10.297	14.328	14.982	13.205	15.859	15.731
40.769	45.216	45.043	48.676	47.333	46.535	45.036	43.023	39.352	39.071	37.118	35.109	34.155	33.315	31.171	29.344	28.741	27.538	25.277	23.867	23.125	21.238	19.335	18.095	16.923	15.515	13.501	12.180	11.517	9.854	7.662	6.909	6.201	4.227	2.147	2.822	3.089	1.349	0.996	1.354	3.278	6.994	9.554	11.837	14.640	16.815	44.709	43.857	41.588	39.360	39.842	35.482	35.895	33.115	29.480	32.036	30.911	27.254	27.158	28.228	25.378	22.138	23.600	21.945	18.190	18.876	18.990	15.798	13.764	16.128	15.012	11.400	11.405	14.175	10.879	6.391	11.087	10.285	11.542	41.052	38.247	34.961	37.958	34.666	32.007	29.999	29.018	27.852	25.851	24.235	23.064	21.217	19.364	19.590	16.361	14.192	16.706	16.028	11.147	12.104	15.298	13.146	9.661	12.489	14.923	11.204	8.770	14.023	15.194	12.480	14.401	14.239
43.368	47.505	47.040	50.787	49.772	49.090	47.409	45.072	41.614	41.267	39.047	37.210	36.533	35.399	33.061	31.600	31.091	29.436	27.180	26.271	25.300	23.025	21.475	20.649	18.922	17.152	15.788	14.619	13.012	11.394	10.172	8.674	7.071	5.882	4.692	2.764	2.469	2.873	1.354	0.997	1.341	4.594	6.903	9.937	12.930	14.869	44.688	44.152	42.134	40.054	40.728	36.309	36.975	34.346	30.442	32.947	32.078	28.490	27.981	29.224	26.588	23.236	24.383	22.984	19.486	19.477	19.606	16.728	14.433	16.157	15.310	11.822	11.252	13.640	11.353	6.486	9.425	8.114	8.806	40.787	37.612	34.628	38.211	34.971	32.577	30.260	29.274	28.473	26.431	24.468	23.547	22.050	19.794	19.456	16.450	14.827	15.934	14.847	10.980	11.263	13.369	10.970	7.611	9.824	11.941	8.135	6.138	10.984	12.102	9.576	11.693	11.755
46.303	50.225	49.848	53.598	52.686	52.219	50.573	48.214	44.866	44.773	42.512	40.864	40.155	38.803	36.538	35.302	34.582	32.729	30.702	29.904	28.597	26.345	25.181	24.231	22.145	20.609	19.637	18.111	16.194	15.130	14.110	11.980	10.405	9.972	8.488	5.931	5.656	6.013	3.278	1.341	0.995	1.348	3.216	6.181	8.857	10.891	46.206	45.843	44.134	41.988	43.088	38.626	39.815	37.298	32.918	35.681	35.208	31.511	30.587	32.299	29.933	26.345	27.254	26.271	22.930	22.235	22.471	19.971	17.380	18.492	17.909	14.575	13.486	15.418	13.451	9.182	10.767	8.391	7.575	42.255	38.847	35.985	39.875	36.614	34.479	31.863	31.050	30.641	28.393	26.242	25.742	24.609	21.702	21.191	18.507	16.743	17.231	16.226	12.968	12.489	13.753	11.507	8.574	9.531	11.030	7.652	3.574	8.771	9.771	6.671	8.018	8.321
50.109	53.928	53.230	57.069	56.374	55.814	54.037	51.355	48.193	47.668	45.161	43.442	43.179	41.876	39.298	38.094	37.919	35.920	33.422	33.228	32.170	29.611	28.318	27.871	25.843	23.853	22.991	21.903	19.841	18.326	17.704	15.804	13.844	13.179	12.218	9.608	8.570	8.939	6.994	4.594	1.348	0.997	1.340	3.657	6.329	8.576	47.577	47.615	46.001	44.482	45.383	40.996	41.918	39.719	35.646	37.433	37.058	33.844	32.294	33.423	31.484	28.277	27.978	27.019	24.364	22.881	22.330	20.459	18.282	17.757	16.885	14.391	12.830	12.916	11.412	8.549	8.610	5.039	2.469	43.220	39.740	37.472	41.689	38.708	37.006	34.268	33.090	32.994	31.139	28.535	27.853	27.312	24.416	23.147	20.501	19.411	19.347	17.638	14.920	14.545	14.742	12.126	9.797	10.740	10.834	7.015	4.600	8.653	7.658	4.326	5.677	4.036
49.716	53.268	52.564	56.454	55.907	55.644	53.813	51.077	48.040	47.885	45.386	43.962	43.558	41.939	39.506	38.694	38.118	35.861	33.732	33.621	32.180	29.590	28.797	28.314	25.882	24.010	23.657	22.428	19.904	18.841	18.693	16.461	14.103	14.355	13.841	10.686	9.699	11.442	9.554	6.903	3.216	1.340	1.080	1.349	4.036	5.498	45.685	45.848	44.665	42.865	44.349	39.926	41.606	39.420	34.729	37.188	37.284	33.762	31.973	34.105	32.231	28.572	28.746	28.405	25.341	23.778	24.083	22.221	19.402	19.538	19.518	16.600	14.381	16.072	15.116	11.129	11.105	8.058	6.020	41.473	37.634	35.373	39.870	36.763	35.447	32.402	31.535	31.861	29.712	27.019	26.952	26.608	23.121	21.808	19.719	18.206	17.475	16.151	13.777	12.501	12.326	10.535	7.927	7.652	7.888	5.388	2.822	4.750	5.382	2.853	2.460	3.563
52.442	56.020	55.617	59.451	58.768	58.660	56.944	54.427	51.295	51.511	49.165	47.839	47.147	45.452	43.261	42.417	41.481	39.303	37.547	37.050	35.345	33.043	32.401	31.490	28.963	27.583	27.175	25.408	23.091	22.575	21.979	19.309	17.606	18.143	16.783	13.686	13.682	15.002	11.837	9.937	6.181	3.657	1.349	0.997	1.345	3.533	49.512	49.543	48.453	46.276	48.027	43.578	45.532	43.229	38.263	41.217	41.446	37.608	36.052	38.593	36.644	32.679	33.348	33.180	29.906	28.469	29.126	27.151	24.035	24.686	24.780	21.722	19.400	21.476	20.371	16.277	16.484	13.429	11.045	45.489	41.590	39.128	43.576	40.267	38.906	35.827	35.274	35.554	33.116	30.669	30.855	30.289	26.637	25.723	23.799	21.827	21.139	20.317	17.869	16.144	16.414	15.081	12.116	11.349	12.576	10.478	4.619	8.357	10.208	7.292	5.016	4.774
56.330	59.893	59.514	63.348	62.671	62.572	60.886	58.366	55.242	55.418	53.055	51.684	51.030	49.381	47.155	46.264	45.387	43.245	41.420	40.914	39.271	36.973	36.239	35.313	32.870	31.469	30.921	29.190	26.991	26.327	25.574	23.049	21.422	21.582	20.095	17.252	17.090	17.743	14.640	12.930	8.857	6.329	4.036	1.345	0.960	1.346	52.750	52.970	52.042	49.973	51.801	47.371	49.349	47.107	42.159	44.969	45.225	41.489	39.793	42.206	40.328	36.491	36.875	36.635	33.492	31.963	32.333	30.447	27.588	27.747	27.629	24.763	22.608	23.897	22.747	19.097	19.115	15.623	12.460	48.621	44.561	42.417	47.000	43.782	42.672	39.516	38.915	39.366	36.976	34.439	34.650	34.211	30.534	29.460	27.579	25.751	24.914	23.915	21.638	19.949	19.807	18.401	15.768	14.746	15.149	13.120	8.550	10.580	11.606	8.546	6.370	4.144
55.539	58.808	58.344	62.218	61.731	61.918	60.182	57.497	54.616	55.036	52.624	51.537	50.917	48.999	46.827	46.298	45.289	42.892	41.247	41.085	39.170	36.768	36.527	35.718	32.949	31.570	31.590	29.804	27.287	26.979	26.663	23.898	21.844	22.865	21.684	18.548	18.332	19.799	16.815	14.869	10.891	8.576	5.498	3.533	1.346	0.996	50.298	50.640	50.041	47.965	50.168	45.780	48.270	46.195	40.932	43.788	44.595	40.771	38.724	41.673	40.149	35.998	36.283	36.759	33.599	31.645	32.528	30.953	27.684	27.881	28.323	25.570	22.679	24.573	24.008	20.145	19.719	16.571	13.290	46.246	42.018	40.053	44.682	41.526	40.895	37.564	37.040	37.951	35.507	32.886	33.482	33.394	29.372	28.173	26.808	24.919	23.525	22.751	20.980	18.769	18.260	17.525	15.150	13.146	13.744	12.652	8.168	8.541	10.809	8.975	4.737	5.029
26.765	26.264	22.247	24.857	28.231	29.773	27.524	22.389	24.602	25.988	22.025	25.177	27.838	24.405	20.922	26.691	28.062	22.726	24.549	28.693	28.015	23.616	27.230	31.429	29.785	25.259	32.245	34.471	31.964	32.654	36.133	37.048	32.720	37.436	40.372	39.948	39.235	42.408	44.709	44.688	46.206	47.577	45.685	49.512	52.750	50.298	1.036	1.349	4.008	7.523	8.178	9.766	13.469	16.282	15.492	13.929	17.544	19.747	17.299	18.331	22.326	22.824	20.485	25.684	27.453	24.771	27.171	30.694	29.406	29.620	32.920	35.011	33.074	35.350	38.164	38.486	39.191	41.391	41.937	2.025	4.913	6.576	3.369	8.343	10.631	12.998	11.389	12.729	16.308	17.468	16.089	20.261	22.471	22.734	24.868	27.226	25.664	25.454	29.445	31.146	27.709	30.488	34.432	34.223	34.481	37.002	39.424	37.731	38.548	42.987	44.222	49.400
23.646	23.132	19.637	22.338	25.435	27.345	25.292	20.299	22.314	24.139	20.315	23.570	25.850	22.135	19.017	24.556	25.608	20.080	22.529	26.327	25.343	21.208	25.366	29.107	27.470	23.880	30.368	32.488	30.312	31.306	34.584	35.529	31.724	36.384	39.162	38.995	38.594	41.584	43.857	44.152	45.843	47.615	45.848	49.543	52.970	50.640	1.349	0.960	1.346	4.465	5.775	7.162	11.326	14.057	12.916	12.090	15.616	17.651	15.813	17.289	20.820	21.368	20.030	24.684	26.198	24.218	26.806	29.944	28.360	29.422	32.576	34.479	32.737	35.347	37.977	38.013	39.245	41.524	42.473	4.805	6.830	7.055	2.618	7.106	7.794	10.966	10.934	10.808	14.460	16.123	15.444	18.579	21.120	21.965	24.059	26.242	24.976	25.613	29.034	30.649	27.878	30.760	34.331	34.214	35.010	37.353	39.613	38.047	39.401	43.458	44.610	49.965
20.465	20.131	16.267	19.224	22.244	23.719	21.446	16.295	18.374	19.822	15.934	19.188	21.616	18.089	14.736	20.396	21.708	16.391	18.644	22.457	21.897	17.959	21.772	25.626	24.542	21.016	27.150	29.414	27.681	28.511	31.724	33.055	29.561	33.848	36.610	36.898	36.481	39.247	41.588	42.134	44.134	46.001	44.665	48.453	52.042	50.041	4.008	1.346	0.960	1.349	2.156	3.417	7.093	9.891	9.699	8.234	11.517	13.693	12.634	13.627	17.009	18.042	17.045	21.216	22.795	21.505	23.878	26.840	25.536	26.989	29.860	31.739	30.540	33.024	35.497	35.645	37.164	39.413	41.107	6.724	8.331	7.416	3.015	6.377	6.079	9.725	9.978	7.639	12.374	14.436	13.265	15.725	18.988	19.908	21.852	23.976	23.568	24.130	27.208	29.038	27.033	29.238	32.811	33.346	34.139	36.035	38.381	37.467	38.499	42.366	44.005	48.985
16.581	16.793	13.286	16.731	19.116	20.438	18.136	13.117	14.616	16.816	13.375	17.052	18.661	14.506	12.636	17.874	18.263	12.655	16.754	19.723	18.254	14.785	19.903	22.687	20.936	19.319	24.630	26.473	24.794	26.388	29.252	30.072	27.214	31.756	34.231	34.348	34.572	37.243	39.360	40.054	41.988	44.482	42.865	46.276	49.973	47.965	7.523	4.465	1.349	0.997	1.350	2.626	5.377	7.537	6.870	8.300	10.826	11.956	11.681	14.241	16.538	16.940	17.539	21.049	21.688	21.027	24.072	26.425	24.198	26.784	29.617	31.010	29.532	32.654	35.064	34.377	36.502	38.962	40.351	9.156	9.811	8.125	3.796	4.504	2.650	6.576	8.420	6.665	9.636	11.991	12.745	13.687	16.477	18.062	20.390	21.713	20.996	23.145	25.701	26.929	25.419	28.489	31.260	31.188	32.911	34.968	36.843	35.530	37.772	41.114	42.078	47.641
16.513	16.942	12.885	16.299	18.840	19.618	17.094	11.830	13.099	14.420	10.707	14.101	16.088	12.324	9.670	15.171	16.209	10.960	14.559	17.649	17.157	14.285	18.462	21.524	20.950	19.081	23.951	26.096	25.191	26.295	29.100	30.607	28.001	31.928	34.450	35.223	35.159	37.578	39.842	40.728	43.088	45.383	44.349	48.027	51.801	50.168	8.178	5.775	2.156	1.350	0.960	1.338	2.225	4.596	5.881	6.286	8.158	9.991	10.900	12.065	14.384	15.697	16.227	19.302	20.423	20.421	22.888	25.224	23.799	26.332	28.816	30.413	29.679	32.324	34.575	34.387	36.507	38.863	41.172	10.202	11.409	9.793	5.630	7.726	5.727	10.002	10.902	6.721	11.283	13.865	13.159	13.738	17.594	18.903	20.894	22.375	22.896	24.205	26.548	28.281	27.389	29.273	32.396	33.266	34.529	36.054	38.222	37.801	39.062	42.463	44.233	49.084
16.460	17.515	14.171	17.997	19.729	20.297	17.773	12.822	13.221	14.344	10.698	13.139	14.988	11.589	8.138	13.118	14.377	9.253	11.136	14.815	14.481	10.649	14.540	18.150	17.324	14.790	20.041	22.278	20.953	22.045	24.969	26.381	23.557	27.622	30.173	30.791	30.746	33.222	35.482	36.309	38.626	40.996	39.926	43.578	47.371	45.780	9.766	7.162	3.417	2.626	1.338	1.080	1.350	3.291	2.491	2.092	4.431	6.197	6.666	8.153	10.273	11.432	12.176	15.099	16.192	16.227	18.728	20.954	19.520	22.182	24.604	26.147	25.406	28.151	30.364	30.092	32.291	34.678	36.909	10.455	10.666	7.848	3.938	4.466	2.424	6.278	6.701	2.592	6.965	9.553	8.994	9.381	13.110	14.461	16.517	17.957	18.465	19.885	22.155	23.826	23.048	25.017	27.996	28.868	30.200	31.747	33.837	33.441	34.808	38.121	39.864	44.729
