0.995	1.352	3.570	6.002	8.771	9.859	13.228	14.964	16.662	21.614	23.385	26.754	23.518	21.774	25.712	26.839	20.535	23.702	27.451	25.940	23.089	27.368	29.497	24.286	26.027	31.178	30.823	27.130	32.410	34.984	33.378	33.646	37.102	38.556	37.032	39.153	41.937	41.229	39.266	44.358	46.553	42.606	47.663	51.469	51.329	52.535	34.642	34.167	35.463	35.716	34.628	37.884	36.205	31.187	33.608	36.613	33.616	32.182	36.283	34.692	34.392	35.834	38.959	37.158	36.155	40.740	42.563	38.332	40.328	45.102	44.665	44.124	46.918	49.559	47.803	48.706	51.918	55.217	55.645	39.418	39.249	41.323	44.142	44.363	43.390	45.512	41.912	38.024	42.597	43.394	37.889	38.392	42.772	42.220	36.521	40.794	43.737	40.570	38.449	42.797	44.392	39.138	41.111	44.644	44.341	39.955	44.170	46.850	43.558	44.623	47.349	45.997
1.352	0.960	1.347	2.732	5.142	6.143	9.211	11.825	13.502	18.020	20.099	23.323	20.093	18.933	23.014	24.163	17.874	21.919	25.294	23.743	21.518	25.919	27.858	23.231	25.547	30.171	29.803	26.985	32.004	34.454	33.181	33.970	37.130	38.237	37.477	39.681	42.297	41.824	40.224	45.176	47.726	44.177	49.341	53.274	53.270	54.604	32.309	31.868	32.739	33.135	31.724	35.153	33.333	28.321	31.227	34.102	31.103	30.377	34.170	32.163	32.340	34.077	36.866	34.873	34.756	38.935	40.573	36.587	39.244	43.544	43.033	43.041	45.836	48.276	46.557	48.184	51.427	54.533	55.509	37.166	36.964	39.080	41.988	42.222	41.472	43.455	39.529	35.983	40.830	41.450	35.793	36.870	41.197	40.507	35.004	39.581	42.345	38.771	37.340	41.777	43.184	37.926	40.484	43.929	43.376	39.346	43.784	46.423	42.832	44.666	47.317	46.517
3.570	1.347	0.997	1.348	4.047	7.309	10.394	12.896	15.583	19.401	21.083	24.498	22.043	21.122	25.322	26.622	20.726	25.010	28.262	26.868	24.967	29.344	31.236	26.849	29.356	33.812	33.377	30.823	35.807	38.209	36.923	37.866	40.985	41.884	41.282	43.560	46.157	45.572	44.031	49.045	51.652	48.087	53.201	57.170	57.184	58.499	32.928	33.251	33.838	34.758	33.298	37.083	35.483	30.357	33.618	36.591	33.770	33.536	37.175	34.949	35.485	37.362	39.953	37.822	38.186	42.180	43.667	39.737	42.735	46.842	46.148	46.421	49.282	51.603	49.757	51.754	54.935	58.055	59.136	38.122	38.320	40.799	43.604	44.241	43.793	45.874	41.804	38.413	43.555	44.286	38.550	39.965	44.314	43.684	38.326	42.970	45.698	41.989	40.882	45.349	46.676	41.437	44.209	47.613	46.954	43.010	47.530	50.145	46.399	48.408	51.067	50.415
6.002	2.732	1.348	0.997	1.347	3.768	6.462	9.569	11.862	15.526	17.567	20.722	17.931	17.375	21.526	22.636	16.903	21.389	24.527	23.235	21.675	25.959	27.794	24.022	26.672	30.767	30.465	28.567	33.195	35.501	34.520	35.784	38.648	39.305	39.371	41.577	44.047	43.784	42.488	47.258	50.036	46.821	52.037	56.028	56.104	57.506	30.084	30.066	30.523	31.292	29.619	33.303	31.497	26.499	29.889	32.680	29.816	29.882	33.355	30.938	31.798	33.759	36.167	33.999	34.944	38.628	39.996	36.369	39.688	43.474	42.839	43.476	46.216	48.436	46.693	49.074	52.342	55.213	56.712	35.143	35.124	37.435	40.340	40.781	40.326	42.237	38.047	34.824	39.943	40.536	34.766	36.410	40.695	39.995	34.784	39.497	42.160	38.302	37.570	42.077	43.303	38.197	41.275	44.607	43.895	40.242	44.830	47.426	43.625	46.092	48.686	48.327
8.771	5.142	4.047	1.347	0.997	1.350	4.037	6.191	9.345	12.818	14.312	17.790	15.669	14.735	18.906	20.387	15.208	19.339	22.516	21.788	20.386	24.444	26.446	23.418	25.784	29.690	29.767	28.260	32.521	34.784	34.193	35.544	38.202	38.943	39.415	41.434	43.809	43.951	42.781	47.275	50.000	47.080	52.386	56.263	56.310	57.775	25.795	26.281	26.854	27.881	26.489	30.370	28.968	23.782	27.118	30.216	27.673	27.938	31.423	29.199	30.353	32.284	34.589	32.796	33.994	37.412	38.891	35.682	38.909	42.520	42.318	42.996	45.490	47.742	46.384	48.620	52.074	54.624	56.412	31.022	31.313	33.895	36.648	37.441	37.133	39.274	35.203	31.856	37.166	38.066	32.293	34.025	38.397	37.980	32.946	37.589	40.292	36.606	36.094	40.595	41.916	37.056	40.206	43.521	42.961	39.596	44.116	46.725	43.090	45.778	48.322	48.000
9.859	6.143	7.309	3.768	1.350	0.997	1.344	3.856	6.492	10.174	11.844	15.195	13.020	12.017	16.163	17.628	12.421	16.572	19.703	18.978	17.460	21.557	23.558	20.512	22.852	26.738	26.886	25.373	29.559	31.823	31.298	32.641	35.256	36.093	36.567	38.544	40.892	41.131	40.004	44.418	47.174	44.401	49.709	53.611	53.724	55.236	24.528	24.423	24.776	25.627	23.967	27.753	26.231	21.059	24.486	27.462	24.884	25.131	28.610	26.489	27.587	29.449	31.827	30.236	31.171	34.660	36.263	33.107	36.090	39.800	39.801	40.284	42.704	45.047	43.846	45.787	49.303	51.807	53.569	29.498	29.467	31.788	34.696	35.188	34.861	36.786	32.574	29.402	34.659	35.375	29.575	31.442	35.719	35.179	30.128	34.812	37.481	33.779	33.200	37.705	39.034	34.165	37.250	40.573	40.061	36.680	41.161	43.780	40.241	42.872	45.404	45.075
13.228	9.211	10.394	6.462	4.037	1.344	0.997	1.348	2.987	6.549	8.953	11.705	9.209	8.631	12.666	13.954	9.065	13.252	16.246	15.784	14.677	18.555	20.489	18.413	20.711	24.043	24.370	23.741	27.376	29.468	29.230	30.951	33.260	33.766	35.009	36.874	39.044	39.549	38.758	42.866	45.717	43.406	48.707	52.601	52.784	54.386	22.350	21.781	21.937	22.593	20.638	24.248	22.526	17.512	21.026	23.814	21.205	21.710	25.004	22.762	24.124	26.086	28.220	26.661	28.162	31.321	32.803	30.000	33.211	36.605	36.678	37.525	39.801	42.018	40.935	43.193	46.815	49.005	51.172	27.074	26.721	28.813	31.852	32.086	31.712	33.414	29.104	26.111	31.290	31.830	26.006	28.095	32.262	31.629	26.784	31.464	34.071	30.274	30.075	34.571	35.774	31.105	34.519	37.724	37.173	34.163	38.651	41.221	37.659	40.646	43.185	43.169
14.964	11.825	12.896	9.569	6.191	3.856	1.348	0.997	1.344	3.683	4.930	8.401	7.033	5.572	9.502	11.456	7.958	11.029	14.095	14.748	13.753	16.928	19.123	18.217	19.673	22.663	23.832	23.482	26.592	28.629	28.938	30.501	32.592	33.406	34.875	36.462	38.514	39.456	38.735	42.522	45.191	43.144	48.558	52.281	52.396	54.018	17.196	16.793	17.212	18.053	16.582	20.486	19.402	14.053	17.419	20.673	18.678	19.293	22.669	20.898	22.560	24.440	26.404	25.600	27.223	30.055	31.688	29.568	32.387	35.623	36.277	37.105	38.984	41.289	40.764	42.574	46.465	48.205	50.668	21.950	21.827	24.123	27.053	27.609	27.386	29.382	25.266	22.024	27.483	28.478	22.711	24.840	29.117	28.925	24.438	28.868	31.566	28.188	28.176	32.566	33.956	29.751	33.057	36.251	36.035	33.413	37.656	40.236	37.039	40.069	42.578	42.406
16.662	13.502	15.583	11.862	9.345	6.492	2.987	1.344	1.080	1.346	3.200	6.191	4.182	2.655	6.424	7.900	4.139	7.540	10.375	10.741	9.839	13.244	15.230	14.484	16.166	18.887	19.896	19.879	22.832	24.781	25.073	26.836	28.847	29.518	31.185	32.794	34.771	35.724	35.202	38.877	41.622	39.845	45.161	48.925	49.125	50.836	16.797	15.856	15.920	16.448	14.563	18.130	16.522	11.394	14.764	17.638	15.157	15.838	19.036	17.197	18.683	20.577	22.657	21.860	23.320	26.150	27.856	25.792	28.447	31.714	32.504	33.219	35.026	37.389	37.017	38.616	42.544	44.245	46.636	21.288	20.727	22.678	25.727	25.914	25.581	27.177	22.872	19.972	25.107	25.618	19.798	22.082	26.173	25.602	20.975	25.575	28.175	24.477	24.534	28.982	30.247	25.859	29.325	32.460	32.107	29.476	33.776	36.331	33.084	36.159	38.678	38.699
21.614	18.020	19.401	15.526	12.818	10.174	6.549	3.683	1.346	0.997	1.344	2.607	2.390	2.023	4.548	6.123	6.021	8.069	10.133	11.380	11.951	14.180	15.895	16.811	18.317	19.124	21.197	22.445	24.671	26.211	26.904	28.968	30.665	30.725	33.321	34.937	36.600	37.721	37.794	41.009	43.775	42.657	47.850	51.577	51.849	53.599	14.359	13.689	12.338	13.549	10.590	14.323	12.873	8.300	12.548	14.990	13.239	14.849	17.622	15.358	17.943	20.098	20.975	20.742	23.284	25.599	26.822	25.824	28.694	31.322	32.182	33.560	35.115	37.183	37.025	39.121	43.207	44.288	47.365	18.510	17.832	19.743	22.950	23.306	23.447	24.654	19.813	17.861	23.208	23.639	17.705	20.920	24.744	24.065	20.337	24.691	27.156	23.408	24.386	28.670	29.646	25.809	29.775	32.688	32.302	30.416	34.586	36.993	33.780	37.307	39.841	40.288
23.385	20.099	21.083	17.567	14.312	11.844	8.953	4.930	3.200	1.344	1.080	1.343	3.148	2.479	2.337	4.780	6.382	6.883	8.323	10.369	11.464	12.365	14.569	16.161	17.156	17.155	20.376	21.744	23.490	24.943	26.165	27.993	29.421	29.924	32.412	33.882	35.398	36.776	37.067	39.929	42.437	41.683	46.905	50.434	50.641	52.431	11.259	10.169	9.986	10.482	8.675	12.443	11.394	5.939	9.511	12.582	11.288	12.507	15.507	14.350	16.627	18.504	19.677	20.398	22.322	24.346	26.095	25.500	27.563	30.276	31.718	32.813	33.900	36.266	36.777	37.918	42.270	43.004	46.158	15.607	14.930	16.825	19.797	20.126	20.107	21.711	17.322	14.664	20.033	20.759	14.900	17.868	21.787	21.465	17.899	22.030	24.596	21.329	22.250	26.387	27.663	24.156	27.901	30.776	30.763	29.185	33.040	35.438	32.637	36.091	38.562	38.799
26.754	23.323	24.498	20.722	17.790	15.195	11.705	8.401	6.191	2.607	1.343	1.080	1.348	3.134	2.475	2.215	4.602	6.228	6.362	8.266	10.221	11.348	12.679	14.364	16.095	15.092	18.144	20.224	21.938	23.079	24.128	26.313	27.708	27.429	30.529	32.196	33.573	34.786	35.417	38.176	40.922	40.414	45.430	49.095	49.430	51.235	12.154	10.625	9.409	9.237	6.266	9.802	8.383	3.674	8.040	10.314	8.497	10.388	12.968	11.129	13.688	15.854	16.631	17.084	19.348	21.410	22.903	22.420	24.813	27.266	28.559	29.874	31.099	33.243	33.652	35.255	39.504	40.199	43.567	15.962	14.479	15.690	18.936	18.871	19.049	20.069	15.242	13.478	18.796	19.119	13.156	16.905	20.426	19.489	16.167	20.431	22.727	18.851	20.341	24.494	25.239	21.667	25.860	28.673	28.258	26.856	30.876	33.156	30.055	33.798	36.310	37.039
23.518	20.093	22.043	17.931	15.669	13.020	9.209	7.033	4.182	2.390	3.148	1.348	0.960	1.351	3.206	2.516	2.019	4.375	6.122	6.672	7.818	10.131	11.325	12.260	14.244	14.861	16.376	18.078	20.233	21.622	22.185	24.442	26.153	25.873	28.692	30.412	32.013	33.036	33.318	36.449	39.386	38.429	43.484	47.302	47.668	49.440	15.888	14.132	13.288	12.756	9.905	12.972	10.687	6.133	10.467	12.276	9.553	11.150	13.772	11.382	13.438	15.589	17.045	16.410	18.630	21.061	22.536	21.085	23.924	26.742	27.592	28.797	30.397	32.559	32.353	34.339	38.378	39.619	42.588	19.736	18.188	19.255	22.563	22.179	22.072	22.888	18.101	16.308	21.297	21.058	15.127	18.458	21.973	20.730	16.598	21.238	23.563	19.346	20.229	24.623	25.391	21.231	25.361	28.264	27.641	25.646	29.949	32.332	28.966	32.537	35.094	35.780
21.774	18.933	21.122	17.375	14.735	12.017	8.631	5.572	2.655	2.023	2.479	3.134	1.351	0.960	1.353	3.304	2.524	2.128	4.540	6.193	6.442	8.141	10.178	11.357	12.284	13.610	15.855	16.802	18.735	20.384	21.442	23.165	24.761	25.578	27.647	29.093	30.754	32.094	32.134	35.178	37.779	36.769	42.015	45.621	45.846	47.629	15.206	13.138	13.472	12.774	10.930	13.690	11.960	6.989	9.732	12.512	10.071	9.999	13.510	12.584	13.766	15.256	17.702	17.938	18.767	21.327	23.394	22.062	23.854	27.113	28.598	29.115	30.352	32.971	33.354	34.079	38.359	39.526	42.226	19.116	17.731	19.025	22.219	21.737	21.077	22.242	18.022	15.252	19.970	20.119	14.335	16.500	20.478	19.853	15.100	19.721	22.328	18.888	18.883	23.274	24.689	20.657	24.086	27.131	27.085	24.963	28.949	31.464	28.631	31.798	34.275	34.348
25.712	23.014	25.322	21.526	18.906	16.163	12.666	9.502	6.424	4.548	2.337	2.475	3.206	1.353	0.997	1.350	3.200	2.439	2.013	4.358	5.985	6.327	8.107	10.070	11.287	10.812	14.074	15.761	17.183	18.487	19.904	21.711	23.022	23.620	26.071	27.554	28.966	30.375	30.910	33.560	36.111	35.631	40.732	44.270	44.538	46.367	11.369	8.538	9.027	7.170	5.666	8.144	7.227	2.495	4.114	7.372	5.902	6.466	9.608	9.361	10.858	12.305	14.219	15.315	16.303	18.418	20.558	19.862	21.318	24.358	26.059	26.753	27.683	30.315	31.073	31.569	36.008	36.803	39.785	14.669	12.642	13.312	16.536	15.904	15.453	16.603	12.343	9.738	14.619	15.068	9.257	12.055	15.920	15.509	11.777	15.926	18.492	15.302	15.988	20.206	21.526	17.830	21.486	24.396	24.382	22.711	26.534	28.957	26.253	29.604	32.060	32.343
26.839	24.163	26.622	22.636	20.387	17.628	13.954	11.456	7.900	6.123	4.780	2.215	2.516	3.304	1.350	0.997	1.351	3.237	2.475	2.059	4.477	6.211	6.644	8.084	10.244	10.154	11.827	14.035	15.857	16.980	17.760	20.073	21.630	21.261	24.230	25.983	27.424	28.509	29.119	31.964	34.920	34.344	39.252	43.048	43.475	45.291	16.619	13.795	13.181	10.935	7.784	8.341	5.347	2.935	6.059	6.750	3.840	6.026	8.251	5.790	8.459	10.649	11.382	11.653	13.827	16.031	17.426	16.893	19.136	21.808	23.068	24.192	25.555	27.731	28.116	29.528	33.691	34.710	37.798	19.545	16.792	16.646	20.233	18.882	18.279	18.204	13.435	12.659	16.737	15.724	9.943	14.065	16.949	15.261	11.969	16.376	18.377	13.985	15.539	19.855	20.208	16.314	20.535	23.415	22.738	20.837	25.096	27.453	24.171	27.750	30.296	31.105
20.535	17.874	20.726	16.903	15.208	12.421	9.065	7.958	4.139	6.021	6.382	4.602	2.019	2.524	3.200	1.351	0.997	1.351	3.306	2.504	2.010	4.637	6.182	6.565	8.288	10.168	11.173	12.143	14.325	15.980	16.610	18.546	20.330	20.884	22.933	24.525	26.255	27.388	27.411	30.605	33.488	32.382	37.500	41.295	41.641	43.433	19.134	16.315	16.400	14.489	12.165	13.681	11.201	7.227	10.194	11.525	8.326	8.331	11.643	9.901	10.648	12.049	14.868	14.209	14.561	17.795	19.820	17.694	19.681	23.294	24.467	24.731	26.276	28.944	28.928	29.783	33.884	35.460	37.859	22.444	20.041	20.559	24.016	22.889	22.006	22.462	18.208	16.137	20.280	19.620	13.843	16.288	19.771	18.320	13.139	18.040	20.467	16.491	15.944	20.490	21.656	16.973	20.468	23.550	23.146	20.549	24.807	27.345	24.235	27.311	29.828	30.109
23.702	21.919	25.010	21.389	19.339	16.572	13.252	11.029	7.540	8.069	6.883	6.228	4.375	2.128	2.439	3.237	1.351	0.997	1.350	3.189	2.459	2.164	4.543	6.130	6.479	7.961	10.253	11.282	12.687	14.334	15.826	17.252	18.677	20.006	21.782	23.102	24.689	26.183	26.388	29.165	31.663	30.906	36.124	39.637	39.851	41.677	16.344	12.819	14.355	11.824	11.186	12.614	11.509	7.099	7.738	10.741	8.216	5.625	10.070	10.054	10.194	10.446	13.957	14.768	13.654	16.871	19.402	18.015	18.678	22.499	24.354	24.174	25.133	28.205	28.915	28.569	33.020	34.201	36.594	19.006	16.357	16.999	20.127	18.969	17.682	19.099	15.728	12.105	16.166	16.658	11.250	12.000	16.223	15.689	10.208	14.929	17.619	14.533	13.328	17.811	19.419	15.281	18.103	21.300	21.523	19.160	22.975	25.569	23.105	25.933	28.349	28.179
27.451	25.294	28.262	24.527	22.516	19.703	16.246	14.095	10.375	10.133	8.323	6.362	6.122	4.540	2.013	2.475	3.306	1.350	0.997	1.349	3.172	2.428	2.069	4.571	6.212	5.459	8.033	10.089	11.375	12.413	13.880	15.791	17.055	17.527	20.012	21.588	22.909	24.256	25.049	27.542	30.277	30.035	34.935	38.569	38.961	40.829	16.725	12.761	13.228	9.497	7.638	7.561	6.016	2.949	3.569	4.942	2.828	2.200	5.252	5.513	6.407	7.006	9.958	11.110	10.495	13.297	15.759	14.713	15.483	19.006	20.869	20.994	21.912	24.808	25.648	25.593	30.040	31.038	33.770	18.531	15.020	14.558	18.103	16.189	14.861	15.124	11.296	9.284	12.795	12.078	6.374	8.951	12.326	11.315	6.885	11.361	13.858	10.601	10.809	15.147	16.417	12.154	15.800	18.749	18.525	16.569	20.510	22.956	20.205	23.448	25.917	26.389
25.940	23.743	26.868	23.235	21.788	18.978	15.784	14.748	10.741	11.380	10.369	8.266	6.672	6.193	4.358	2.059	2.504	3.189	1.349	0.997	1.350	3.237	2.419	2.111	4.674	6.157	6.335	8.035	10.080	11.409	11.849	14.091	15.874	15.988	18.297	20.052	21.667	22.676	23.046	26.071	29.175	28.380	33.255	37.159	37.647	39.469	21.594	18.052	18.514	15.441	13.404	13.382	11.027	8.230	9.722	9.955	6.332	5.613	8.336	6.921	6.203	7.712	10.477	10.160	9.854	13.098	15.245	13.377	14.950	18.584	20.002	19.998	21.553	24.253	24.477	24.947	29.013	30.713	33.007	24.131	20.954	20.805	24.347	22.483	21.002	20.991	17.304	15.493	18.476	17.284	11.847	14.212	17.191	15.077	10.305	15.117	17.165	12.426	12.408	16.860	17.467	12.510	16.290	19.282	18.531	15.710	20.149	22.650	19.371	22.458	25.002	25.614
23.089	21.518	24.967	21.675	20.386	17.460	14.677	13.753	9.839	11.951	11.464	10.221	7.818	6.442	5.985	4.477	2.010	2.459	3.172	1.350	0.997	1.352	3.224	2.455	2.272	4.709	6.361	6.504	8.251	10.249	11.361	12.610	14.319	15.846	17.193	18.530	20.320	21.705	21.596	24.631	27.348	26.313	31.478	35.169	35.496	37.341	22.817	19.283	20.231	17.253	15.634	15.751	13.647	10.583	11.748	12.378	8.902	6.964	10.603	9.967	9.162	9.592	13.293	13.183	10.963	15.421	17.938	15.634	15.768	20.360	22.086	21.065	22.283	25.598	25.965	25.203	29.461	31.177	32.985	25.379	22.258	22.449	25.856	24.017	22.331	22.650	19.243	16.846	19.477	18.765	13.679	14.701	17.795	16.151	10.514	14.910	17.450	14.182	11.912	16.299	17.850	13.016	15.281	18.663	18.708	15.455	19.484	22.174	19.645	22.005	24.417	24.125
27.368	25.919	29.344	25.959	24.444	21.557	18.555	16.928	13.244	14.180	12.365	11.348	10.131	8.141	6.327	6.211	4.637	2.164	2.428	3.237	1.352	0.997	1.352	3.196	2.415	2.044	4.566	6.109	6.683	8.042	9.931	11.328	12.469	13.962	15.745	17.030	18.436	20.002	20.637	23.018	25.556	25.302	30.286	33.806	34.150	36.039	20.699	16.585	18.081	14.233	13.548	13.191	12.208	9.157	8.504	9.860	7.281	2.611	7.249	8.349	7.907	6.386	10.725	12.099	8.648	12.622	15.631	14.199	13.269	17.793	19.883	18.894	19.594	23.118	24.018	22.647	27.218	28.448	30.522	22.319	18.750	18.394	21.573	19.303	17.085	17.492	14.649	12.044	13.852	13.583	8.947	8.978	12.212	11.174	5.321	9.689	12.391	9.851	7.495	11.951	13.738	9.883	12.020	15.322	15.709	12.959	16.698	19.352	17.212	19.691	22.055	21.874
29.497	27.858	31.236	27.794	26.446	23.558	20.489	19.123	15.230	15.895	14.569	12.679	11.325	10.178	8.107	6.644	6.182	4.543	2.069	2.419	3.224	1.352	0.997	1.350	3.184	2.267	1.978	4.321	6.013	6.648	7.685	9.867	11.340	10.088	13.886	15.661	16.966	18.035	19.027	21.579	24.687	24.431	29.089	32.940	33.504	35.366	24.422	20.417	21.225	17.401	15.663	14.256	12.280	10.444	10.240	9.214	5.802	4.129	5.500	5.735	2.885	2.836	5.804	4.842	2.700	6.195	8.543	6.098	7.592	11.150	12.601	12.653	14.105	16.689	17.034	17.929	22.050	23.330	26.267	26.213	22.533	21.826	25.325	22.800	20.644	20.040	16.877	15.567	16.825	15.039	10.652	12.390	13.851	11.025	6.980	11.111	12.034	7.429	7.514	11.513	10.937	5.567	10.488	13.170	11.437	9.732	14.213	16.296	12.613	16.607	19.170	20.694
24.286	23.231	26.849	24.022	23.418	20.512	18.413	18.217	14.484	16.811	16.161	14.364	12.260	11.357	10.070	8.084	6.565	6.130	4.571	2.111	2.455	3.196	1.350	0.997	1.352	3.256	2.434	2.045	4.336	6.172	6.384	7.938	9.976	11.134	12.333	13.929	15.774	16.856	16.862	20.004	23.133	22.147	27.030	30.970	31.493	33.337	26.859	22.978	23.831	20.177	18.544	17.691	15.678	13.325	13.525	13.160	9.543	7.331	9.881	9.891	7.376	7.685	11.404	10.881	7.486	12.503	14.874	11.497	11.881	16.799	18.031	16.777	18.460	21.670	21.454	20.915	24.915	27.106	28.496	28.884	25.299	24.795	28.241	25.826	23.669	23.455	20.334	18.538	20.067	18.809	14.229	15.382	17.626	15.285	10.366	14.412	16.276	12.458	10.707	14.719	15.567	10.129	12.485	15.732	15.253	11.232	15.538	18.194	15.371	17.433	19.885	19.936
26.027	25.547	29.356	26.672	25.784	22.852	20.711	19.673	16.166	18.317	17.156	16.095	14.244	12.284	11.287	10.244	8.288	6.479	6.212	4.674	2.272	2.415	3.184	1.352	0.997	1.353	3.320	2.491	1.968	4.258	5.971	6.667	7.945	9.851	11.291	12.349	13.990	15.627	15.903	18.402	21.007	20.507	25.514	29.096	29.461	31.385	26.426	22.468	24.039	20.251	19.481	18.809	17.414	14.689	14.153	14.627	11.403	7.375	10.965	11.845	9.599	8.579	12.996	13.316	8.326	13.307	16.157	13.997	11.752	17.257	19.230	17.082	17.815	21.731	22.294	19.990	24.394	26.086	27.333	28.131	24.584	24.182	27.245	24.835	22.251	22.487	19.857	17.320	18.354	17.933	13.925	13.329	15.837	14.504	9.154	11.528	14.418	11.872	8.188	12.148	13.705	8.962	9.851	13.381	13.883	9.701	13.566	16.361	14.648	16.121	18.385	17.671
31.178	30.171	33.812	30.767	29.690	26.738	24.043	22.663	18.887	19.124	17.155	15.092	14.861	13.610	10.812	10.154	10.168	7.961	5.459	6.157	4.709	2.044	2.267	3.256	1.353	0.997	1.351	3.261	2.666	2.001	4.182	6.059	6.771	7.858	9.855	11.339	12.451	13.893	15.207	17.151	20.043	20.346	24.853	28.532	29.102	31.053	24.370	19.994	20.375	15.979	14.659	12.705	11.806	10.120	8.309	7.741	6.166	2.255	3.207	5.678	5.593	1.674	6.385	8.601	4.820	7.828	11.416	11.062	8.363	13.403	15.680	13.782	14.399	18.301	19.075	16.825	21.337	22.856	24.491	24.788	20.742	19.017	22.326	19.245	16.394	15.610	12.996	11.534	11.743	10.297	6.832	7.291	8.838	6.678	1.767	5.987	8.112	4.829	3.240	7.700	9.099	5.061	7.431	10.586	10.538	6.844	10.808	13.494	11.424	13.463	15.838	16.080
30.823	29.803	33.377	30.465	29.767	26.886	24.370	23.832	19.896	21.197	20.376	18.144	16.376	15.855	14.074	11.827	11.173	10.253	8.033	6.335	6.361	4.566	1.978	2.434	3.320	1.351	0.997	1.350	3.297	2.687	1.845	4.273	6.141	6.190	7.825	9.833	11.362	12.194	13.019	15.696	19.181	18.879	23.226	27.296	28.053	29.936	30.250	26.115	26.873	22.809	21.137	19.472	17.539	15.953	15.331	13.973	10.964	8.652	9.302	8.893	5.621	5.763	8.655	6.977	2.482	7.715	9.790	6.308	6.227	11.179	12.387	10.951	12.825	15.850	15.730	15.672	19.554	21.706	23.408	31.612	27.709	26.646	29.985	27.171	24.495	23.872	21.113	19.527	19.963	18.477	14.815	15.292	16.315	13.818	9.696	12.675	13.492	9.745	8.327	11.661	11.221	5.482	8.784	11.773	10.226	6.490	11.111	13.619	10.088	12.494	14.987	15.662
27.130	26.985	30.823	28.567	28.260	25.373	23.741	23.482	19.879	22.445	21.744	20.224	18.078	16.802	15.761	14.035	12.143	11.282	10.089	8.035	6.504	6.109	4.321	2.045	2.491	3.261	1.350	0.997	1.350	3.327	2.587	2.008	4.353	6.103	6.695	7.902	9.950	11.263	11.068	14.016	17.126	16.201	21.035	24.957	25.508	27.408	31.815	27.843	28.965	25.032	23.671	22.341	20.680	18.571	17.899	17.259	14.187	11.153	12.631	13.494	10.416	9.671	13.420	12.959	7.239	12.865	15.297	12.073	10.006	15.851	17.342	14.910	16.193	19.932	19.812	17.317	21.286	23.641	24.054	33.447	29.716	28.899	32.136	29.409	26.681	26.276	23.609	21.719	22.168	20.998	17.398	17.367	18.611	16.490	12.049	14.599	15.998	12.747	10.103	13.351	13.848	8.570	9.514	12.762	12.835	7.597	11.415	14.134	12.325	12.562	14.973	14.225
32.410	32.004	35.807	33.195	32.521	29.559	27.376	26.592	22.832	24.671	23.490	21.938	20.233	18.735	17.183	15.857	14.325	12.687	11.375	10.080	8.251	6.683	6.013	4.336	1.968	2.666	3.297	1.350	0.997	1.351	3.223	2.655	2.093	4.364	6.182	6.769	8.049	9.936	10.985	12.619	15.270	15.600	20.153	23.708	24.256	26.287	31.927	27.665	28.932	24.586	23.731	22.140	21.200	19.103	17.513	17.260	15.028	10.831	12.115	14.397	11.861	9.012	13.494	14.387	7.807	12.678	15.692	13.577	9.485	15.432	17.347	14.191	14.488	18.816	19.224	15.472	19.824	21.530	22.038	32.689	28.775	27.506	30.414	27.547	24.401	24.021	21.825	19.710	19.454	18.666	15.595	14.448	15.472	14.012	9.913	10.875	12.784	10.090	6.301	9.700	11.195	6.739	6.374	9.573	10.405	5.118	8.462	11.349	10.684	10.701	12.787	11.708
34.984	34.454	38.209	35.501	34.784	31.823	29.468	28.629	24.781	26.211	24.943	23.079	21.622	20.384	18.487	16.980	15.980	14.334	12.413	11.409	10.249	8.042	6.648	6.172	4.258	2.001	2.687	3.327	1.351	0.997	1.349	3.246	2.672	2.002	4.311	6.085	6.766	7.905	9.897	11.444	14.834	15.627	19.486	23.358	24.205	26.174	33.606	29.303	30.098	25.725	24.426	22.323	21.142	19.652	18.054	16.821	14.824	11.558	11.350	12.919	9.715	7.724	11.033	11.079	4.106	8.959	11.635	9.398	4.997	10.886	12.785	9.894	10.388	14.479	15.189	12.302	16.528	18.480	19.293	34.255	30.231	28.559	31.637	28.548	25.377	24.390	22.195	20.690	20.032	18.547	15.806	15.133	15.179	13.106	10.095	11.100	11.150	7.914	6.326	8.724	8.211	3.128	4.398	7.588	6.903	2.608	6.570	9.177	7.093	7.928	10.263	10.828
33.378	33.181	36.923	34.520	34.193	31.298	29.230	28.938	25.073	26.904	26.165	24.128	22.185	21.442	19.904	17.760	16.610	15.826	13.880	11.849	11.361	9.931	7.685	6.384	5.971	4.182	1.845	2.587	3.223	1.349	0.960	1.349	3.286	2.655	2.023	4.329	6.179	6.563	7.242	9.939	13.718	13.497	17.438	21.671	22.630	24.536	35.849	31.619	32.505	28.258	26.869	25.068	23.522	21.831	20.712	19.586	16.951	14.024	14.376	14.992	11.611	10.674	13.919	12.679	6.464	11.990	14.208	10.396	7.298	13.536	14.527	10.813	12.351	16.036	15.444	12.923	16.664	19.414	19.688	36.853	32.873	31.523	34.648	31.686	28.627	27.860	25.517	23.846	23.497	22.149	19.170	18.566	18.935	16.883	13.415	14.769	15.024	11.816	9.907	12.172	11.644	6.762	7.481	10.560	9.660	4.726	8.516	11.013	8.101	8.195	10.868	10.887
33.646	33.970	37.866	35.784	35.544	32.641	30.951	30.501	26.836	28.968	27.993	26.313	24.442	23.165	21.711	20.073	18.546	17.252	15.791	14.091	12.610	11.328	9.867	7.938	6.667	6.059	4.273	2.008	2.655	3.246	1.349	0.997	1.351	3.279	2.646	2.032	4.385	6.089	6.135	8.080	11.193	11.035	15.375	19.225	19.976	22.018	37.090	32.881	34.113	29.859	28.767	27.127	25.788	23.851	22.616	21.865	19.303	15.864	16.658	17.913	14.723	13.179	16.638	16.134	9.342	14.700	17.153	14.030	10.054	16.294	17.648	13.825	14.874	18.888	18.459	14.591	18.348	20.569	19.835	37.975	34.079	32.905	35.723	32.912	29.672	29.306	27.177	25.075	24.636	23.821	20.877	19.584	20.300	18.743	15.132	15.469	16.598	13.672	10.711	13.006	13.388	8.813	8.509	11.173	11.050	6.169	7.893	11.066	10.186	8.241	10.671	8.617
37.102	37.130	40.985	38.648	38.202	35.256	33.260	32.592	28.847	30.665	29.421	27.708	26.153	24.761	23.022	21.630	20.330	18.677	17.055	15.874	14.319	12.469	11.340	9.976	7.945	6.771	6.141	4.353	2.093	2.672	3.286	1.351	0.997	1.352	3.277	2.577	2.042	4.261	6.207	6.917	9.685	11.370	15.083	18.574	19.275	21.326	37.001	32.571	33.427	28.858	28.156	25.967	25.341	23.845	21.674	20.810	19.424	15.651	14.949	17.647	14.606	11.813	15.060	15.523	8.918	11.978	15.097	13.603	8.265	13.510	15.678	12.054	11.179	15.955	16.441	11.287	15.498	16.855	16.657	36.760	32.810	30.809	33.350	30.315	26.715	25.911	24.365	22.501	21.128	20.235	18.000	16.205	15.914	14.848	11.989	10.917	11.169	9.069	6.326	6.735	7.530	4.835	2.468	4.549	6.225	2.405	2.848	6.320	7.201	5.341	7.404	5.638
38.556	38.237	41.884	39.305	38.943	36.093	33.766	33.406	29.518	30.725	29.924	27.429	25.873	25.578	23.620	21.261	20.884	20.006	17.527	15.988	15.846	13.962	10.088	11.134	9.851	7.858	6.190	6.103	4.364	2.002	2.655	3.279	1.352	0.976	1.352	3.275	2.697	2.002	4.413	6.100	10.041	11.446	14.288	18.387	19.623	21.562	39.195	34.931	35.329	31.100	29.360	27.010	25.276	24.376	23.226	21.077	18.979	16.606	15.649	15.207	11.566	11.026	12.901	10.567	5.256	9.389	9.852	6.321	3.724	8.523	8.077	3.997	7.026	9.578	8.047	6.038	9.307	12.694	12.983	39.729	35.667	33.971	37.017	33.930	30.649	29.534	27.426	26.089	25.153	23.560	21.091	20.217	19.918	17.826	15.463	15.341	14.862	11.908	10.388	11.161	10.009	6.357	6.399	7.812	6.262	2.243	4.018	6.202	2.636	2.754	5.450	6.798
37.032	37.477	41.282	39.371	39.415	36.567	35.009	34.875	31.185	33.321	32.412	30.529	28.692	27.647	26.071	24.230	22.933	21.782	20.012	18.297	17.193	15.745	13.886	12.333	11.291	9.855	7.825	6.695	6.182	4.311	2.023	2.646	3.277	1.352	0.997	1.349	3.256	2.409	2.056	4.251	8.209	8.485	11.640	15.987	17.211	19.163	41.561	37.287	38.239	33.902	32.661	30.714	29.375	27.754	26.365	25.187	22.891	19.747	19.774	20.680	17.103	15.811	18.789	17.512	11.076	15.398	17.513	14.314	10.001	15.683	16.394	11.944	13.187	17.040	15.887	11.743	15.066	17.936	16.720	42.290	38.293	36.759	39.672	36.666	33.353	32.512	30.500	28.770	27.922	26.697	24.091	22.922	22.841	21.159	18.294	18.152	18.043	15.280	13.232	14.071	13.497	9.981	9.262	11.084	9.869	5.725	6.987	9.632	7.804	5.705	8.257	6.840
39.153	39.681	43.560	41.577	41.434	38.544	36.874	36.462	32.794	34.937	33.882	32.196	30.412	29.093	27.554	25.983	24.525	23.102	21.588	20.052	18.530	17.030	15.661	13.929	12.349	11.339	9.833	7.902	6.769	6.085	4.329	2.032	2.577	3.275	1.349	0.997	1.350	3.251	2.945	2.369	5.545	6.904	10.307	13.979	14.981	17.131	42.293	37.986	39.189	34.734	33.940	32.056	31.029	29.256	27.577	26.788	24.651	21.053	21.226	22.786	19.329	17.661	20.783	19.940	13.339	17.407	19.848	16.866	12.222	17.769	18.689	14.261	14.852	19.047	17.993	12.669	16.109	17.872	15.986	42.585	38.671	37.021	39.540	36.621	33.050	32.469	30.867	28.804	27.617	26.910	24.503	22.658	22.611	21.656	18.640	17.475	18.015	15.949	13.112	13.452	13.946	11.045	8.871	10.584	10.966	6.902	6.030	9.497	9.143	5.899	7.090	3.703
41.937	42.297	46.157	44.047	43.809	40.892	39.044	38.514	34.771	36.600	35.398	33.573	32.013	30.754	28.966	27.424	26.255	24.689	22.909	21.667	20.320	18.436	16.966	15.774	13.990	12.451	11.362	9.950	8.049	6.766	6.179	4.385	2.042	2.697	3.256	1.350	0.997	1.351	3.298	2.946	5.743	8.630	10.867	14.390	15.648	17.701	43.477	39.086	39.921	35.387	34.494	32.220	31.355	29.973	28.008	26.808	25.210	21.783	21.058	22.642	19.114	17.398	19.910	18.813	13.034	15.512	17.691	14.812	10.280	14.956	15.638	11.367	10.912	15.267	14.482	8.640	12.235	13.659	12.354	43.396	39.434	37.350	39.874	36.795	33.156	32.146	30.717	29.018	27.434	26.382	24.377	22.615	21.887	20.834	18.267	16.958	16.533	14.707	12.342	11.666	11.534	9.096	6.748	7.440	7.263	3.789	2.669	5.214	5.354	2.429	3.440	2.366
41.229	41.824	45.572	43.784	43.951	41.131	39.549	39.456	35.724	37.721	36.776	34.786	33.036	32.094	30.375	28.509	27.388	26.183	24.256	22.676	21.705	20.002	18.035	16.856	15.627	13.893	12.194	11.263	9.936	7.905	6.563	6.089	4.261	2.002	2.409	3.251	1.351	0.976	1.349	3.124	6.511	8.260	9.643	13.817	15.545	17.360	45.450	41.098	41.919	37.478	36.326	34.138	32.963	31.572	29.909	28.556	26.622	23.467	22.986	23.735	20.073	18.867	21.137	19.175	13.736	16.853	17.553	14.184	11.101	15.311	14.067	9.957	11.511	14.156	10.949	7.371	9.034	12.208	10.665	45.743	41.729	39.873	42.607	39.534	36.030	35.009	33.312	31.670	30.367	29.137	26.912	25.456	24.884	23.463	20.884	20.042	19.509	17.246	15.166	14.904	14.231	11.446	9.877	10.470	9.327	5.873	5.912	7.441	4.664	2.628	4.351	4.871
39.266	40.224	44.031	42.488	42.781	40.004	38.758	38.735	35.202	37.794	37.067	35.417	33.318	32.134	30.910	29.119	27.411	26.388	25.049	23.046	21.596	20.637	19.027	16.862	15.903	15.207	13.019	11.068	10.985	9.897	7.242	6.135	6.207	4.413	2.056	2.945	3.298	1.349	0.996	1.349	3.975	4.536	6.359	10.647	12.249	14.216	46.341	42.134	43.322	39.038	37.972	36.154	34.859	33.077	31.716	30.712	28.366	25.054	25.257	26.215	22.607	21.329	24.099	22.488	16.455	19.982	21.597	18.311	14.392	19.238	19.083	14.578	15.481	19.124	16.988	12.014	14.793	17.068	14.802	47.125	43.205	41.780	44.520	41.577	38.111	37.329	35.573	33.699	32.603	31.553	29.174	27.636	27.310	25.982	23.233	22.380	22.113	19.857	17.601	17.462	17.003	14.173	12.446	13.169	12.301	8.730	8.456	10.605	8.840	5.772	6.594	5.212
44.358	45.176	49.045	47.258	47.275	44.418	42.866	42.522	38.877	41.009	39.929	38.176	36.449	35.178	33.560	31.964	30.605	29.165	27.542	26.071	24.631	23.018	21.579	20.004	18.402	17.151	15.696	14.016	12.619	11.444	9.939	8.080	6.917	6.100	4.251	2.369	2.946	3.124	1.349	0.997	1.346	3.670	6.299	9.639	10.747	13.014	48.201	43.861	44.915	40.439	39.571	37.494	36.522	34.942	33.142	32.109	30.230	26.740	26.436	27.918	24.343	22.740	25.450	24.161	18.182	21.177	23.036	19.910	15.759	20.403	20.428	16.043	16.129	20.031	18.134	12.492	15.370	16.674	13.934	48.342	44.403	42.589	45.047	42.092	38.431	37.643	36.187	34.300	32.835	31.974	29.823	27.980	27.479	26.510	23.791	22.431	22.294	20.442	17.971	17.383	17.330	14.850	12.555	12.996	12.822	9.438	7.286	10.426	9.673	6.299	5.443	2.438
46.553	47.726	51.652	50.036	50.000	47.174	45.717	45.191	41.622	43.775	42.437	40.922	39.386	37.779	36.111	34.920	33.488	31.663	30.277	29.175	27.348	25.556	24.687	23.133	21.007	20.043	19.181	17.126	15.270	14.834	13.718	11.193	9.685	10.041	8.209	5.545	5.743	6.511	3.975	1.346	0.995	1.347	3.526	6.326	7.220	9.560	49.520	45.168	46.422	41.800	41.478	39.408	38.914	37.249	35.041	34.411	32.926	28.881	28.513	30.987	27.620	25.381	28.257	27.569	21.591	23.997	26.163	23.262	18.954	23.078	23.323	19.251	18.321	22.334	20.330	14.332	16.700	17.355	14.288	49.110	45.333	43.311	45.267	42.449	38.593	38.060	37.081	34.978	33.171	32.776	30.936	28.575	28.023	27.739	25.036	22.760	23.197	22.095	19.288	18.157	18.883	17.107	14.110	13.866	15.136	12.331	7.302	11.699	12.395	8.798	6.759	2.834
42.606	44.177	48.087	46.821	47.080	44.401	43.406	43.144	39.845	42.657	41.683	40.414	38.429	36.769	35.631	34.344	32.382	30.906	30.035	28.380	26.313	25.302	24.431	22.147	20.507	20.346	18.879	16.201	15.600	15.627	13.497	11.035	11.370	11.446	8.485	6.904	8.630	8.260	4.536	3.670	1.347	0.997	1.341	3.571	5.217	7.679	49.862	45.696	47.246	42.844	42.346	40.695	39.833	37.768	36.048	35.662	33.544	29.443	30.123	32.000	28.646	26.762	29.961	29.073	22.684	26.318	28.435	25.299	21.043	25.923	26.007	21.649	21.759	25.631	23.362	17.851	20.239	21.117	17.824	50.264	46.497	45.077	47.329	44.582	40.889	40.649	39.255	36.929	35.702	35.358	33.018	30.846	30.936	30.348	27.301	25.506	26.449	24.765	21.762	21.606	22.234	19.767	17.220	17.854	18.400	15.021	11.701	15.742	15.423	11.916	10.466	6.856
47.663	49.341	53.201	52.037	52.386	49.709	48.707	48.558	45.161	47.850	46.905	45.430	43.484	42.015	40.732	39.252	37.500	36.124	34.935	33.255	31.478	30.286	29.089	27.030	25.514	24.853	23.226	21.035	20.153	19.486	17.438	15.375	15.083	14.288	11.640	10.307	10.867	9.643	6.359	6.299	3.526	1.341	1.080	1.350	3.759	5.959	55.174	50.919	52.283	47.825	47.183	45.288	44.371	42.580	40.809	40.051	38.058	34.308	34.401	35.975	32.424	30.840	33.584	32.206	26.276	29.359	30.875	27.656	23.860	28.203	27.623	23.497	23.661	27.032	24.100	19.013	20.865	21.568	18.112	55.378	51.556	49.910	52.125	49.331	45.604	45.106	43.786	41.667	40.216	39.651	37.496	35.415	35.098	34.395	31.578	29.874	30.142	28.496	25.844	25.201	25.364	23.067	20.586	20.791	20.803	17.659	14.708	17.677	16.960	13.331	11.912	9.587
51.469	53.274	57.170	56.028	56.263	53.611	52.601	52.281	48.925	51.577	50.434	49.095	47.302	45.621	44.270	43.048	41.295	39.637	38.569	37.159	35.169	33.806	32.940	30.970	29.096	28.532	27.296	24.957	23.708	23.358	21.671	19.225	18.574	18.387	15.987	13.979	14.390	13.817	10.647	9.639	6.326	3.571	1.350	0.997	1.346	3.804	57.872	53.622	55.126	50.575	50.276	48.380	47.761	45.935	43.903	43.373	41.636	37.526	37.603	39.741	36.303	34.339	37.164	36.141	30.220	32.889	34.611	31.555	27.599	31.604	31.233	27.312	26.798	30.218	27.388	22.054	23.568	23.671	20.046	57.723	54.020	52.249	54.105	51.429	47.567	47.274	46.264	44.015	42.350	42.086	40.128	37.727	37.386	37.096	34.304	31.991	32.652	31.427	28.606	27.608	28.204	26.280	23.451	23.229	23.998	21.142	16.705	20.371	20.520	16.843	14.738	11.793
51.329	53.270	57.184	56.104	56.310	53.724	52.784	52.396	49.125	51.849	50.641	49.430	47.668	45.846	44.538	43.475	41.641	39.851	38.961	37.647	35.496	34.150	33.504	31.493	29.461	29.102	28.053	25.508	24.256	24.205	22.630	19.976	19.275	19.623	17.211	14.981	15.648	15.545	12.249	10.747	7.220	5.217	3.759	1.346	0.960	1.347	57.748	53.521	55.119	50.565	50.440	48.624	48.137	46.206	44.092	43.764	42.100	37.770	37.989	40.440	37.123	34.892	37.923	37.204	31.121	33.814	35.853	32.891	28.697	32.786	32.764	28.795	28.015	31.688	29.141	23.583	25.166	25.113	21.611	57.523	53.884	52.132	53.866	51.244	47.344	47.202	46.289	43.950	42.271	42.167	40.242	37.702	37.456	37.357	34.532	31.954	32.949	31.889	28.923	27.874	28.827	27.008	24.036	23.701	25.035	22.222	17.146	21.336	22.025	18.416	16.194	12.608
52.535	54.604	58.499	57.506	57.775	55.236	54.386	54.018	50.836	53.599	52.431	51.235	49.440	47.629	46.367	45.291	43.433	41.677	40.829	39.469	37.341	36.039	35.366	33.337	31.385	31.053	29.936	27.408	26.287	26.174	24.536	22.018	21.326	21.562	19.163	17.131	17.701	17.360	14.216	13.014	9.560	7.679	5.959	3.804	1.347	0.996	59.563	55.337	56.927	52.385	52.259	50.462	49.972	48.029	45.941	45.612	43.944	39.646	39.879	42.237	38.926	36.750	39.710	38.915	32.937	35.587	37.477	34.509	30.444	34.413	34.246	30.347	29.686	33.115	30.452	25.173	26.449	26.215	22.834	59.331	55.721	53.988	55.728	53.074	49.158	49.027	48.144	45.813	44.126	44.030	42.142	39.598	39.334	39.262	36.485	33.892	34.864	33.830	30.914	29.798	30.746	28.973	26.074	25.622	26.902	24.168	19.194	23.015	23.731	20.231	18.095	14.776
34.642	32.309	32.928	30.084	25.795	24.528	22.350	17.196	16.797	14.359	11.259	12.154	15.888	15.206	11.369	16.619	19.134	16.344	16.725	21.594	22.817	20.699	24.422	26.859	26.426	24.370	30.250	31.815	31.927	33.606	35.849	37.090	37.001	39.195	41.561	42.293	43.477	45.450	46.341	48.201	49.520	49.862	55.174	57.872	57.748	59.563	1.036	1.349	3.422	5.574	8.385	11.140	13.876	12.158	11.876	16.406	17.769	18.798	21.777	22.143	25.362	26.399	25.814	29.093	31.033	31.609	33.711	35.207	35.878	37.945	40.069	41.455	41.290	44.022	45.760	45.550	50.520	49.642	53.586	2.026	4.293	8.167	9.647	12.472	14.110	16.331	14.933	11.606	17.262	19.226	16.262	18.522	22.211	23.313	22.773	25.021	27.488	26.688	28.112	30.952	32.683	31.247	34.157	36.608	37.798	37.378	40.181	42.060	40.900	44.173	46.328	45.697
34.167	31.868	33.251	30.066	26.281	24.423	21.781	16.793	15.856	13.689	10.169	10.625	14.132	13.138	8.538	13.795	16.315	12.819	12.761	18.052	19.283	16.585	20.417	22.978	22.468	19.994	26.115	27.843	27.665	29.303	31.619	32.881	32.571	34.931	37.287	37.986	39.086	41.098	42.134	43.861	45.168	45.696	50.919	53.622	53.521	55.337	1.349	0.960	1.346	2.645	5.547	8.304	10.979	8.962	7.573	12.620	13.957	14.534	17.620	18.489	21.435	22.147	21.957	25.397	27.003	27.407	29.854	31.350	31.613	33.832	36.070	37.321	36.967	39.879	41.745	41.173	46.207	45.334	49.187	3.024	2.404	5.599	8.189	9.947	10.914	13.207	11.322	7.578	13.366	15.250	11.988	14.107	17.890	18.970	18.291	20.559	23.074	22.362	23.624	26.455	28.238	26.861	29.685	32.117	33.366	32.983	35.717	37.589	36.557	39.757	41.885	41.267
35.463	32.739	33.838	30.523	26.854	24.776	21.937	17.212	15.920	12.338	9.986	9.409	13.288	13.472	9.027	13.181	16.400	14.355	13.228	18.514	20.231	18.081	21.225	23.831	24.039	20.375	26.873	28.965	28.932	30.098	32.505	34.113	33.427	35.329	38.239	39.189	39.921	41.919	43.322	44.915	46.422	47.246	52.283	55.126	55.119	56.927	3.422	1.346	0.960	1.350	3.261	4.784	8.173	7.943	7.348	11.162	13.050	14.563	16.875	17.315	20.977	22.029	20.326	24.233	26.436	26.593	28.440	30.650	31.281	32.762	34.980	36.637	36.312	38.867	40.854	40.810	45.720	44.388	48.868	4.079	3.135	4.895	7.902	9.035	10.573	11.918	8.884	7.512	12.704	14.012	10.945	14.496	17.500	18.130	18.274	20.632	22.486	21.595	23.977	26.564	27.602	26.685	29.998	32.223	33.169	33.280	36.046	37.432	36.449	40.061	42.192	42.164
35.716	33.135	34.758	31.292	27.881	25.627	22.593	18.053	16.448	13.549	10.482	9.237	12.756	12.774	7.170	10.935	14.489	11.824	9.497	15.441	17.253	14.233	17.401	20.177	20.251	15.979	22.809	25.032	24.586	25.725	28.258	29.859	28.858	31.100	33.902	34.734	35.387	37.478	39.038	40.439	41.800	42.844	47.825	50.575	50.565	52.385	5.574	2.645	1.350	0.997	1.348	2.672	5.875	5.240	3.008	7.442	9.314	10.313	12.724	13.798	17.138	17.804	16.585	20.695	22.539	22.460	24.763	26.887	27.064	28.756	31.115	32.615	32.033	34.833	36.940	36.452	41.457	40.143	44.437	5.781	2.799	2.960	6.211	6.266	6.832	8.384	5.289	2.997	8.273	9.664	6.523	9.731	12.840	13.601	13.668	15.927	17.967	17.268	19.379	21.902	23.182	22.294	25.416	27.612	28.716	28.851	31.496	32.886	32.120	35.594	37.681	37.529
34.628	31.724	33.298	29.619	26.489	23.967	20.638	16.582	14.563	10.590	8.675	6.266	9.905	10.930	5.666	7.784	12.165	11.186	7.638	13.404	15.634	13.548	15.663	18.544	19.481	14.659	21.137	23.671	23.731	24.426	26.869	28.767	28.156	29.360	32.661	33.940	34.494	36.326	37.972	39.571	41.478	42.346	47.183	50.276	50.440	52.259	8.385	5.547	3.261	1.348	0.960	1.340	2.938	2.413	2.501	4.872	6.616	8.594	10.841	10.993	14.672	15.952	14.384	17.969	20.170	20.569	22.365	24.390	25.199	26.806	28.851	30.484	30.475	32.885	34.713	34.985	39.767	38.869	43.152	9.516	6.688	6.895	10.274	10.269	11.053	11.686	6.841	6.207	11.374	11.838	6.731	11.307	14.215	13.993	13.155	16.214	18.057	15.991	18.717	21.693	22.365	20.849	24.630	27.030	27.477	27.479	30.531	32.117	30.477	34.314	36.545	37.045
37.884	35.153	37.083	33.303	30.370	27.753	24.248	20.486	18.130	14.323	12.443	9.802	12.972	13.690	8.144	8.341	13.681	12.614	7.561	13.382	15.751	13.191	14.256	17.691	18.809	12.705	19.472	22.341	22.140	22.323	25.068	27.127	25.967	27.010	30.714	32.056	32.220	34.138	36.154	37.494	39.408	40.695	45.288	48.380	48.624	50.462	11.140	8.304	4.784	2.672	1.340	1.080	1.350	3.209	2.392	2.289	4.798	6.769	8.002	8.512	12.474	13.443	11.089	15.296	17.522	17.528	19.211	21.718	22.406	23.601	25.775	27.522	27.369	29.697	31.710	31.999	36.749	35.574	40.072	10.699	7.513	5.872	9.172	7.924	8.689	8.358	3.247	4.669	8.724	8.653	4.244	9.379	11.710	10.987	10.811	13.834	15.050	12.942	16.340	19.106	19.219	18.102	22.059	24.333	24.600	24.941	27.958	29.195	27.705	31.736	33.919	34.738
