0.995	1.348	3.300	5.505	8.239	10.543	10.761	13.118	13.413	15.202	18.384	19.064	14.714	17.907	20.495	17.950	15.987	20.692	22.237	19.515	20.427	24.183	23.271	21.356	25.674	27.946	24.778	26.175	30.535	31.582	30.093	33.014	35.438	35.168	35.695	38.591	40.244	39.323	41.678	44.415	47.275	50.487	49.567	53.119	55.180	54.764	28.164	26.920	25.104	27.350	25.517	28.834	27.019	22.522	26.705	28.780	26.482	23.331	29.005	28.956	27.459	29.767	31.966	28.048	28.313	32.640	33.177	28.109	32.030	35.699	32.921	33.525	37.013	38.799	35.312	36.868	41.645	42.499	46.248	33.010	33.711	31.499	31.554	34.424	32.933	36.344	34.137	29.526	34.524	36.385	31.620	31.571	36.369	36.599	31.531	35.415	38.542	34.649	34.302	38.739	39.653	34.302	37.934	40.884	39.110	35.605	40.571	42.650	37.739	41.753	42.988	46.936
1.348	0.960	1.348	3.198	5.972	8.706	9.734	12.879	13.825	15.684	19.156	20.293	15.993	19.739	22.324	19.459	18.204	22.843	24.415	21.717	22.885	26.622	25.465	23.883	28.417	30.515	27.094	28.929	33.196	34.068	32.552	35.673	38.071	37.531	38.227	41.201	42.783	41.657	44.232	46.923	49.713	53.005	52.239	55.866	58.050	57.624	28.878	27.956	26.129	28.760	26.883	30.406	28.499	24.039	28.488	30.533	28.051	25.285	30.893	30.592	29.375	31.865	33.898	29.684	30.421	34.616	34.903	29.923	34.133	37.618	34.522	35.401	38.971	40.577	36.990	38.856	43.544	44.351	48.366	33.771	34.668	32.717	32.936	36.167	34.863	38.292	35.830	31.406	36.636	38.465	33.490	33.839	38.626	38.784	33.797	37.940	40.883	36.711	36.718	41.178	41.917	36.538	40.428	43.303	41.303	37.939	42.979	44.982	39.837	44.058	45.293	49.338
3.300	1.348	0.997	1.349	3.446	6.081	7.665	11.057	12.126	14.452	17.809	19.469	15.096	18.844	21.492	18.875	17.492	22.192	23.939	21.394	22.384	26.236	25.435	23.678	28.199	30.407	27.179	28.784	33.130	34.193	32.696	35.720	38.132	37.824	38.385	41.323	42.991	42.014	44.466	47.164	50.011	53.342	52.492	56.088	58.232	57.914	27.756	26.868	25.140	27.901	26.153	29.870	28.086	23.427	28.056	30.208	27.849	25.096	30.728	30.601	29.440	31.926	34.051	30.005	30.640	34.885	35.354	30.339	34.521	38.084	35.156	35.936	39.528	41.270	37.655	39.385	44.147	44.985	48.822	32.673	33.727	31.798	32.213	35.486	34.089	37.630	35.301	30.764	36.123	38.050	33.136	33.425	38.281	38.604	33.560	37.716	40.709	36.716	36.634	41.141	42.026	36.668	40.517	43.417	41.545	38.160	43.199	45.270	40.284	44.419	45.742	49.671
5.505	3.198	1.349	0.997	1.348	3.624	4.993	7.964	9.149	11.249	14.543	16.182	12.310	16.054	18.649	16.211	15.544	19.823	21.403	19.317	20.556	24.162	23.403	22.384	26.514	28.477	25.538	27.688	31.616	32.578	31.429	34.505	36.770	36.678	37.493	40.241	41.740	41.099	43.585	46.168	49.167	52.327	51.382	55.094	57.241	56.956	24.114	23.296	21.614	24.463	22.848	26.573	25.002	20.475	25.061	27.216	25.072	22.601	28.006	27.984	27.144	29.611	31.694	27.948	28.895	32.870	33.386	28.870	32.979	36.409	33.762	34.792	38.224	39.905	37.030	38.612	43.465	43.853	48.183	29.000	30.081	28.203	28.708	32.060	30.775	34.317	31.995	27.551	32.996	34.903	30.041	30.614	35.364	35.737	31.016	35.113	38.035	34.087	34.304	38.758	39.603	34.494	38.450	41.317	39.486	36.367	41.427	43.483	38.613	43.077	44.874	48.425
8.239	5.972	3.446	1.348	0.997	1.350	3.615	6.473	7.963	11.095	13.957	16.356	12.771	16.242	18.968	17.080	16.405	20.577	22.441	20.819	21.748	25.453	25.327	24.308	28.171	30.283	27.750	29.739	33.616	34.787	33.800	36.755	38.989	39.209	39.992	42.623	44.160	43.769	46.140	48.722	51.857	54.918	53.870	57.550	59.588	59.326	23.319	22.728	21.254	24.411	23.230	27.176	26.005	21.339	26.031	28.312	26.518	24.135	29.531	29.769	29.106	31.531	33.704	30.245	31.224	35.144	35.797	31.391	35.534	38.952	36.413	37.496	40.927	42.669	39.894	41.427	46.344	46.662	51.045	28.309	29.739	27.875	28.831	32.192	30.745	34.503	32.530	27.911	33.526	35.612	31.007	31.512	36.311	37.007	32.396	36.379	39.396	35.808	35.969	40.462	41.504	36.549	40.451	43.340	41.696	38.634	43.687	45.806	41.153	45.629	47.630	50.924
10.543	8.706	6.081	3.624	1.350	0.997	1.344	3.913	6.240	9.381	11.739	14.570	11.655	14.918	17.580	15.890	15.842	19.597	21.369	20.213	21.211	24.711	24.790	24.230	27.752	29.707	27.536	29.743	33.357	34.532	33.812	36.725	38.847	39.259	40.197	42.669	44.113	43.982	46.327	48.847	52.087	55.074	53.908	57.654	59.677	59.485	21.069	20.519	19.085	22.374	21.427	25.386	24.499	19.888	24.560	26.869	25.389	23.228	28.397	28.801	28.415	30.782	32.966	29.859	30.948	34.713	35.492	31.420	35.454	38.829	36.624	37.776	41.085	42.880	40.579	41.897	46.933	46.960	51.529	26.002	27.487	25.625	26.767	30.162	28.759	32.555	30.667	26.089	31.787	33.873	29.413	30.094	34.824	35.591	31.307	35.197	38.177	34.764	35.089	39.522	40.609	35.898	39.797	42.681	41.155	38.282	43.304	45.440	40.985	45.576	47.881	50.912
10.761	9.734	7.665	4.993	3.615	1.344	0.997	1.348	3.279	6.091	8.638	11.269	8.574	11.854	14.469	12.616	13.300	16.686	18.318	17.418	18.662	21.942	21.966	21.977	25.229	26.881	24.922	27.572	30.863	31.907	31.404	34.370	36.378	36.786	37.951	40.334	41.623	41.605	44.025	46.492	49.793	52.661	51.509	55.317	57.285	57.057	18.291	17.609	16.017	19.268	18.052	22.053	21.003	16.480	21.222	23.479	21.956	20.092	25.141	25.428	25.289	27.677	29.775	26.656	28.139	31.708	32.346	28.583	32.763	35.940	33.700	35.171	38.396	40.060	38.118	39.530	44.551	44.272	49.230	23.164	24.469	22.657	23.625	27.151	25.809	29.552	27.471	22.962	28.711	30.772	26.145	27.005	31.710	32.434	28.215	32.159	35.065	31.576	32.071	36.503	37.497	32.880	36.897	39.742	38.165	35.484	40.502	42.596	38.174	42.920	45.429	48.322
13.118	12.879	11.057	7.964	6.473	3.913	1.348	0.997	1.341	3.545	4.981	8.316	6.686	9.496	11.883	10.845	12.343	14.925	16.403	16.536	17.726	20.529	21.177	21.829	24.375	25.568	24.663	27.410	30.258	31.393	31.373	34.138	35.928	36.680	38.022	40.182	41.358	41.770	44.096	46.474	49.907	52.580	51.199	55.020	56.927	56.785	13.916	13.347	11.956	15.455	15.027	19.064	18.688	14.272	18.798	21.183	20.354	18.684	23.355	24.154	24.274	26.517	28.685	26.392	27.769	31.123	32.148	28.976	32.712	35.884	34.429	35.822	38.774	40.566	39.366	40.337	45.565	44.878	49.946	18.942	20.392	18.456	19.906	23.295	21.903	25.792	24.189	19.594	25.440	27.605	23.436	24.364	28.972	29.907	26.272	29.926	32.835	29.840	30.440	34.735	35.893	31.690	35.618	38.472	37.221	34.824	39.706	41.852	37.888	42.646	45.499	48.070
13.413	13.825	12.126	9.149	7.963	6.240	3.279	1.341	1.080	1.346	3.133	6.146	3.902	6.085	8.764	8.438	8.927	11.485	13.369	13.573	14.283	17.236	18.384	18.756	21.062	22.635	21.968	24.265	27.124	28.505	28.575	31.126	32.919	33.936	35.175	37.228	38.546	39.151	41.297	43.678	47.175	49.816	48.276	52.018	53.854	53.773	13.727	12.318	10.692	13.655	13.120	17.153	16.845	12.129	16.502	19.029	18.431	16.153	21.003	22.237	22.053	24.099	26.494	24.670	25.383	28.901	30.291	27.091	30.347	33.799	32.830	33.831	36.680	38.656	37.598	38.164	43.550	42.896	47.651	18.842	19.604	17.241	18.311	21.520	19.893	23.758	22.189	17.316	23.037	25.256	21.195	21.549	26.308	27.366	23.429	26.991	30.088	27.408	27.588	31.890	33.303	29.125	32.783	35.701	34.733	32.175	36.977	39.230	35.554	40.081	42.896	45.388
15.202	15.684	14.452	11.249	11.095	9.381	6.091	3.545	1.346	0.997	1.343	2.645	1.970	4.563	6.266	3.695	7.475	9.732	9.036	10.648	12.923	14.611	14.600	16.450	18.835	18.168	18.540	22.303	24.347	24.878	25.549	28.374	29.608	30.315	32.120	34.257	34.854	35.565	38.098	40.314	43.779	46.148	44.806	48.827	50.738	50.592	11.072	9.479	7.400	9.614	7.169	10.925	9.818	5.789	10.354	12.469	11.613	10.902	14.896	15.616	16.187	18.578	20.433	18.623	20.695	23.536	24.524	22.509	26.034	28.710	27.874	29.639	32.172	33.799	33.552	34.520	39.756	38.335	43.959	15.479	15.372	13.551	13.273	17.104	16.532	19.688	16.588	12.726	18.573	20.258	15.146	17.057	21.419	21.829	18.513	22.374	24.907	21.450	22.791	26.956	27.680	23.756	28.048	30.792	29.409	27.645	32.405	34.393	30.639	35.641	38.911	41.275
18.384	19.156	17.809	14.543	13.957	11.739	8.638	4.981	3.133	1.343	1.080	1.340	2.561	3.629	4.159	5.637	7.556	8.894	9.667	11.700	13.119	14.207	16.058	17.559	19.096	19.350	20.714	23.297	25.244	26.443	27.411	29.656	30.913	32.170	33.816	35.662	36.620	37.760	39.887	42.074	45.622	47.934	46.192	49.990	51.741	51.720	8.827	6.979	5.076	7.749	7.757	11.681	12.080	7.873	11.681	14.353	14.623	12.978	16.988	18.727	19.077	20.991	23.294	22.447	23.449	26.443	28.055	26.078	28.714	31.917	31.854	33.038	35.385	37.300	37.259	37.573	43.057	41.680	46.763	13.834	14.076	11.438	12.399	15.621	14.172	17.969	16.479	11.654	17.488	19.729	15.989	16.529	21.148	22.322	19.254	22.455	25.431	23.287	23.775	27.835	29.313	25.751	29.420	32.255	31.644	29.688	34.198	36.426	33.330	37.884	41.082	43.202
19.064	20.293	19.469	16.182	16.356	14.570	11.269	8.316	6.146	2.645	1.340	1.080	1.352	3.210	2.439	2.014	4.339	6.023	6.002	7.927	9.931	11.014	12.263	13.878	15.734	15.599	16.841	19.767	21.581	22.615	23.573	25.927	27.155	28.306	29.992	31.898	32.770	33.863	36.049	38.239	41.776	44.088	42.434	46.293	48.118	48.058	10.121	7.692	5.013	6.275	4.755	8.589	8.414	4.031	7.802	10.403	10.557	9.063	12.980	14.699	15.080	17.043	19.285	18.544	19.521	22.500	24.125	22.306	24.810	28.004	28.132	29.230	31.492	33.434	33.545	33.734	39.255	37.824	42.908	14.567	13.825	11.100	10.619	13.608	12.507	15.851	13.658	8.954	14.724	16.725	12.394	13.398	17.888	18.767	15.623	19.153	21.874	19.345	20.111	24.208	25.464	21.851	25.673	28.485	27.727	25.776	30.344	32.543	29.393	33.963	37.171	39.357
14.714	15.993	15.096	12.310	12.771	11.655	8.574	6.686	3.902	1.970	2.561	1.352	0.960	1.350	3.177	2.510	2.013	4.399	6.186	6.644	7.673	10.081	11.297	12.172	14.134	15.501	15.420	17.804	20.147	21.504	22.014	24.363	25.970	27.124	28.534	30.457	31.681	32.604	34.649	36.953	40.506	43.001	41.339	45.107	46.954	46.904	13.957	11.540	9.122	10.479	9.064	12.748	12.052	6.704	10.880	13.556	12.787	9.515	14.682	16.315	15.705	17.309	20.080	18.980	18.813	22.459	24.304	21.509	23.932	27.634	27.630	28.189	30.650	32.838	32.391	32.381	37.973	37.046	41.617	18.763	18.253	15.391	15.054	17.596	16.128	19.546	17.628	12.606	18.036	20.157	15.858	15.405	20.368	21.315	16.491	20.293	23.443	20.841	20.489	24.846	26.409	22.206	25.622	28.578	27.859	25.224	29.914	32.247	28.956	33.276	36.183	38.529
17.907	19.739	18.844	16.054	16.242	14.918	11.854	9.496	6.085	4.563	3.629	3.210	1.350	0.960	1.349	3.297	2.525	2.120	4.555	6.211	6.399	8.022	10.144	11.395	12.247	14.092	15.249	16.661	18.753	20.334	21.424	23.238	24.671	26.144	27.630	29.291	30.578	31.884	33.714	35.927	39.535	41.862	39.924	43.571	45.282	45.333	15.167	12.194	10.202	10.848	10.391	13.304	13.283	7.861	10.088	13.688	13.785	9.516	14.210	16.529	15.890	16.592	19.919	19.770	18.570	22.367	24.576	22.318	23.725	27.752	28.726	28.735	30.718	33.187	33.292	32.599	38.355	37.259	41.364	19.813	19.210	15.664	15.492	16.925	14.580	18.201	17.227	11.557	16.086	18.497	15.020	13.129	18.242	19.557	14.828	17.957	21.506	19.857	18.827	23.032	24.921	21.255	24.039	27.123	27.007	24.377	28.751	31.210	28.533	32.484	35.378	37.416
20.495	22.324	21.492	18.649	18.968	17.580	14.469	11.883	8.764	6.266	4.159	2.439	3.177	1.349	0.997	1.350	3.223	2.428	1.999	4.297	6.035	6.207	7.959	9.910	11.242	11.386	13.376	15.657	17.141	18.331	19.715	21.676	22.766	24.151	25.881	27.605	28.542	29.909	31.917	34.038	37.637	39.838	37.991	41.786	43.537	43.552	12.877	9.334	7.019	6.157	5.638	7.745	8.605	3.873	5.145	8.657	9.340	6.190	10.085	12.570	12.681	13.576	16.583	16.775	16.094	19.431	21.588	19.978	21.366	25.034	26.184	26.513	28.338	30.639	31.153	30.617	36.306	34.831	39.377	16.589	15.130	11.604	10.238	11.497	9.747	12.948	11.502	6.029	11.015	13.232	9.795	8.895	13.757	15.019	11.483	14.577	17.702	16.033	15.887	19.980	21.682	18.180	21.407	24.324	24.043	21.794	26.170	28.524	25.846	30.013	33.160	35.144
17.950	19.459	18.875	16.211	17.080	15.890	12.616	10.845	8.438	3.695	5.637	2.014	2.510	3.297	1.350	0.997	1.350	3.270	2.554	1.987	4.372	6.142	6.537	7.854	10.064	10.712	10.786	13.804	15.722	16.784	17.498	19.932	21.374	22.381	23.976	25.943	26.927	27.855	30.052	32.295	35.827	38.243	36.687	40.558	42.457	42.369	15.414	12.409	9.595	9.604	6.694	8.982	7.208	2.486	6.153	8.460	7.066	4.181	9.149	10.507	10.101	11.951	14.481	13.299	13.637	17.005	18.714	16.437	18.859	22.263	22.490	23.240	25.528	27.584	27.617	27.652	33.199	31.896	36.849	19.135	17.900	15.166	13.227	15.458	14.328	17.148	14.253	9.874	14.667	16.218	11.144	11.536	16.273	16.629	11.972	16.218	18.959	15.537	15.776	20.208	21.387	17.010	20.748	23.631	22.604	20.157	24.907	27.142	23.703	28.223	31.284	33.638
15.987	18.204	17.492	15.544	16.405	15.842	13.300	12.343	8.927	7.475	7.556	4.339	2.013	2.525	3.223	1.350	0.997	1.353	3.321	2.560	1.945	4.535	6.196	6.585	8.191	10.251	10.542	11.901	14.277	15.919	16.601	18.561	20.209	21.595	22.909	24.678	26.086	27.215	29.025	31.320	34.928	37.397	35.593	39.271	41.088	41.100	18.699	15.623	12.996	12.916	10.961	13.396	12.365	7.064	9.702	12.748	11.855	7.089	12.551	14.445	12.776	13.263	16.989	16.383	14.302	18.644	20.947	18.032	19.250	23.649	24.565	24.190	26.217	28.879	28.638	27.792	33.574	32.786	36.560	22.858	21.686	18.560	16.956	18.528	16.921	19.886	17.882	12.841	16.898	19.052	14.626	13.079	18.050	18.774	12.959	16.536	20.074	17.764	16.090	20.527	22.291	17.911	20.610	23.792	23.441	20.280	24.811	27.301	24.373	28.181	30.869	33.109
20.692	22.843	22.192	19.823	20.577	19.597	16.686	14.925	11.485	9.732	8.894	6.023	4.399	2.120	2.428	3.270	1.353	0.997	1.349	3.230	2.556	2.133	4.494	6.126	6.469	8.245	10.109	11.218	12.711	14.285	15.811	17.332	18.589	20.158	21.754	23.294	24.523	25.986	27.783	29.917	33.566	35.781	33.776	37.447	39.154	39.235	18.688	14.834	12.757	10.690	10.452	11.462	12.417	7.646	6.652	11.438	11.514	6.214	10.561	13.234	11.872	11.377	15.462	15.939	13.322	17.376	19.934	18.081	18.344	22.727	24.376	23.996	25.428	28.237	28.825	27.510	33.345	32.095	35.800	21.908	20.100	16.397	14.211	14.281	11.843	14.612	13.758	8.679	11.186	13.983	11.252	8.045	13.152	14.807	9.880	12.210	16.289	15.227	13.249	17.481	19.483	15.800	18.045	21.271	21.411	18.548	22.750	25.289	22.971	26.579	29.434	31.329
22.237	24.415	23.939	21.403	22.441	21.369	18.318	16.403	13.369	9.036	9.667	6.002	6.186	4.555	1.999	2.554	3.321	1.349	0.997	1.349	3.184	2.424	1.962	4.334	6.094	6.046	7.598	9.991	11.325	12.302	13.708	15.740	16.849	18.074	19.826	21.619	22.510	23.814	25.853	27.979	31.596	33.838	32.105	35.982	37.826	37.816	17.267	13.790	10.683	8.673	6.392	6.887	6.790	2.711	2.377	5.826	6.132	2.192	5.616	8.343	8.182	8.250	11.854	12.308	10.231	14.045	16.476	14.816	15.442	19.457	21.008	20.929	22.474	25.033	25.745	24.775	30.526	29.058	33.348	19.902	17.709	14.633	11.238	12.328	11.030	12.984	10.675	6.452	9.523	11.260	6.930	5.646	10.542	11.307	6.386	10.304	13.229	11.142	10.747	14.912	16.549	12.887	16.053	19.006	18.582	15.877	20.382	22.776	20.014	24.031	27.086	29.179
19.515	21.717	21.394	19.317	20.819	20.213	17.418	16.536	13.573	10.648	11.700	7.927	6.644	6.211	4.297	1.987	2.560	3.230	1.349	0.997	1.349	3.265	2.525	2.030	4.538	6.172	5.626	7.880	9.980	11.316	11.743	14.024	15.704	16.839	18.177	20.109	21.406	22.361	24.298	26.609	30.212	32.726	31.117	34.923	36.865	36.816	21.662	18.341	15.425	14.378	12.002	12.685	11.549	7.094	8.084	11.064	9.034	3.675	9.194	10.827	8.168	9.099	12.511	11.729	9.495	13.952	16.191	13.447	14.322	18.850	20.002	19.424	21.270	24.037	24.103	22.948	28.766	27.869	31.673	25.112	23.398	20.333	17.465	18.631	17.192	19.365	16.951	12.734	15.786	17.196	12.440	11.341	16.035	16.089	10.298	14.539	17.582	14.208	12.826	17.344	18.786	13.680	16.698	19.790	19.051	15.590	20.286	22.727	19.547	23.349	26.011	28.411
20.427	22.885	22.384	20.556	21.748	21.211	18.662	17.726	14.283	12.923	13.119	9.931	7.673	6.399	6.035	4.372	1.945	2.556	3.184	1.349	0.997	1.352	3.275	2.523	2.246	4.711	6.354	6.354	8.219	10.183	11.372	12.662	14.211	15.875	17.190	18.720	20.211	21.598	23.236	25.464	29.121	31.483	29.538	33.152	34.944	35.027	23.754	20.314	17.642	16.411	14.466	15.065	14.193	9.784	10.076	13.425	11.869	6.294	11.415	13.468	10.924	10.029	14.553	14.550	10.416	15.204	17.932	15.374	14.778	19.850	21.660	20.545	21.761	25.000	25.385	23.469	29.372	28.485	31.424	27.311	25.638	22.398	19.603	20.323	18.409	20.612	18.650	14.484	16.482	18.386	14.148	12.008	16.305	16.466	10.441	13.171	17.049	15.065	11.811	16.209	18.136	13.671	15.328	18.797	18.928	15.260	19.434	22.067	19.725	22.835	25.308	27.339
24.183	26.622	26.236	24.162	25.453	24.711	21.942	20.529	17.236	14.611	14.207	11.014	10.081	8.022	6.207	6.142	4.535	2.133	2.424	3.265	1.352	0.997	1.348	3.201	2.446	2.133	4.613	6.228	6.759	8.055	9.972	11.452	12.415	13.960	15.740	17.223	18.278	19.835	21.682	23.731	27.398	29.535	27.588	31.361	33.148	33.232	22.725	18.869	16.410	13.746	12.413	12.297	12.587	8.962	6.145	10.481	9.893	4.260	7.093	10.182	8.816	6.589	11.150	12.558	8.258	12.359	15.367	14.057	12.776	17.521	19.597	18.996	19.804	22.977	24.069	22.147	27.979	26.547	29.911	25.398	23.175	19.683	16.237	16.065	13.793	15.311	13.644	10.202	10.874	12.737	9.152	6.298	10.474	10.979	5.156	7.883	11.636	10.241	7.492	11.808	13.787	10.260	12.107	15.400	15.711	12.491	16.568	19.165	17.136	20.375	23.201	25.038
23.271	25.465	25.435	23.403	25.327	24.790	21.966	21.177	18.384	14.600	16.058	12.263	11.297	10.144	7.959	6.537	6.196	4.494	1.962	2.525	3.275	1.348	0.997	1.350	3.193	2.347	1.978	4.407	6.034	6.596	7.690	9.924	11.216	12.040	13.831	15.777	16.518	17.518	19.854	22.008	25.516	27.807	26.415	30.418	32.402	32.284	24.928	21.501	18.500	16.619	13.761	12.606	11.342	8.211	7.691	9.261	6.735	2.547	5.859	5.865	2.898	2.906	5.773	4.844	3.002	6.328	8.574	6.731	8.199	11.459	12.677	13.016	14.826	16.947	17.707	17.523	22.981	21.223	26.400	27.643	25.443	22.514	18.439	19.416	17.930	18.952	16.339	13.521	15.147	15.395	10.740	10.213	13.896	12.260	6.930	10.800	13.236	8.836	7.825	12.160	12.505	6.886	11.216	13.865	11.946	9.379	14.344	16.359	12.643	17.334	20.632	23.024
21.356	23.883	23.678	22.384	24.308	24.230	21.977	21.829	18.756	16.450	17.559	13.878	12.172	11.395	9.910	7.854	6.585	6.126	4.334	2.030	2.523	3.201	1.350	0.997	1.352	3.238	2.347	2.033	4.304	6.112	6.385	7.995	9.897	11.281	12.355	14.138	15.697	16.806	18.464	20.801	24.445	26.989	25.320	29.037	31.010	31.002	27.378	23.941	21.031	19.392	16.918	16.324	15.129	11.674	11.111	13.606	11.228	6.180	10.362	11.829	8.702	7.797	12.016	11.613	6.671	11.908	14.376	10.819	10.286	15.741	17.209	15.544	17.057	20.417	20.049	18.205	24.085	23.689	26.371	30.478	28.484	25.406	21.749	22.464	20.787	22.038	19.707	16.558	17.958	18.834	14.379	13.017	16.936	16.064	10.241	13.512	16.673	13.615	10.777	15.040	16.403	11.149	12.879	16.210	15.897	11.421	15.780	18.348	15.639	18.405	20.659	23.008
25.674	28.417	28.199	26.514	28.171	27.752	25.229	24.375	21.062	18.835	19.096	15.734	14.134	12.247	11.242	10.064	8.191	6.469	6.094	4.538	2.246	2.446	3.193	1.352	0.997	1.354	3.318	2.571	1.993	4.240	5.986	6.746	7.875	9.776	11.274	12.538	13.920	15.536	17.156	19.246	22.947	25.157	23.168	26.840	28.674	28.791	28.645	24.891	22.397	20.091	18.348	17.774	17.102	13.669	11.828	15.139	13.247	8.101	11.249	13.462	10.660	8.144	12.631	13.559	7.411	11.878	15.045	13.302	10.408	15.910	18.193	16.684	16.948	20.753	21.840	18.951	24.757	23.684	25.873	31.552	29.468	26.048	22.434	22.256	19.806	21.003	19.349	16.121	16.404	17.634	14.314	11.289	14.790	14.594	9.315	9.808	13.880	12.599	7.773	11.918	14.008	9.537	10.024	13.603	14.163	9.846	13.564	16.298	14.700	16.924	19.221	21.034
27.946	30.515	30.407	28.477	30.283	29.707	26.881	25.568	22.635	18.168	19.350	15.599	15.501	14.092	11.386	10.712	10.251	8.245	6.046	6.172	4.711	2.133	2.347	3.238	1.354	0.997	1.354	3.278	2.636	1.922	4.087	6.025	6.609	7.702	9.683	11.347	12.138	13.574	15.549	17.584	21.264	23.459	21.794	25.764	27.747	27.747	26.127	22.632	19.691	16.596	13.964	11.882	11.707	9.262	6.657	8.224	7.811	3.630	3.549	6.605	6.055	1.681	6.477	8.702	4.206	7.646	11.048	10.545	7.272	12.526	14.881	13.762	13.929	17.561	18.978	16.424	22.161	20.696	23.712	27.803	25.047	22.099	17.165	17.363	15.459	15.251	12.988	10.649	11.064	10.492	7.078	6.349	8.635	6.927	1.749	5.464	7.846	5.090	2.920	7.326	8.949	5.118	7.615	10.682	10.662	6.750	10.940	13.526	11.417	14.205	16.892	18.971
24.778	27.094	27.179	25.538	27.750	27.536	24.922	24.663	21.968	18.540	20.714	16.841	15.420	15.249	13.376	10.786	10.542	10.109	7.598	5.626	6.354	4.613	1.978	2.347	3.318	1.354	0.997	1.350	3.290	2.728	1.835	4.289	6.084	6.639	7.793	9.958	11.223	12.013	13.909	16.249	19.891	22.463	21.130	25.061	27.216	27.104	29.833	26.639	23.534	21.990	18.840	17.392	15.525	12.873	12.655	13.077	10.120	7.183	9.550	9.389	6.071	5.629	8.790	7.572	2.280	7.392	9.716	6.351	5.403	10.718	12.278	10.564	11.999	15.262	15.425	13.492	19.372	18.625	21.608	32.642	30.540	27.761	23.565	24.481	22.690	23.216	20.845	18.220	19.038	18.941	15.008	13.929	16.762	15.034	10.037	12.504	14.920	11.591	8.511	12.450	12.888	7.359	9.672	12.782	11.600	7.015	11.663	14.075	10.857	13.554	15.804	18.411
26.175	28.929	28.784	27.688	29.739	29.743	27.572	27.410	24.265	22.303	23.297	19.767	17.804	16.661	15.657	13.804	11.901	11.218	9.991	7.880	6.354	6.228	4.407	2.033	2.571	3.278	1.350	0.997	1.350	3.335	2.596	2.052	4.295	6.110	6.727	8.119	9.957	11.290	12.639	14.943	18.627	21.126	19.401	23.050	25.072	25.106	33.086	29.555	26.744	24.697	22.163	20.899	19.766	16.744	15.516	17.066	14.799	10.737	12.931	13.956	10.785	9.057	12.722	12.597	5.918	11.093	13.781	10.922	8.143	13.987	16.005	13.635	13.856	18.068	18.343	15.050	20.789	20.330	21.395	35.944	33.757	30.669	26.522	26.921	24.872	25.538	23.392	20.581	21.181	21.347	17.705	15.948	18.836	17.387	12.450	14.092	16.892	14.136	10.222	13.637	14.685	9.769	10.095	13.321	13.495	7.804	11.656	14.410	12.601	13.612	15.383	17.517
30.535	33.196	33.130	31.616	33.616	33.357	30.863	30.258	27.124	24.347	25.244	21.581	20.147	18.753	17.141	15.722	14.277	12.711	11.325	9.980	8.219	6.759	6.034	4.304	1.993	2.636	3.290	1.350	0.997	1.351	3.218	2.701	2.021	4.292	6.078	6.870	7.969	9.831	11.463	13.364	17.095	19.191	17.285	21.110	23.073	23.194	34.056	30.364	27.618	24.770	22.477	20.830	20.368	17.580	15.194	16.918	15.587	11.547	12.157	14.117	11.459	8.321	12.137	13.409	6.696	10.244	13.607	12.490	7.812	13.249	15.749	13.811	12.829	17.282	18.864	15.140	20.385	19.342	20.587	36.247	33.714	30.547	26.012	25.884	23.446	23.614	21.834	19.071	18.931	18.932	15.930	13.773	15.585	14.418	10.336	10.482	13.125	10.995	6.448	9.598	11.505	7.296	6.645	9.958	10.683	5.370	8.513	11.384	10.631	11.481	13.450	15.096
31.582	34.068	34.193	32.578	34.787	34.532	31.907	31.393	28.505	24.878	26.443	22.615	21.504	20.334	18.331	16.784	15.919	14.285	12.302	11.316	10.183	8.055	6.596	6.112	4.240	1.922	2.728	3.335	1.351	0.997	1.350	3.278	2.558	1.911	4.192	6.117	6.533	7.657	9.744	11.799	15.490	17.814	16.542	20.672	22.884	22.781	34.619	31.186	28.194	25.544	22.700	20.478	19.531	17.198	15.471	15.609	14.035	10.936	10.828	11.450	8.539	6.303	9.010	9.393	3.037	5.893	9.082	8.462	3.767	8.817	11.359	10.157	9.332	13.532	15.211	11.741	17.084	15.900	17.935	36.642	34.042	31.173	26.265	26.680	24.684	24.433	22.241	19.952	19.979	19.203	16.101	15.082	16.054	13.992	10.297	11.822	12.555	9.515	6.788	9.613	9.438	4.377	5.227	8.377	7.843	2.781	7.001	9.548	7.185	8.903	11.104	13.551
30.093	32.552	32.696	31.429	33.800	33.812	31.404	31.373	28.575	25.549	27.411	23.573	22.014	21.424	19.715	17.498	16.601	15.811	13.708	11.743	11.372	9.972	7.690	6.385	5.986	4.087	1.835	2.596	3.218	1.350	0.960	1.351	3.295	2.816	2.048	4.473	6.137	6.622	8.107	10.587	14.227	16.969	15.838	19.703	22.010	21.873	36.538	33.153	30.155	27.972	25.145	23.300	21.990	19.389	18.196	18.612	16.364	13.355	14.124	14.205	10.808	9.426	12.237	11.409	4.802	8.917	11.762	8.717	4.707	10.253	12.310	9.299	9.109	13.404	14.197	10.446	16.108	15.554	16.458	39.082	36.716	33.778	29.169	29.604	27.553	27.644	25.477	22.966	23.168	22.712	19.482	18.130	19.612	17.758	13.723	15.058	16.301	13.384	10.197	12.992	12.816	8.075	8.422	11.483	10.681	4.951	8.984	11.631	8.638	9.262	10.874	13.555
33.014	35.673	35.720	34.505	36.755	36.725	34.370	34.138	31.126	28.374	29.656	25.927	24.363	23.238	21.676	19.932	18.561	17.332	15.740	14.024	12.662	11.452	9.924	7.995	6.746	6.025	4.289	2.052	2.701	3.278	1.351	0.997	1.351	3.309	2.605	2.198	4.446	6.176	7.013	9.091	12.814	15.165	13.439	17.131	19.275	19.381	38.749	35.191	32.321	29.880	27.316	25.596	24.594	21.876	20.262	21.138	19.197	15.786	16.542	17.056	13.827	12.035	14.868	14.607	7.930	11.489	14.535	12.427	7.624	13.222	15.435	12.439	11.680	16.308	17.178	12.895	17.703	17.435	16.673	41.206	38.801	35.732	31.210	31.324	28.913	29.065	27.253	24.554	24.328	24.251	21.264	19.198	20.614	19.343	15.527	15.402	17.305	14.940	11.100	13.166	13.993	9.900	9.010	11.610	11.555	6.215	7.682	11.205	10.392	9.228	10.340	11.953
35.438	38.071	38.132	36.770	38.989	38.847	36.378	35.928	32.919	29.608	30.913	27.155	25.970	24.671	22.766	21.374	20.209	18.589	16.849	15.704	14.211	12.415	11.216	9.897	7.875	6.609	6.084	4.295	2.021	2.558	3.295	1.351	0.997	1.351	3.236	2.634	2.039	4.323	6.015	7.516	11.244	13.289	11.606	15.679	17.691	17.792	38.530	34.973	32.158	28.949	26.436	24.023	23.545	21.443	18.998	19.206	18.312	15.156	14.123	15.150	12.898	9.626	11.848	13.385	8.056	8.225	12.102	12.513	6.755	11.245	14.025	12.067	9.566	14.550	16.397	11.985	15.969	15.193	15.243	40.064	37.277	34.352	29.279	29.151	26.726	26.051	24.404	22.181	21.279	20.540	18.047	16.363	16.340	14.876	12.039	11.415	11.601	9.487	6.556	6.874	7.394	4.642	2.505	4.614	5.966	2.422	2.663	6.048	6.657	6.174	7.640	9.175
35.168	37.531	37.824	36.678	39.209	39.259	36.786	36.680	33.936	30.315	32.170	28.306	27.124	26.144	24.151	22.381	21.595	20.158	18.074	16.839	15.875	13.960	12.040	11.281	9.776	7.702	6.639	6.110	4.292	1.911	2.816	3.309	1.351	0.976	1.350	3.218	2.424	1.854	4.089	6.226	9.836	12.421	11.877	16.058	18.539	18.263	40.388	37.005	34.003	31.397	28.511	26.092	24.862	22.807	21.224	20.744	19.021	16.392	15.782	15.423	12.643	10.564	12.036	11.656	7.177	7.156	9.764	8.146	3.139	6.042	8.206	5.242	2.326	6.999	8.040	3.001	8.080	7.491	10.073	42.393	39.804	36.993	32.012	32.387	30.221	29.847	27.819	25.552	25.219	24.414	21.553	20.266	20.726	18.771	15.752	16.095	16.165	13.313	10.944	11.981	10.806	7.600	7.155	8.168	5.933	2.335	4.429	6.166	2.560	3.567	5.656	8.682
35.695	38.227	38.385	37.493	39.992	40.197	37.951	38.022	35.175	32.120	33.816	29.992	28.534	27.630	25.881	23.976	22.909	21.754	19.826	18.177	17.190	15.740	13.831	12.355	11.274	9.683	7.793	6.727	6.078	4.192	2.048	2.605	3.236	1.350	0.997	1.349	3.272	2.810	2.381	4.995	8.500	11.373	10.596	14.323	16.816	16.650	42.569	39.124	36.151	33.683	30.882	28.772	27.607	25.223	23.732	23.762	21.871	19.014	18.938	18.803	15.736	14.043	15.945	15.220	9.779	11.346	14.262	12.296	6.989	11.696	13.944	10.502	8.580	13.462	14.120	8.724	13.224	13.491	11.802	44.823	42.318	39.403	34.593	34.897	32.703	32.474	30.471	28.083	27.828	27.167	24.256	22.849	23.470	21.659	18.434	18.761	19.037	16.376	13.681	14.726	14.332	10.897	9.934	11.793	10.654	5.801	7.317	10.102	8.176	6.722	6.688	9.049
38.591	41.201	41.323	40.241	42.623	42.669	40.334	40.182	37.228	34.257	35.662	31.898	30.457	29.291	27.605	25.943	24.678	23.294	21.619	20.109	18.720	17.223	15.777	14.138	12.538	11.347	9.958	8.119	6.870	6.117	4.473	2.198	2.634	3.218	1.349	0.997	1.349	3.189	2.572	3.163	6.882	9.005	7.675	11.679	14.016	14.032	44.315	40.744	37.888	35.103	32.556	30.448	29.583	27.165	25.251	25.608	23.997	20.952	20.664	20.941	18.015	15.959	17.925	17.687	12.223	13.320	16.466	14.923	9.369	13.846	16.286	13.126	10.532	15.590	16.919	11.590	14.780	14.640	12.143	46.363	43.752	40.733	35.870	35.710	33.171	32.719	31.141	28.732	27.881	27.354	24.838	22.970	23.083	21.784	18.860	18.032	18.368	16.431	13.392	13.478	13.963	11.257	8.915	10.572	11.004	6.614	5.096	9.218	8.706	5.929	5.811	6.346
40.244	42.783	42.991	41.740	44.160	44.113	41.623	41.358	38.546	34.854	36.620	32.770	31.681	30.578	28.542	26.927	26.086	24.523	22.510	21.406	20.211	18.278	16.518	15.697	13.920	12.138	11.223	9.957	7.969	6.533	6.137	4.446	2.039	2.424	3.272	1.349	0.997	1.347	2.989	3.060	5.899	8.140	7.757	12.154	14.510	14.286	44.352	40.923	37.983	35.000	32.265	29.699	28.838	26.885	24.854	24.446	23.168	20.407	19.317	19.326	16.902	14.308	15.541	15.745	11.747	10.400	13.698	12.863	7.217	10.333	13.185	11.103	7.285	12.349	14.332	9.777	11.776	11.269	9.944	45.974	43.205	40.395	35.221	35.305	33.020	32.177	30.426	28.385	27.493	26.448	24.034	22.587	22.234	20.515	18.019	17.363	16.826	14.707	12.257	11.708	11.353	8.911	6.701	7.344	6.975	3.745	2.471	4.869	4.705	2.290	2.115	4.385
39.323	41.657	42.014	41.099	43.769	43.982	41.605	41.770	39.151	35.565	37.760	33.863	32.604	31.884	29.909	27.855	27.215	25.986	23.814	22.361	21.598	19.835	17.518	16.806	15.536	13.574	12.013	11.290	9.831	7.657	6.622	6.176	4.323	1.854	2.810	3.189	1.347	0.976	1.351	3.103	5.200	8.393	9.092	13.046	15.595	15.087	45.964	42.671	39.616	37.071	34.090	31.576	30.224	28.291	26.782	26.065	24.276	21.866	21.075	20.317	17.700	15.578	16.156	15.481	12.065	11.171	12.029	10.674	6.671	7.618	8.918	6.161	2.661	6.287	6.986	2.585	4.035	4.105	5.972	47.926	45.319	42.578	37.507	37.889	35.734	35.104	33.144	31.033	30.467	29.451	26.796	25.527	25.487	23.566	20.935	20.713	20.253	17.781	15.473	15.343	14.534	11.797	10.276	10.810	9.122	6.241	6.106	6.969	3.268	2.475	1.917	5.598
41.678	44.232	44.466	43.585	46.140	46.327	44.025	44.096	41.297	38.098	39.887	36.049	34.649	33.714	31.917	30.052	29.025	27.783	25.853	24.298	23.236	21.682	19.854	18.464	17.156	15.549	13.909	12.639	11.463	9.744	8.107	7.013	6.015	4.089	2.381	2.572	2.989	1.351	0.996	1.352	3.042	6.238	5.864	8.843	11.380	11.301	48.360	44.925	41.959	39.303	36.500	34.145	33.046	30.886	29.206	28.901	27.241	24.515	23.868	23.608	20.858	18.702	19.981	19.470	15.166	14.974	17.486	15.629	10.586	13.668	15.939	12.868	9.350	14.120	15.213	9.458	11.717	11.925	7.615	50.371	47.747	44.889	39.886	40.093	37.820	37.258	35.403	33.191	32.551	31.670	29.049	27.606	27.588	25.833	23.132	22.709	22.395	20.090	17.600	17.363	16.866	14.194	12.328	12.933	12.164	8.753	7.531	10.297	8.327	5.715	3.661	5.551
44.415	46.923	47.164	46.168	48.722	48.847	46.492	46.474	43.678	40.314	42.074	38.239	36.953	35.927	34.038	32.295	31.320	29.917	27.979	26.609	25.464	23.731	22.008	20.801	19.246	17.584	16.249	14.943	13.364	11.799	10.587	9.091	7.516	6.226	4.995	3.163	3.060	3.103	1.352	0.997	1.348	3.710	4.151	7.724	10.457	10.232	50.250	46.805	43.859	41.022	38.267	35.788	34.821	32.774	30.895	30.513	29.073	26.335	25.400	25.245	22.701	20.273	21.392	21.200	17.233	16.187	18.870	17.362	12.323	14.648	17.205	14.512	10.381	14.865	16.246	10.999	11.691	11.332	7.634	52.045	49.339	46.507	41.399	41.501	39.172	38.415	36.679	34.568	33.694	32.718	30.291	28.783	28.451	26.789	24.278	23.517	22.971	20.953	18.515	17.718	17.309	15.090	12.839	12.823	12.551	9.577	6.590	9.453	8.700	5.749	2.749	2.786
47.275	49.713	50.011	49.167	51.857	52.087	49.793	49.907	47.175	43.779	45.622	41.776	40.506	39.535	37.637	35.827	34.928	33.566	31.596	30.212	29.121	27.398	25.516	24.445	22.947	21.264	19.891	18.627	17.095	15.490	14.227	12.814	11.244	9.836	8.500	6.882	5.899	5.200	3.042	1.348	0.995	1.350	3.394	6.063	8.495	8.060	53.719	50.313	47.328	44.427	41.649	39.020	38.044	36.163	34.242	33.616	32.270	29.658	28.458	28.157	25.818	23.249	23.958	23.825	20.398	18.719	20.821	19.430	14.976	16.346	18.361	15.607	11.642	15.481	16.299	11.668	10.774	9.663	5.061	55.372	52.579	49.806	44.587	44.688	42.365	41.393	39.731	37.773	36.711	35.582	33.345	31.856	31.210	29.570	27.298	26.300	25.477	23.682	21.451	20.181	19.670	17.904	15.564	14.918	14.727	12.329	8.721	10.975	10.471	7.520	3.419	2.672
50.487	53.005	53.342	52.327	54.918	55.074	52.661	52.580	49.816	46.148	47.934	44.088	43.001	41.862	39.838	38.243	37.397	35.781	33.838	32.726	31.483	29.535	27.807	26.989	25.157	23.459	22.463	21.126	19.191	17.814	16.969	15.165	13.289	12.421	11.373	9.005	8.140	8.393	6.238	3.710	1.350	0.997	1.341	3.360	5.700	5.562	55.435	52.017	49.144	45.975	43.319	40.547	39.781	38.065	35.878	35.179	34.169	31.559	30.030	29.900	27.872	25.024	25.454	25.848	22.651	20.208	22.555	21.781	17.267	17.964	20.387	18.164	13.549	16.995	18.631	14.689	13.063	11.168	7.620	56.763	53.876	51.151	45.848	45.795	43.413	42.188	40.709	38.914	37.561	36.320	34.383	32.825	31.815	30.322	28.323	26.981	25.917	24.522	22.453	20.665	20.239	19.113	16.547	15.236	15.678	13.975	8.851	10.916	12.056	9.088	5.489	2.207
49.567	52.239	52.492	51.382	53.870	53.908	51.509	51.199	48.276	44.806	46.192	42.434	41.339	39.924	37.991	36.687	35.593	33.776	32.105	31.117	29.538	27.588	26.415	25.320	23.168	21.794	21.130	19.401	17.285	16.542	15.838	13.439	11.606	11.877	10.596	7.675	7.757	9.092	5.864	4.151	3.394	1.341	1.080	1.349	3.886	5.077	53.708	50.136	47.433	44.085	41.673	39.120	38.633	36.691	34.211	34.123	33.232	30.312	28.964	29.362	27.199	24.318	25.250	26.009	22.114	20.096	23.422	22.673	17.458	19.217	22.109	19.955	15.305	19.627	21.365	16.676	16.430	15.438	11.596	55.041	52.187	49.301	44.172	43.800	41.197	40.129	38.860	36.858	35.379	34.469	32.566	30.678	29.802	28.675	26.443	24.839	24.261	23.100	20.625	18.979	19.264	17.981	15.027	14.207	15.563	13.425	6.988	11.084	12.876	9.834	6.704	3.609
53.119	55.866	56.088	55.094	57.550	57.654	55.317	55.020	52.018	48.827	49.990	46.293	45.107	43.571	41.786	40.558	39.271	37.447	35.982	34.923	33.152	31.361	30.418	29.037	26.840	25.764	25.061	23.050	21.110	20.672	19.703	17.131	15.679	16.058	14.323	11.679	12.154	13.046	8.843	7.724	6.063	3.360	1.349	0.997	1.345	3.241	57.606	53.970	51.353	47.948	45.691	43.246	42.859	40.834	38.211	38.384	37.524	34.512	33.219	33.764	31.561	28.657	29.694	30.467	26.395	24.592	27.917	27.058	21.877	23.716	26.502	24.149	19.694	23.911	25.389	20.629	20.168	18.922	14.516	58.933	56.101	53.161	48.109	47.568	44.824	43.804	42.706	40.632	39.024	38.282	36.481	34.409	33.524	32.633	30.379	28.532	28.165	27.228	24.648	22.900	23.507	22.316	19.261	18.285	20.052	17.926	11.040	15.274	17.405	14.349	11.130	7.864
55.180	58.050	58.232	57.241	59.588	59.677	57.285	56.927	53.854	50.738	51.741	48.118	46.954	45.282	43.537	42.457	41.088	39.154	37.826	36.865	34.944	33.148	32.402	31.010	28.674	27.747	27.216	25.072	23.073	22.884	22.010	19.275	17.691	18.539	16.816	14.016	14.510	15.595	11.380	10.457	8.495	5.700	3.886	1.345	0.960	1.345	59.127	55.469	52.958	49.423	47.307	44.887	44.652	42.642	39.788	40.161	39.467	36.394	34.982	35.780	33.678	30.604	31.620	32.698	28.595	26.657	30.067	29.431	24.267	25.953	28.763	26.536	21.997	26.101	27.637	23.075	22.369	20.830	16.519	60.294	57.462	54.529	49.518	48.833	46.005	44.933	43.999	41.950	40.181	39.503	37.869	35.689	34.684	33.984	31.823	29.748	29.429	28.754	26.179	24.157	25.066	24.147	20.983	19.639	21.987	20.064	12.686	16.696	19.600	16.637	13.493	9.866
54.764	57.624	57.914	56.956	59.326	59.485	57.057	56.785	53.773	50.592	51.720	48.058	46.904	45.333	43.552	42.369	41.100	39.235	37.816	36.816	35.027	33.232	32.284	31.002	28.791	27.747	27.104	25.106	23.194	22.781	21.873	19.381	17.792	18.263	16.650	14.032	14.286	15.087	11.301	10.232	8.060	5.562	5.077	3.241	1.345	0.996	59.028	55.424	52.882	49.414	47.239	44.769	44.448	42.498	39.765	39.947	39.207	36.219	34.812	35.445	33.363	30.328	31.240	32.180	28.250	26.267	29.396	28.735	23.751	25.236	27.886	25.639	21.175	25.073	26.546	22.147	21.206	19.479	15.275	60.229	57.404	54.503	49.472	48.900	46.155	45.054	44.046	42.054	40.351	39.581	37.925	35.858	34.840	34.031	31.937	29.943	29.524	28.763	26.304	24.262	24.969	24.067	21.052	19.664	21.645	19.789	12.992	16.449	19.030	16.116	12.878	9.443
28.164	28.878	27.756	24.114	23.319	21.069	18.291	13.916	13.727	11.072	8.827	10.121	13.957	15.167	12.877	15.414	18.699	18.688	17.267	21.662	23.754	22.725	24.928	27.378	28.645	26.127	29.833	33.086	34.056	34.619	36.538	38.749	38.530	40.388	42.569	44.315	44.352	45.964	48.360	50.250	53.719	55.435	53.708	57.606	59.127	59.028	1.036	1.351	3.686	6.478	9.476	10.993	13.173	13.435	15.649	17.420	18.699	20.000	22.011	23.217	25.028	27.330	27.966	28.182	30.775	32.925	33.805	33.828	36.471	38.606	38.605	40.693	42.741	44.039	44.856	45.868	51.024	48.724	54.694	2.026	4.734	5.221	7.975	11.386	11.758	15.341	14.346	12.466	17.706	19.497	16.977	20.119	23.226	24.232	24.164	26.561	28.708	27.328	29.470	32.642	33.012	31.335	35.354	37.813	37.293	36.777	40.760	42.497	39.914	44.838	48.598	50.194
26.920	27.956	26.868	23.296	22.728	20.519	17.609	13.347	12.318	9.479	6.979	7.692	11.540	12.194	9.334	12.409	15.623	14.834	13.790	18.341	20.314	18.869	21.501	23.941	24.891	22.632	26.639	29.555	30.364	31.186	33.153	35.191	34.973	37.005	39.124	40.744	40.923	42.671	44.925	46.805	50.313	52.017	50.136	53.970	55.469	55.424	1.351	0.960	1.347	3.236	6.565	8.264	10.789	10.562	12.461	14.610	16.086	16.873	18.856	20.662	22.225	24.302	25.389	25.807	27.922	30.051	31.329	31.200	33.481	35.879	36.298	38.044	39.964	41.504	42.362	42.987	48.292	46.063	51.732	4.810	4.968	2.933	5.270	8.583	8.425	12.101	11.349	8.629	13.972	15.992	13.792	16.259	19.518	20.743	20.649	22.804	25.141	24.236	25.894	29.065	29.880	28.170	31.895	34.394	34.200	33.526	37.406	39.289	36.982	41.640	45.348	46.835
25.104	26.129	25.140	21.614	21.254	19.085	16.017	11.956	10.692	7.400	5.076	5.013	9.122	10.202	7.019	9.595	12.996	12.757	10.683	15.425	17.642	16.410	18.500	21.031	22.397	19.691	23.534	26.744	27.618	28.194	30.155	32.321	32.158	34.003	36.151	37.888	37.983	39.616	41.959	43.859	47.328	49.144	47.433	51.353	52.958	52.882	3.686	1.347	0.960	1.349	3.473	6.105	7.872	7.332	9.457	11.525	12.785	13.649	15.816	17.368	18.883	21.069	22.093	22.441	24.629	26.783	28.008	27.909	30.229	32.573	32.959	34.733	36.684	38.190	39.045	39.746	45.021	42.774	48.520	7.066	5.969	4.060	5.323	9.179	9.220	12.532	10.685	7.346	13.261	15.160	11.725	14.359	18.052	19.010	18.114	20.865	23.171	21.481	23.269	26.693	27.393	25.190	29.161	31.722	31.204	30.449	34.501	36.386	33.786	38.583	42.295	43.951
27.350	28.760	27.901	24.463	24.411	22.374	19.268	15.455	13.655	9.614	7.749	6.275	10.479	10.848	6.157	9.604	12.916	10.690	8.673	14.378	16.411	13.746	16.619	19.392	20.091	16.596	21.990	24.697	24.770	25.544	27.972	29.880	28.949	31.397	33.683	35.103	35.000	37.071	39.303	41.022	44.427	45.975	44.085	47.948	49.423	49.414	6.478	3.236	1.349	0.997	1.348	2.761	5.562	6.265	6.575	8.788	10.853	11.828	12.672	15.102	16.889	18.589	19.500	20.902	22.749	24.410	26.007	26.677	28.133	30.509	31.616	33.173	34.744	36.348	37.637	38.039	43.357	40.803	46.303	8.359	6.212	3.101	2.422	4.599	4.244	7.150	5.770	2.384	7.794	9.798	7.235	9.843	13.087	14.218	14.139	16.387	18.611	17.805	19.533	22.576	23.352	21.935	25.549	27.982	27.972	27.604	31.216	33.029	31.169	35.648	39.477	40.703
25.517	26.883	26.153	22.848	23.230	21.427	18.052	15.027	13.120	7.169	7.757	4.755	9.064	10.391	5.638	6.694	10.961	10.452	6.392	12.002	14.466	12.413	13.761	16.918	18.348	13.964	18.840	22.163	22.477	22.700	25.145	27.316	26.436	28.511	30.882	32.556	32.265	34.090	36.500	38.267	41.649	43.319	41.673	45.691	47.307	47.239	9.476	6.565	3.473	1.348	0.960	1.337	2.557	2.456	3.501	5.386	6.975	8.313	9.719	11.534	13.173	15.265	16.252	16.814	19.076	21.014	22.291	22.677	24.735	26.904	27.492	29.303	31.140	32.584	33.645	34.439	39.630	37.161	42.947	11.361	9.204	6.650	4.431	8.008	8.019	10.601	6.798	3.499	9.467	10.838	6.008	9.152	12.793	13.317	12.056	15.114	17.284	15.236	17.318	20.680	21.227	19.081	23.122	25.625	25.099	24.624	28.522	30.316	27.915	32.684	36.514	38.031
28.834	30.406	29.870	26.573	27.176	25.386	22.053	19.064	17.153	10.925	11.681	8.589	12.748	13.304	7.745	8.982	13.396	11.462	6.887	12.685	15.065	12.297	12.606	16.324	17.774	11.882	17.392	20.899	20.830	20.478	23.300	25.596	24.023	26.092	28.772	30.448	29.699	31.576	34.145	35.788	39.020	40.547	39.120	43.246	44.887	44.769	10.993	8.264	6.105	2.761	1.337	1.080	1.351	3.287	2.646	2.047	4.369	6.251	6.906	8.288	10.461	12.488	12.763	14.242	16.414	18.024	19.201	20.404	22.132	23.945	25.070	26.734	28.373	29.709	31.120	31.948	37.019	34.220	40.101	11.667	8.743	6.378	2.346	5.731	6.847	7.755	3.066	2.576	7.454	7.956	2.780	7.773	10.635	10.528	9.619	12.958	14.704	11.905	14.854	18.039	17.856	15.993	20.355	22.720	21.897	21.856	25.673	27.201	24.810	29.749	33.706	35.161
