0.995	1.348	2.607	5.844	5.781	10.339	11.972	11.886	16.579	18.313	18.548	18.453	15.182	13.609	14.846	15.208	9.149	13.194	16.277	15.807	13.410	16.984	19.727	17.441	17.505	22.475	24.085	21.140	25.127	27.735	27.650	28.213	31.082	32.255	32.137	34.148	36.608	36.840	35.449	40.037	37.044	38.145	43.665	45.451	48.281	49.830	17.911	14.403	16.150	15.241	15.790	19.656	18.307	17.586	21.790	21.392	20.879	23.024	25.515	23.488	25.342	27.771	29.169	27.689	28.877	32.859	34.128	32.274	34.575	38.224	37.996	39.027	41.516	43.631	42.493	44.040	47.928	46.512	52.524	22.944	21.917	19.276	20.546	22.852	20.224	24.748	26.223	20.477	23.889	27.126	26.709	23.117	27.636	30.126	27.544	28.060	32.515	32.688	30.747	33.619	36.692	35.933	36.113	39.304	41.174	39.874	42.061	44.681	45.086	46.051	47.649	50.941
1.348	0.960	1.347	4.038	2.281	6.813	9.651	9.771	13.608	16.200	17.515	17.770	14.039	12.891	14.828	14.847	10.027	14.154	16.976	16.733	15.065	18.834	21.177	19.507	20.065	24.502	25.959	23.625	27.534	29.999	29.900	30.932	33.626	34.394	34.717	36.834	39.194	39.356	38.234	42.757	40.062	41.334	46.654	48.418	51.279	52.804	19.622	16.062	17.993	17.338	16.552	20.134	18.887	19.223	22.932	21.915	22.086	24.443	26.575	24.087	26.525	29.087	29.828	28.650	30.687	34.111	35.066	33.842	36.357	39.549	39.139	40.717	43.135	45.049	43.817	45.963	49.827	48.411	54.333	24.755	23.170	20.336	22.939	25.052	22.778	27.119	27.987	22.178	26.595	29.479	28.467	25.512	30.388	32.507	29.619	30.985	35.098	34.562	32.990	36.284	39.101	37.872	38.477	41.707	43.349	41.794	44.380	46.990	46.922	48.184	49.966	53.259
2.607	1.347	0.997	1.349	2.962	6.718	9.802	11.774	14.587	17.648	18.964	20.074	16.523	14.575	16.659	17.551	13.023	16.160	19.270	19.822	17.848	20.740	23.716	22.635	22.193	26.885	28.741	26.424	29.921	32.478	32.851	33.357	35.996	37.261	37.543	39.343	41.757	42.348	40.937	45.326	42.130	42.770	48.596	50.207	52.885	54.581	18.293	15.264	17.732	17.516	17.366	20.902	20.386	20.399	24.259	23.801	24.182	26.320	28.551	26.729	29.001	31.452	32.494	31.743	33.259	36.751	38.017	36.965	38.915	42.357	42.387	43.742	45.920	48.005	47.141	48.762	52.815	51.750	57.540	23.365	22.300	19.978	21.929	24.499	22.515	26.854	28.214	22.734	26.649	29.732	29.371	26.373	30.858	33.249	31.244	31.918	36.104	36.165	34.780	37.775	40.615	39.874	40.572	43.567	45.305	44.256	46.610	48.987	49.418	50.672	52.303	55.793
5.844	4.038	1.349	0.997	1.348	3.868	6.921	9.927	11.747	15.178	17.045	18.996	15.471	13.137	16.079	17.086	14.018	16.446	19.435	20.597	18.973	21.502	24.429	24.253	23.700	27.930	29.843	28.225	31.359	33.763	34.393	35.227	37.504	38.614	39.488	41.224	43.485	44.290	43.159	47.292	44.307	44.753	50.596	52.033	54.613	56.407	16.298	14.113	17.009	17.518	16.761	19.899	19.950	20.541	24.068	23.431	24.309	26.562	28.500	26.697	29.360	31.815	32.406	32.278	34.113	37.148	38.304	37.960	39.688	42.870	43.071	44.696	46.649	48.653	48.002	49.769	53.920	53.174	58.702	21.150	20.271	18.424	20.891	23.615	22.448	26.474	27.661	22.540	26.930	29.802	29.260	26.966	31.485	33.653	31.871	33.071	36.872	36.522	35.568	38.920	41.457	40.460	41.699	44.593	46.104	45.084	47.715	49.971	50.155	51.707	53.477	57.084
5.781	2.281	2.962	1.348	0.997	1.350	4.042	6.271	8.908	11.952	13.669	15.234	11.423	9.675	12.752	13.141	10.322	13.481	16.065	16.706	15.735	18.975	21.181	20.916	21.460	25.123	26.615	25.414	28.773	30.986	31.143	32.719	34.994	35.382	36.568	38.622	40.789	41.182	40.443	44.645	42.232	43.193	48.562	50.094	52.791	54.463	16.496	13.679	16.000	16.299	14.421	17.349	17.081	18.390	21.479	20.198	21.242	23.680	25.345	22.940	25.959	28.544	28.571	28.252	30.916	33.610	34.355	34.155	36.466	39.210	38.926	41.019	43.148	44.892	43.828	46.421	50.387	49.315	54.898	21.305	19.525	17.068	20.686	22.845	21.590	25.495	25.921	20.744	25.740	28.417	27.116	25.326	30.087	31.955	29.527	31.577	35.133	33.985	33.191	36.951	39.315	37.699	39.199	42.244	43.473	42.012	45.041	47.467	46.974	48.745	50.710	54.179
10.339	6.813	6.718	3.868	1.350	0.997	1.344	3.870	6.105	9.102	11.087	12.996	9.631	7.437	10.837	11.655	11.303	12.867	15.036	16.512	16.329	18.671	20.731	21.878	22.095	25.026	26.584	26.651	29.175	31.097	31.702	33.541	35.239	35.564	37.688	39.490	41.408	42.265	41.925	45.590	43.347	43.819	49.230	50.508	53.019	54.823	16.434	13.823	15.790	16.111	13.368	15.988	15.570	17.523	20.152	18.446	19.924	22.485	23.694	21.471	24.853	27.383	26.982	27.502	30.282	32.438	33.158	33.893	35.688	38.169	38.306	40.520	42.335	44.016	43.420	45.918	50.070	49.651	54.727	20.989	18.953	16.464	20.613	22.492	21.418	25.121	24.956	19.943	25.260	27.810	25.949	24.861	29.580	31.221	28.759	31.333	34.559	32.817	32.510	36.545	38.636	36.650	38.833	41.718	42.564	41.263	44.554	46.854	46.046	48.206	50.295	53.956
11.972	9.651	9.802	6.921	4.042	1.344	0.997	1.347	2.848	5.986	7.581	10.449	7.954	4.883	8.569	10.226	10.882	11.267	13.545	15.467	15.666	16.999	19.391	21.011	20.905	23.607	25.361	25.910	27.880	29.711	30.745	32.467	33.623	34.350	36.790	38.402	40.201	41.359	41.162	44.520	42.169	42.078	47.710	48.761	51.058	53.018	11.468	9.381	11.370	12.501	9.787	11.742	12.613	14.670	17.047	15.886	17.638	20.188	21.102	19.616	23.031	25.376	24.897	26.070	28.600	30.407	31.329	32.585	33.840	36.322	36.861	39.009	40.517	42.273	42.087	44.243	48.579	48.603	53.376	15.752	13.362	11.126	15.465	17.423	17.202	20.428	20.303	16.022	21.273	23.752	22.140	21.931	26.221	27.792	26.301	28.660	31.616	29.989	30.180	34.150	36.005	34.215	36.817	39.483	40.184	39.312	42.569	44.542	43.969	46.302	48.396	52.240
11.886	9.771	11.774	9.927	6.271	3.870	1.347	0.997	1.341	2.423	4.698	5.921	2.521	2.305	5.419	5.635	6.607	8.310	9.833	11.118	12.070	14.283	15.458	16.969	18.147	20.248	21.208	22.342	24.606	26.221	26.627	28.942	30.519	30.224	32.958	34.884	36.596	37.337	37.491	40.902	39.151	39.793	44.781	46.063	48.574	50.300	15.843	13.013	13.923	13.938	9.901	11.992	10.979	13.519	15.660	12.934	14.719	17.384	17.851	15.082	19.063	21.637	20.195	21.131	24.477	26.260	26.424	27.825	29.895	31.829	31.746	34.330	36.196	37.594	36.919	40.017	44.089	43.748	48.558	20.139	16.839	14.065	18.914	20.039	19.139	22.468	21.128	16.557	22.179	24.477	21.572	21.219	25.985	27.281	24.094	27.394	30.412	27.767	27.712	31.999	33.926	31.261	33.846	36.782	37.176	35.596	39.276	41.655	40.149	42.641	44.869	48.454
16.579	13.608	14.587	11.747	8.908	6.105	2.848	1.341	1.080	1.347	2.867	6.224	5.339	4.675	8.167	9.658	11.618	12.964	13.195	15.587	17.237	18.462	19.473	21.539	22.812	24.219	25.133	27.174	28.908	30.117	30.982	33.376	34.097	33.918	37.395	39.257	40.656	41.669	42.251	45.194	43.547	43.593	48.552	49.542	51.733	53.606	16.789	14.891	15.771	16.048	11.486	12.718	13.054	15.778	17.163	14.463	17.097	19.764	19.081	17.598	21.780	23.999	21.946	24.111	27.274	28.207	28.576	30.862	32.399	33.981	34.486	37.075	38.558	39.874	39.809	42.662	46.953	47.260	51.487	20.326	16.646	14.640	19.650	20.805	20.646	23.403	21.419	17.925	23.610	25.638	22.234	23.573	27.856	28.768	26.515	29.906	32.441	29.190	30.177	34.494	35.811	33.055	36.514	39.227	39.015	37.982	41.838	43.856	42.124	45.118	47.456	51.253
18.313	16.200	17.648	15.178	11.952	9.102	5.986	2.423	1.347	0.997	1.345	2.707	2.430	2.290	4.786	6.326	9.098	10.325	9.294	12.171	14.382	15.299	15.418	18.032	19.696	20.531	20.767	23.714	25.364	26.075	26.863	29.649	30.306	29.137	33.341	35.378	36.374	37.252	38.496	41.077	39.893	40.189	44.669	45.771	48.010	49.692	18.171	15.716	15.406	14.852	9.842	11.258	10.259	13.117	14.510	11.093	13.694	16.375	14.873	12.635	17.405	19.572	15.874	18.406	22.072	22.694	22.167	25.077	27.193	27.902	28.034	31.134	32.810	33.550	33.322	37.021	41.151	41.375	45.318	21.686	17.608	14.977	19.969	20.252	19.621	22.473	19.984	16.199	21.907	23.877	19.986	21.013	25.490	26.306	23.284	27.025	29.604	25.694	26.703	31.129	32.355	28.831	32.525	35.323	34.572	33.025	37.344	39.504	36.782	40.130	42.591	46.085
18.548	17.515	18.964	17.045	13.669	11.087	7.581	4.698	2.867	1.345	1.080	1.346	3.157	2.387	2.395	4.784	7.733	7.772	6.729	9.901	12.091	12.324	13.210	15.585	16.975	17.717	18.794	21.216	22.556	23.597	24.780	27.083	27.501	27.475	31.117	32.904	34.182	35.387	36.210	38.805	37.174	37.136	42.006	42.987	45.199	47.079	15.348	13.320	12.520	11.735	6.789	7.301	6.941	9.819	10.992	7.960	10.469	13.152	12.704	11.304	15.206	17.444	16.093	18.041	20.862	21.940	22.736	24.708	25.938	27.849	28.671	30.903	32.281	33.830	34.053	36.302	40.665	41.222	45.424	18.190	13.921	11.486	16.293	16.321	15.962	18.539	15.772	12.532	18.205	20.017	16.139	17.597	21.947	22.693	20.020	23.634	26.177	22.782	23.626	27.993	29.389	26.584	29.935	32.671	32.554	31.499	35.277	37.359	35.769	38.629	40.935	44.770
18.453	17.770	20.074	18.996	15.234	12.996	10.449	5.921	6.224	2.707	1.346	1.080	1.349	3.075	2.543	2.691	5.848	7.111	4.526	7.485	10.039	11.014	10.822	13.246	15.253	15.910	16.318	19.017	20.687	21.567	22.332	24.982	25.746	24.966	28.817	30.788	31.993	32.954	33.911	36.605	35.312	35.705	40.184	41.298	43.561	45.298	18.893	16.280	14.820	13.294	8.405	8.810	6.758	9.635	10.437	6.433	9.179	11.808	10.528	8.412	12.937	15.162	12.456	14.744	18.064	18.960	19.031	21.491	23.264	24.539	24.998	27.628	29.200	30.374	30.356	33.357	37.579	38.007	42.049	21.838	17.494	14.729	19.399	18.606	17.669	20.246	16.889	13.363	18.897	20.644	15.976	17.225	21.706	22.235	18.777	22.772	25.274	21.259	22.153	26.616	27.933	24.530	28.086	30.888	30.383	28.961	33.093	35.283	32.989	36.111	38.516	42.177
15.182	14.039	16.523	15.471	11.423	9.631	7.954	2.521	5.339	2.430	3.157	1.349	0.960	1.350	3.152	2.340	4.375	6.449	6.426	8.124	10.130	11.857	11.933	14.081	15.947	17.342	17.586	19.822	21.836	23.043	23.392	26.072	27.417	26.542	29.917	31.944	33.381	34.076	34.769	37.823	36.483	37.200	41.774	43.059	45.527	47.180	19.394	16.085	15.346	14.213	9.689	11.412	9.020	11.649	13.243	9.296	11.448	14.190	13.673	10.695	15.092	17.624	15.503	16.689	20.270	21.844	21.721	23.512	25.719	27.303	27.129	29.900	31.776	33.010	32.330	35.740	39.795	39.583	44.152	23.589	19.755	16.164	20.944	20.670	19.364	22.482	19.877	15.629	21.211	23.250	19.014	19.375	24.151	25.018	21.139	25.041	27.841	24.209	24.532	28.981	30.666	27.376	30.385	33.326	33.239	31.504	35.494	37.878	35.849	38.600	40.929	44.460
13.609	12.891	14.575	13.137	9.675	7.437	4.883	2.305	4.675	2.290	2.387	3.075	1.350	0.960	1.350	2.831	4.324	4.813	6.176	8.132	9.278	10.525	12.127	13.908	14.649	16.632	18.102	19.313	21.117	22.708	23.618	25.643	26.849	27.069	29.868	31.589	33.252	34.343	34.501	37.653	35.719	36.003	41.157	42.320	44.749	46.575	14.526	11.371	11.143	10.662	6.356	8.521	6.969	9.488	11.649	9.067	10.745	13.404	14.238	12.105	15.605	18.081	17.434	18.536	21.243	23.057	23.806	25.086	26.527	28.848	29.346	31.499	33.115	34.770	34.591	36.859	41.126	41.226	45.911	18.920	15.479	11.862	16.561	17.002	15.833	19.161	17.582	12.842	18.462	20.729	17.656	17.172	21.987	23.272	20.061	23.317	26.329	23.803	23.742	27.993	29.921	27.472	30.057	32.909	33.420	32.117	35.612	37.909	36.758	39.158	41.336	45.076
14.846	14.828	16.659	16.079	12.752	10.837	8.569	5.419	8.167	4.786	2.395	2.543	3.152	1.350	0.997	1.351	3.282	2.544	1.907	4.220	5.981	6.698	7.802	9.848	11.091	12.300	13.730	15.469	16.983	18.277	19.413	21.522	22.188	22.477	25.690	27.422	28.873	30.086	30.542	33.411	31.648	31.732	36.660	37.666	39.922	41.815	14.075	10.769	9.023	7.641	2.937	4.718	2.423	5.008	6.441	3.214	5.261	7.939	8.365	7.306	10.412	12.628	12.570	14.019	16.161	17.592	18.965	20.376	21.181	23.626	24.759	26.555	27.798	29.655	30.113	31.644	36.087	36.693	41.089	17.937	14.372	10.268	14.522	13.740	12.479	15.456	13.156	8.729	14.310	16.319	12.320	12.758	17.364	18.189	14.807	18.528	21.198	18.024	18.423	22.787	24.434	21.757	24.788	27.534	27.734	26.678	30.242	32.396	31.207	33.762	35.991	39.867
15.208	14.847	17.551	17.086	13.141	11.655	10.226	5.635	9.658	6.326	4.784	2.691	2.340	2.831	1.351	0.997	1.351	3.295	2.400	2.039	4.381	6.286	6.375	7.964	10.063	11.518	12.018	13.756	15.835	17.254	17.500	20.029	21.693	21.031	23.958	25.938	27.535	28.259	28.707	31.886	30.470	31.423	35.964	37.358	39.990	41.599	19.095	15.517	14.020	12.052	8.113	9.658	6.506	8.558	10.366	6.675	7.043	10.027	10.772	6.581	10.468	13.182	11.847	11.815	15.436	17.435	17.473	18.524	20.949	22.815	22.380	25.052	27.068	28.434	27.493	30.843	34.816	34.385	39.194	23.356	19.788	15.670	19.932	18.999	17.257	20.354	18.116	13.219	18.478	20.597	16.256	15.423	20.471	21.466	16.453	20.354	23.444	20.404	19.657	23.995	26.038	23.046	25.172	28.327	28.796	26.723	30.482	33.025	31.307	33.692	35.929	39.370
9.149	10.027	13.023	14.018	10.322	11.303	10.882	6.607	11.618	9.098	7.733	5.848	4.375	4.324	3.282	1.351	0.997	1.350	3.254	2.602	1.942	4.463	6.095	6.764	7.907	10.183	11.549	11.818	14.183	16.072	16.479	18.456	20.382	20.426	22.563	24.404	26.264	27.089	26.966	30.471	28.613	29.588	34.454	35.897	38.624	40.256	19.385	15.185	14.047	11.010	8.911	10.890	7.596	7.923	10.788	8.838	7.503	10.176	12.284	9.579	11.445	14.023	15.235	14.070	15.814	19.011	20.322	19.376	21.425	24.535	24.752	26.123	28.220	30.191	29.598	31.340	35.413	34.914	40.247	24.230	21.093	16.740	20.379	19.318	16.698	20.098	18.570	12.983	17.344	19.807	16.210	14.046	19.197	20.578	15.686	18.864	22.340	20.367	18.899	22.925	25.270	23.152	24.364	27.610	28.779	26.952	30.055	32.641	31.989	33.651	35.652	39.136
13.194	14.154	16.160	16.446	13.481	12.867	11.267	8.310	12.964	10.325	7.772	7.111	6.449	4.813	2.544	3.295	1.350	0.997	1.350	3.252	2.640	2.096	4.205	6.104	6.263	8.094	10.008	11.113	12.507	14.225	15.484	17.116	18.366	19.039	21.482	23.045	24.751	26.028	26.124	29.143	27.100	27.385	32.573	33.789	36.319	38.125	14.228	10.339	7.791	4.351	2.589	5.194	2.873	2.357	5.877	5.991	4.659	7.033	9.397	8.127	9.334	11.672	13.369	13.239	13.811	17.104	18.882	18.255	19.354	22.820	23.797	24.706	26.379	28.629	28.673	29.558	33.887	34.010	39.023	18.219	15.318	10.761	13.706	12.236	9.754	13.135	12.211	6.300	11.210	13.685	11.479	8.979	14.062	15.777	12.514	15.025	18.457	17.192	16.005	20.017	22.276	20.456	21.964	24.991	26.156	24.770	27.748	30.190	29.829	31.539	33.514	37.209
16.277	16.976	19.270	19.435	16.065	15.036	13.545	9.833	13.195	9.294	6.729	4.526	6.426	6.176	1.907	2.400	3.254	1.350	0.997	1.352	3.248	2.908	1.986	4.344	6.127	6.792	7.857	9.849	11.379	12.586	13.512	15.760	16.916	16.763	19.821	21.637	23.103	24.209	24.832	27.597	26.084	26.708	31.298	32.572	35.132	36.845	19.097	15.361	13.032	9.618	7.118	6.621	3.207	4.208	5.784	2.465	2.349	5.207	5.846	2.528	5.869	8.501	8.161	8.509	11.129	13.182	14.030	14.965	16.567	18.849	19.392	21.358	23.080	24.729	24.634	26.744	30.950	31.125	35.781	22.853	19.460	15.116	18.799	16.800	14.491	17.102	14.286	9.755	14.153	16.103	11.514	10.740	15.712	16.613	11.571	15.636	18.638	15.442	14.674	19.007	21.060	18.238	20.251	23.365	24.012	22.209	25.701	28.212	26.924	29.162	31.310	34.932
15.807	16.733	19.822	20.597	16.706	16.512	15.467	11.118	15.587	12.171	9.901	7.485	8.124	8.132	4.220	2.039	2.602	3.252	1.352	0.997	1.351	3.319	2.357	2.085	4.489	6.371	6.821	7.808	10.067	11.674	11.656	14.055	16.086	15.572	17.986	19.962	21.689	22.389	22.652	25.934	24.515	25.858	30.220	31.766	34.580	36.088	21.900	18.033	15.747	12.186	9.957	10.354	6.564	7.178	9.360	6.993	4.913	7.742	9.498	5.422	7.561	10.237	10.967	9.269	11.337	14.627	15.622	14.516	16.960	19.973	19.973	21.291	23.590	25.516	24.802	26.581	30.547	29.979	35.342	25.914	22.702	18.201	21.666	19.849	17.326	20.181	17.697	12.861	16.992	19.060	14.557	13.044	17.949	18.805	12.962	16.555	19.902	17.452	15.322	19.522	21.853	19.261	20.179	23.626	24.750	22.483	25.662	28.351	27.518	29.050	31.084	34.427
13.410	15.065	17.848	18.973	15.735	16.329	15.666	12.070	17.237	14.382	12.091	10.039	10.130	9.278	5.981	4.381	1.942	2.640	3.248	1.351	0.997	1.349	3.234	2.566	2.130	4.640	6.331	6.250	8.101	10.237	11.080	12.475	14.395	15.038	16.821	18.418	20.328	21.452	21.240	24.540	22.510	23.480	28.354	29.814	32.618	34.256	20.719	16.596	14.203	9.866	9.423	11.026	7.577	6.467	9.678	8.761	5.805	7.629	10.283	8.156	8.619	10.852	12.930	11.686	10.997	15.609	17.437	15.187	16.714	20.791	21.497	21.617	23.775	26.188	25.840	26.377	30.527	30.206	35.617	24.853	22.115	17.572	19.965	18.396	15.094	18.474	16.900	11.640	14.789	17.272	13.450	10.739	15.487	16.819	11.246	13.860	17.640	16.311	13.620	17.417	20.090	18.414	18.732	22.113	23.710	22.008	24.570	27.223	27.235	28.368	30.177	33.629
16.984	18.834	20.740	21.502	18.975	18.671	16.999	14.283	18.462	15.299	12.324	11.014	11.857	10.525	6.698	6.286	4.463	2.096	2.908	3.319	1.349	0.997	1.352	3.276	2.355	2.008	4.287	5.971	6.706	8.103	9.780	11.355	12.279	13.128	15.681	17.190	18.725	20.141	20.637	23.225	21.360	21.772	26.600	27.831	30.428	32.207	18.529	14.846	11.625	6.660	6.656	7.174	4.488	2.150	4.570	5.398	2.399	2.479	5.697	6.198	5.516	7.178	9.548	9.507	8.066	12.508	14.672	13.054	13.697	17.883	19.241	19.188	20.856	23.458	23.697	23.723	28.105	28.444	33.423	21.721	19.209	14.655	16.456	14.321	10.808	13.557	11.339	6.989	9.618	11.828	7.780	5.622	10.635	11.881	6.920	10.140	13.450	11.795	10.313	14.316	16.598	14.897	15.929	19.123	20.458	18.978	21.732	24.258	24.173	25.563	27.463	31.126
19.727	21.177	23.716	24.429	21.181	20.731	19.391	15.458	19.473	15.418	13.210	10.822	11.933	12.127	7.802	6.375	6.095	4.205	1.986	2.357	3.234	1.352	0.997	1.351	3.265	2.917	2.118	4.304	6.171	6.988	7.555	10.031	11.548	10.639	13.875	15.810	17.218	18.204	19.050	21.690	20.492	21.643	25.737	27.201	29.947	31.485	23.245	19.538	16.549	12.004	10.964	10.192	6.637	6.032	7.630	5.177	2.689	4.116	6.017	2.690	2.295	5.181	6.023	2.705	5.381	8.090	8.789	8.014	10.757	12.970	12.959	14.618	16.741	18.443	17.864	20.263	24.178	24.052	28.833	26.475	23.666	19.102	21.704	19.245	16.222	18.416	15.853	11.707	14.611	16.120	11.362	9.985	14.627	14.647	8.693	12.971	15.881	12.722	10.702	15.085	17.289	13.930	15.261	18.743	19.425	16.533	20.444	23.119	21.159	23.279	25.561	28.808
17.441	19.507	22.635	24.253	20.916	21.878	21.011	16.969	21.539	18.032	15.585	13.246	14.081	13.908	9.848	7.964	6.764	6.104	4.344	2.085	2.566	3.276	1.351	0.997	1.352	3.322	2.707	1.934	4.292	6.181	6.096	7.898	10.127	10.273	11.976	13.822	15.675	16.506	16.556	19.855	18.353	20.008	24.190	25.859	28.844	30.266	25.500	21.607	18.790	14.114	13.471	13.062	9.480	8.707	10.680	8.906	5.914	7.135	9.496	6.685	6.183	8.756	10.553	8.135	7.623	12.733	14.023	10.864	13.094	17.274	17.236	17.267	19.876	22.238	21.345	22.021	25.960	25.157	30.882	28.990	26.242	21.651	24.009	21.702	18.377	20.746	18.363	14.170	16.575	18.310	13.970	11.762	15.994	16.490	10.625	12.948	16.636	15.090	10.808	14.967	17.746	15.541	15.133	18.831	20.499	18.217	20.632	23.473	23.425	24.162	25.979	29.172
17.505	20.065	22.193	23.700	21.460	22.095	20.905	18.147	22.812	19.696	16.975	15.253	15.947	14.649	11.091	10.063	7.907	6.263	6.127	4.489	2.130	2.355	3.265	1.352	0.997	1.356	3.274	2.507	1.987	4.368	5.904	6.724	8.234	9.814	11.295	12.538	14.327	15.842	15.941	18.659	16.572	17.390	22.160	23.569	26.417	28.083	22.595	18.766	15.694	10.545	11.695	12.431	9.658	6.572	9.712	10.001	6.812	5.882	9.934	8.755	6.984	8.539	11.542	10.137	6.881	12.873	15.046	11.631	12.038	17.260	18.523	17.180	19.132	22.121	22.065	21.145	25.405	25.458	30.752	25.931	23.749	19.277	20.103	18.243	14.105	16.479	14.877	10.829	11.750	13.949	10.834	7.083	11.211	12.478	7.351	8.443	12.588	12.372	8.060	11.800	14.845	13.483	12.819	16.329	18.245	16.820	18.695	21.422	22.107	22.716	24.293	27.737
22.475	24.502	26.885	27.930	25.123	25.026	23.607	20.248	24.219	20.531	17.717	15.910	17.342	16.632	12.300	11.518	10.183	8.094	6.792	6.371	4.640	2.008	2.917	3.322	1.356	0.997	1.354	3.296	2.613	2.124	4.254	6.168	6.141	7.284	10.029	11.542	12.744	14.241	15.395	17.376	15.868	15.934	20.437	21.269	23.505	25.514	25.247	21.790	18.097	13.196	12.889	11.777	9.621	6.836	7.461	7.841	4.388	2.329	5.401	6.072	3.041	1.754	6.452	6.721	2.656	7.313	10.264	8.481	6.806	12.007	14.207	13.231	13.908	17.281	18.500	16.841	21.649	22.717	27.345	27.051	24.962	20.623	21.922	18.726	15.081	14.865	12.190	10.115	11.094	10.342	6.613	6.203	8.823	6.965	1.760	5.839	7.930	4.369	2.580	6.905	8.791	6.702	8.454	11.245	12.315	11.499	14.180	16.446	16.656	18.146	20.095	24.057
24.085	25.959	28.741	29.843	26.615	26.584	25.361	21.208	25.133	20.767	18.794	16.318	17.586	18.102	13.730	12.018	11.549	10.008	7.857	6.821	6.331	4.287	2.118	2.707	3.274	1.354	0.997	1.352	3.265	2.728	1.817	4.388	6.207	5.395	7.736	9.809	11.237	12.135	13.082	15.598	14.746	16.659	20.119	21.852	24.861	26.156	28.192	24.583	21.227	16.205	15.859	14.768	11.911	9.917	10.840	9.364	6.027	6.211	7.656	4.950	2.776	4.999	6.287	2.652	2.482	6.750	7.952	4.984	7.712	11.071	11.334	11.559	14.041	16.138	15.533	16.842	20.742	20.271	25.595	30.815	28.391	23.884	25.546	22.823	19.256	20.443	17.975	14.724	16.327	16.979	12.892	11.073	14.748	14.208	8.398	11.264	14.384	11.767	7.889	12.209	14.594	10.886	11.183	15.000	16.097	13.131	16.155	19.069	18.089	19.333	21.269	24.339
21.140	23.625	26.424	28.225	25.414	26.651	25.910	22.342	27.174	23.714	21.216	19.017	19.822	19.313	15.469	13.756	11.818	11.113	9.849	7.808	6.250	5.971	4.304	1.934	2.507	3.296	1.352	0.997	1.350	3.308	2.372	2.064	4.577	6.175	6.579	7.955	10.028	11.248	11.049	14.087	12.387	14.439	18.359	20.175	23.365	24.678	28.681	24.810	21.795	16.638	17.418	16.992	14.036	11.850	13.475	12.682	9.061	8.805	11.728	10.015	7.379	9.260	11.778	8.854	6.065	12.112	13.787	9.274	10.984	15.759	16.240	14.809	17.429	20.219	19.377	18.394	22.276	21.641	27.336	31.957	29.746	25.236	26.134	24.051	19.960	21.676	19.675	16.106	17.061	18.405	14.832	11.894	15.389	15.520	10.253	10.819	14.543	13.717	8.086	11.395	14.851	13.116	11.152	14.941	17.058	15.003	16.102	19.296	20.185	19.965	21.391	24.382
25.127	27.534	29.921	31.359	28.773	29.175	27.880	24.606	28.908	25.364	22.556	20.687	21.836	21.117	16.983	15.835	14.183	12.507	11.379	10.067	8.101	6.706	6.171	4.292	1.987	2.613	3.265	1.350	0.997	1.349	3.174	2.602	2.421	4.817	6.417	7.014	8.494	10.421	11.149	12.943	10.921	11.931	16.214	17.657	20.644	22.248	28.214	24.602	20.961	15.844	16.878	16.494	14.445	10.964	12.379	13.211	9.769	7.388	11.175	11.266	8.024	7.537	11.810	10.422	5.678	11.896	14.244	9.691	9.129	15.073	16.348	13.761	15.490	18.975	18.879	16.448	20.661	20.961	26.102	30.477	28.618	24.309	24.435	22.035	17.897	18.578	16.747	13.649	13.902	14.459	11.544	8.482	11.069	11.288	6.732	6.355	10.083	10.003	4.612	7.607	11.108	10.198	7.907	11.589	13.817	12.383	13.234	16.261	17.547	17.522	18.737	22.050
27.735	29.999	32.478	33.763	30.986	31.097	29.711	26.221	30.117	26.075	23.597	21.567	23.043	22.708	18.277	17.254	16.072	14.225	12.586	11.674	10.237	8.103	6.988	6.181	4.368	2.124	2.728	3.308	1.349	0.997	1.350	3.156	2.461	2.065	4.460	6.062	6.753	8.138	10.010	11.416	10.693	12.413	15.496	17.197	20.179	21.485	30.860	27.333	23.631	18.563	18.866	17.878	15.699	12.889	13.355	13.352	10.044	8.109	10.766	9.825	6.650	5.920	9.514	7.139	2.387	8.189	10.173	5.504	4.977	10.554	11.878	9.708	11.586	14.702	14.911	13.340	17.431	17.566	22.769	32.931	30.901	26.548	27.258	24.513	20.591	20.883	18.608	15.920	16.460	16.310	13.022	11.122	13.554	12.189	7.516	8.965	11.267	9.189	4.138	7.739	10.393	7.576	6.430	10.269	12.041	9.500	11.559	14.591	14.719	15.026	16.690	19.757
27.650	29.900	32.851	34.393	31.143	31.702	30.745	26.627	30.982	26.863	24.780	22.332	23.392	23.618	19.413	17.500	16.479	15.484	13.512	11.656	11.080	9.780	7.555	6.096	5.904	4.254	1.817	2.372	3.174	1.350	0.960	1.349	3.248	2.394	1.938	4.293	6.022	6.556	7.306	9.875	9.393	12.602	15.159	17.340	20.685	21.576	33.094	29.489	25.947	20.801	21.089	20.162	17.627	15.130	15.961	15.416	11.892	10.952	13.579	11.516	8.874	9.417	12.223	7.981	4.827	11.211	12.483	6.408	8.322	13.314	13.096	10.607	13.763	16.341	15.103	14.355	17.950	17.024	22.800	35.424	33.320	28.903	29.718	27.071	23.137	23.645	21.483	18.557	19.157	19.317	16.096	13.749	16.358	15.556	10.857	11.629	14.489	12.795	7.359	10.771	13.625	10.829	9.214	13.106	14.900	11.789	13.239	16.733	16.886	16.332	17.965	20.447
28.213	30.932	33.357	35.227	32.719	33.541	32.467	28.942	33.376	29.649	27.083	24.982	26.072	25.643	21.522	20.029	18.456	17.116	15.760	14.055	12.475	11.355	10.031	7.898	6.724	6.168	4.388	2.064	2.602	3.156	1.349	0.997	1.352	3.329	2.546	2.012	4.429	6.124	6.084	8.104	6.432	9.346	12.393	14.498	17.960	19.024	33.355	29.666	26.097	21.017	22.231	21.794	19.364	16.326	17.753	17.719	14.121	12.702	15.883	14.620	11.607	11.595	15.017	11.680	7.577	13.825	15.498	9.590	10.440	15.907	16.189	13.305	15.741	18.935	17.909	15.256	18.843	18.206	23.697	35.652	33.929	29.654	29.424	27.148	22.914	23.321	21.781	18.797	18.472	18.991	16.386	13.257	15.121	15.355	11.619	9.793	13.460	13.138	7.593	9.116	13.133	11.994	8.636	12.122	14.522	12.361	11.862	15.690	17.184	16.030	16.769	19.466
31.082	33.626	35.996	37.504	34.994	35.239	33.623	30.519	34.097	30.306	27.501	25.746	27.417	26.849	22.188	21.693	20.382	18.366	16.916	16.086	14.395	12.279	11.548	10.127	8.234	6.141	6.207	4.577	2.421	2.461	3.248	1.352	0.997	1.353	3.277	2.481	2.052	4.433	6.175	6.789	6.077	6.806	10.663	12.163	15.045	16.583	32.743	29.420	25.381	20.732	21.583	20.686	19.183	15.733	16.059	17.103	13.955	10.745	14.175	14.281	11.018	9.114	13.328	11.884	6.345	11.572	13.780	8.857	6.952	13.145	14.410	10.734	12.139	15.981	15.402	11.846	15.550	15.586	20.665	34.113	32.593	28.572	28.209	25.456	21.205	20.623	18.937	16.722	15.842	15.391	12.945	10.859	11.328	10.630	7.281	6.334	8.250	7.477	2.585	3.674	7.087	6.386	3.080	6.459	8.881	8.059	8.044	11.157	12.874	12.435	13.326	16.178
32.255	34.394	37.261	38.614	35.382	35.564	34.350	30.224	33.918	29.137	27.475	24.966	26.542	27.069	22.477	21.031	20.426	19.039	16.763	15.572	15.038	13.128	10.639	10.273	9.814	7.284	5.395	6.175	4.817	2.065	2.394	3.329	1.353	0.976	1.349	3.234	2.524	2.047	4.492	5.973	7.113	10.291	11.741	14.107	17.026	17.545	36.387	32.911	29.154	24.205	24.107	22.475	20.308	17.855	17.575	16.988	13.980	12.464	13.471	11.971	8.734	8.801	10.308	7.289	3.455	7.583	7.640	3.019	2.775	6.676	6.964	2.897	5.539	8.278	7.879	5.681	9.486	10.289	14.915	38.184	36.068	31.779	32.720	29.805	25.924	25.778	23.452	21.137	21.243	20.796	17.681	16.129	17.325	16.004	12.008	12.360	13.936	11.593	7.549	9.439	11.487	6.895	6.702	9.822	9.620	4.022	7.694	10.534	8.612	8.297	10.675	13.022
32.137	34.717	37.543	39.488	36.568	37.688	36.790	32.958	37.395	33.341	31.117	28.817	29.917	29.868	25.690	23.958	22.563	21.482	19.821	17.986	16.821	15.681	13.875	11.976	11.295	10.029	7.736	6.579	6.417	4.460	1.938	2.546	3.277	1.349	0.997	1.348	3.212	2.428	2.021	4.322	4.747	9.227	10.562	13.483	17.029	17.301	38.360	34.693	31.127	26.009	26.773	25.981	23.592	20.829	21.670	21.374	17.884	16.455	19.043	17.331	14.269	14.401	17.060	13.081	9.271	14.868	15.537	9.235	10.660	15.443	14.965	11.389	14.462	17.162	15.335	13.226	16.414	14.512	20.529	40.609	38.737	34.401	34.591	32.117	27.981	28.136	26.264	23.525	23.370	23.360	20.542	18.173	19.615	18.862	15.117	14.398	16.559	15.245	10.383	11.709	14.944	12.522	9.578	12.995	15.138	11.524	11.530	15.501	16.290	14.574	15.527	17.292
34.148	36.834	39.343	41.224	38.622	39.490	38.402	34.884	39.257	35.378	32.904	30.788	31.944	31.589	27.422	25.938	24.404	23.045	21.637	19.962	18.418	17.190	15.810	13.822	12.538	11.542	9.809	7.955	7.014	6.062	4.293	2.012	2.481	3.234	1.348	0.997	1.353	3.250	2.749	2.336	2.062	5.406	7.280	9.990	13.556	14.061	38.573	34.949	31.227	26.371	27.697	27.160	25.048	21.782	22.786	23.109	19.618	17.492	20.720	19.466	16.287	15.754	19.093	15.539	11.276	16.713	17.647	11.635	11.874	17.049	17.011	12.907	15.230	18.512	16.768	12.912	15.974	15.090	20.141	40.476	38.976	34.857	34.194	31.846	27.562	27.288	25.842	23.362	22.369	22.260	19.964	17.518	17.909	17.518	14.305	12.522	14.344	13.873	9.465	8.912	12.593	11.753	7.379	10.158	13.032	11.054	9.041	13.300	15.050	13.040	12.872	14.943
36.608	39.194	41.757	43.485	40.789	41.408	40.201	36.596	40.656	36.374	34.182	31.993	33.381	33.252	28.873	27.535	26.264	24.751	23.103	21.689	20.328	18.725	17.218	15.675	14.327	12.744	11.237	10.028	8.494	6.753	6.022	4.429	2.052	2.524	3.212	1.353	0.997	1.351	3.247	2.620	3.824	6.440	7.212	9.604	12.906	13.424	40.577	37.046	33.217	28.310	29.185	28.261	26.325	23.238	23.641	23.836	20.581	18.214	20.629	19.519	16.166	15.628	17.997	14.932	10.702	14.982	15.121	9.905	9.467	13.867	13.304	8.847	11.222	14.268	12.539	8.380	11.578	11.423	16.320	42.276	40.639	36.483	36.272	33.652	29.428	28.938	27.165	24.938	24.162	23.559	21.092	19.181	19.358	18.190	15.170	14.141	14.633	13.376	9.974	9.711	11.916	9.685	6.156	8.725	10.795	7.205	6.136	10.193	11.211	8.815	9.877	11.965
36.840	39.356	42.348	44.290	41.182	42.265	41.359	37.337	41.669	37.252	35.387	32.954	34.076	34.343	30.086	28.259	27.089	26.028	24.209	22.389	21.452	20.141	18.204	16.506	15.842	14.241	12.135	11.248	10.421	8.138	6.556	6.124	4.433	2.047	2.428	3.250	1.351	0.976	1.348	2.932	5.190	9.107	9.379	12.359	15.543	15.378	42.662	39.081	35.342	30.327	31.048	30.072	27.878	25.062	25.529	25.319	21.971	20.191	22.413	20.769	17.623	17.602	19.525	15.688	12.295	16.991	16.249	10.551	11.798	15.775	13.647	10.290	13.516	15.250	11.421	10.236	11.697	7.355	13.672	44.555	42.795	38.547	38.572	35.967	31.791	31.509	29.687	27.262	26.712	26.338	23.719	21.688	22.246	21.277	17.994	17.029	18.083	16.811	12.850	13.042	15.712	13.278	9.855	12.566	14.615	10.515	9.545	13.790	14.581	11.760	12.626	13.271
35.449	38.234	40.937	43.159	40.443	41.925	41.162	37.491	42.251	38.496	36.210	33.911	34.769	34.501	30.542	28.707	26.966	26.124	24.832	22.652	21.240	20.637	19.050	16.556	15.941	15.395	13.082	11.049	11.149	10.010	7.306	6.084	6.175	4.492	2.021	2.749	3.247	1.348	0.996	1.350	2.697	7.094	7.006	10.717	13.985	13.425	42.440	38.689	35.205	30.151	31.488	31.114	28.693	25.585	26.957	26.880	23.327	21.742	24.619	22.959	19.896	19.840	22.316	18.433	14.727	19.736	19.646	13.765	14.576	18.861	17.772	13.649	16.675	19.244	16.552	13.485	15.831	13.539	19.018	44.818	43.162	38.890	38.492	36.319	32.041	32.227	30.765	27.970	27.303	27.483	25.047	22.323	23.222	22.865	19.556	17.719	19.656	18.816	14.602	14.278	17.554	15.628	11.738	14.072	16.682	13.036	10.882	15.688	16.931	14.110	13.927	15.030
40.037	42.757	45.326	47.292	44.645	45.590	44.520	40.902	45.194	41.077	38.805	36.605	37.823	37.653	33.411	31.886	30.471	29.143	27.597	25.934	24.540	23.225	21.690	19.855	18.659	17.376	15.598	14.087	12.943	11.416	9.875	8.104	6.789	5.973	4.322	2.336	2.620	2.932	1.350	0.997	1.345	3.848	3.279	6.891	10.277	10.153	44.804	41.216	37.448	32.574	33.714	32.988	30.971	27.784	28.492	28.705	25.328	23.091	25.849	24.577	21.286	20.851	23.420	20.042	15.913	20.529	20.503	15.087	15.020	19.261	18.246	13.884	16.199	19.105	16.493	12.219	14.581	13.446	17.919	46.592	45.072	40.944	40.385	37.941	33.660	33.186	31.713	29.366	28.301	27.969	25.736	23.465	23.448	22.898	19.877	18.090	19.067	18.497	14.887	13.668	16.448	14.820	11.073	11.821	14.904	11.944	7.793	12.938	14.571	11.741	10.821	12.243
37.044	40.062	42.130	44.307	42.232	43.347	42.169	39.151	43.547	39.893	37.174	35.312	36.483	35.719	31.648	30.470	28.613	27.100	26.084	24.515	22.510	21.360	20.492	18.353	16.572	15.868	14.746	12.387	10.921	10.693	9.393	6.432	6.077	7.113	4.747	2.062	3.824	5.190	2.697	1.345	0.995	1.350	3.347	5.713	9.434	10.309	41.222	37.596	33.891	29.257	30.992	30.662	28.944	25.151	26.165	27.268	23.896	21.021	24.546	24.033	20.700	19.446	23.185	20.369	15.603	20.391	21.396	16.051	15.021	19.776	19.558	15.033	16.420	20.120	18.310	13.367	16.397	15.817	20.326	43.037	41.769	37.783	36.617	34.391	30.083	29.585	28.453	26.116	24.660	24.529	22.624	20.045	19.863	19.775	16.893	14.456	15.934	16.009	12.351	10.384	13.778	13.175	8.992	9.020	12.902	11.658	6.742	11.237	13.857	12.256	10.393	13.057
38.145	41.334	42.770	44.753	43.193	43.819	42.078	39.793	43.593	40.189	37.136	35.705	37.200	36.003	31.732	31.423	29.588	27.385	26.708	25.858	23.480	21.772	21.643	20.008	17.390	15.934	16.659	14.439	11.931	12.413	12.602	9.346	6.806	10.291	9.227	5.406	6.440	9.107	7.094	3.848	1.350	0.997	1.339	2.791	6.414	7.804	38.681	35.441	31.572	27.591	29.692	29.427	28.510	24.127	24.668	27.199	24.129	20.314	24.196	24.763	21.446	19.294	23.526	21.841	16.509	20.609	22.316	17.791	15.343	20.204	20.561	16.083	16.423	20.526	19.255	13.528	16.671	17.453	20.693	39.986	39.170	35.590	33.587	31.216	27.115	26.095	25.527	23.571	21.369	21.134	20.041	17.326	16.185	16.793	14.650	11.226	12.459	13.985	11.193	7.405	11.265	12.194	8.238	6.601	11.501	11.268	4.951	9.026	12.722	11.701	8.473	11.789
43.665	46.654	48.596	50.596	48.562	49.230	47.710	44.781	48.552	44.669	42.006	40.184	41.774	41.157	36.660	35.964	34.454	32.573	31.298	30.220	28.354	26.600	25.737	24.190	22.160	20.437	20.119	18.359	16.214	15.496	15.159	12.393	10.663	11.741	10.562	7.280	7.212	9.379	7.006	3.279	3.347	1.339	1.080	1.349	4.074	4.547	45.480	42.217	38.277	34.011	35.579	34.912	33.653	29.828	30.088	31.542	28.463	25.068	28.127	28.052	24.593	23.082	26.322	24.003	19.305	22.546	23.450	19.203	17.027	21.186	20.777	16.447	16.737	20.483	18.549	12.956	15.552	15.925	18.720	46.692	45.671	41.958	40.473	37.922	33.729	32.606	31.602	29.779	27.907	27.213	25.741	23.466	22.398	22.062	19.843	17.346	17.546	17.773	15.145	12.285	14.492	14.194	10.696	8.934	12.880	11.669	3.983	8.888	12.501	10.764	6.759	9.507
45.451	48.418	50.207	52.033	50.094	50.508	48.761	46.063	49.542	45.771	42.987	41.298	43.059	42.320	37.666	37.358	35.897	33.789	32.572	31.766	29.814	27.831	27.201	25.859	23.569	21.269	21.852	20.175	17.657	17.197	17.340	14.498	12.163	14.107	13.483	9.990	9.604	12.359	10.717	6.891	5.713	2.791	1.349	0.997	1.345	3.415	45.721	42.687	38.656	34.621	36.191	35.458	34.518	30.531	30.454	32.476	29.546	25.771	28.866	29.336	25.884	23.949	27.486	25.594	20.740	23.579	25.031	21.079	18.236	22.452	22.539	18.304	17.734	21.866	20.458	14.491	17.243	18.242	20.518	46.599	45.739	42.210	40.571	37.718	33.762	32.296	31.412	29.897	27.808	26.805	25.673	23.565	22.006	21.653	19.914	17.294	16.926	17.586	15.459	12.002	13.745	14.451	11.183	8.024	12.530	12.317	4.163	7.691	12.609	11.780	6.372	10.299
48.281	51.279	52.885	54.613	52.791	53.019	51.058	48.574	51.733	48.010	45.199	43.561	45.527	44.749	39.922	39.990	38.624	36.319	35.132	34.580	32.618	30.428	29.947	28.844	26.417	23.505	24.861	23.365	20.644	20.179	20.685	17.960	15.045	17.026	17.029	13.556	12.906	15.543	13.985	10.277	9.434	6.414	4.074	1.345	0.960	1.344	47.171	44.367	40.288	36.547	38.154	37.346	36.713	32.608	32.212	34.644	31.903	27.858	30.841	31.661	28.243	26.082	29.549	27.892	23.207	25.465	26.966	23.419	20.146	24.083	24.159	20.231	19.088	23.116	21.591	15.670	17.916	19.077	20.576	47.796	47.098	43.758	41.914	38.828	35.169	33.464	32.739	31.473	29.195	28.026	27.190	25.223	23.303	23.004	21.646	18.932	18.163	19.128	17.394	13.687	14.845	16.115	13.097	9.303	13.740	13.723	5.529	8.189	13.335	12.455	6.142	9.761
49.830	52.804	54.581	56.407	54.463	54.823	53.018	50.300	53.606	49.692	47.079	45.298	47.180	46.575	41.815	41.599	40.256	38.125	36.845	36.088	34.256	32.207	31.485	30.266	28.083	25.514	26.156	24.678	22.248	21.485	21.576	19.024	16.583	17.545	17.301	14.061	13.424	15.378	13.425	10.153	10.309	7.804	4.547	3.415	1.344	0.996	49.621	46.740	42.691	38.857	40.380	39.524	38.721	34.777	34.480	36.510	33.709	29.916	32.731	33.184	29.772	27.936	30.960	29.027	24.637	26.826	27.814	24.215	21.336	24.931	24.518	20.746	19.903	23.479	21.379	15.888	17.447	18.225	19.432	50.311	49.555	46.163	44.421	41.384	37.683	36.046	35.243	33.931	31.758	30.606	29.652	27.712	25.911	25.523	24.057	21.430	20.704	21.424	19.570	16.180	17.138	17.909	14.863	11.769	15.418	14.781	7.097	10.119	14.200	12.603	7.082	8.937
17.911	19.622	18.293	16.298	16.496	16.434	11.468	15.843	16.789	18.171	15.348	18.893	19.394	14.526	14.075	19.095	19.385	14.228	19.097	21.900	20.719	18.529	23.245	25.500	22.595	25.247	28.192	28.681	28.214	30.860	33.094	33.355	32.743	36.387	38.360	38.573	40.577	42.662	42.440	44.804	41.222	38.681	45.480	45.721	47.171	49.621	1.036	1.346	4.688	8.318	10.055	10.524	13.693	14.693	15.956	18.408	19.983	20.472	22.751	24.344	26.067	27.056	28.805	30.749	30.305	32.280	35.219	36.118	34.948	38.744	40.944	41.491	41.504	44.682	46.231	45.012	50.047	51.496	55.713	2.025	2.811	3.018	2.434	6.093	7.928	10.611	12.623	11.723	14.233	16.314	17.668	18.383	20.146	22.145	23.513	24.327	26.705	27.532	28.436	31.012	32.073	32.749	35.087	36.590	38.024	39.003	41.153	41.075	43.518	45.465	46.189	51.213
14.403	16.062	15.264	14.113	13.679	13.823	9.381	13.013	14.891	15.716	13.320	16.280	16.085	11.371	10.769	15.517	15.185	10.339	15.361	18.033	16.596	14.846	19.538	21.607	18.766	21.790	24.583	24.810	24.602	27.333	29.489	29.666	29.420	32.911	34.693	34.949	37.046	39.081	38.689	41.216	37.596	35.441	42.217	42.687	44.367	46.740	1.346	0.960	1.346	4.813	6.934	8.269	10.771	11.275	13.595	15.618	16.829	17.372	20.056	21.286	22.873	24.131	25.924	27.597	27.077	29.524	32.279	32.792	31.918	35.853	37.909	38.372	38.713	41.794	43.067	42.065	46.988	48.177	52.624	6.007	4.821	2.752	3.699	6.524	6.158	9.822	11.814	9.009	12.002	14.635	15.799	15.320	17.737	20.023	20.926	21.425	24.306	25.177	25.491	28.173	29.829	30.193	32.244	33.994	35.536	36.231	38.330	38.791	40.944	42.693	43.667	48.360
16.150	17.993	17.732	17.009	16.000	15.790	11.370	13.923	15.771	15.406	12.520	14.820	15.346	11.143	9.023	14.020	14.047	7.791	13.032	15.747	14.203	11.625	16.549	18.790	15.694	18.097	21.227	21.795	20.961	23.631	25.947	26.097	25.381	29.154	31.127	31.227	33.217	35.342	35.205	37.448	33.891	31.572	38.277	38.656	40.288	42.691	4.688	1.346	0.960	1.349	3.667	5.291	7.767	7.819	9.189	12.167	13.516	13.164	16.160	18.076	19.397	19.895	22.226	24.169	23.127	25.375	28.512	29.156	27.703	31.740	34.044	34.279	34.322	37.604	39.220	37.734	42.745	44.249	48.478	7.927	6.014	2.340	2.869	2.957	2.515	5.356	7.085	4.462	7.618	10.074	11.062	11.052	13.484	15.477	16.416	17.260	19.909	20.549	21.113	23.862	25.280	25.616	27.848	29.611	30.993	31.773	33.931	34.306	36.417	38.253	39.279	44.012
15.241	17.338	17.516	17.518	16.299	16.111	12.501	13.938	16.048	14.852	11.735	13.294	14.213	10.662	7.641	12.052	11.010	4.351	9.618	12.186	9.866	6.660	12.004	14.114	10.545	13.196	16.205	16.638	15.844	18.563	20.801	21.017	20.732	24.205	26.009	26.371	28.310	30.327	30.151	32.574	29.257	27.591	34.011	34.621	36.547	38.857	8.318	4.813	1.349	0.997	1.349	3.362	5.362	3.149	6.382	8.814	9.545	8.972	12.519	14.182	15.082	15.988	18.318	19.966	18.597	21.630	24.478	24.485	23.461	27.736	29.868	29.900	30.386	33.572	34.817	33.534	38.402	39.554	44.091	11.597	9.450	5.101	6.382	5.719	2.773	6.754	7.650	2.461	6.063	8.849	9.041	7.018	10.771	12.912	12.741	13.567	16.675	17.324	17.021	19.948	21.953	22.049	23.795	25.862	27.390	27.824	29.884	30.940	32.697	34.251	35.520	39.891
15.790	16.552	17.366	16.761	14.421	13.368	9.787	9.901	11.486	9.842	6.789	8.405	9.689	6.356	2.937	8.113	8.911	2.589	7.118	9.957	9.423	6.656	10.964	13.471	11.695	12.889	15.859	17.418	16.878	18.866	21.089	22.231	21.583	24.107	26.773	27.697	29.185	31.048	31.488	33.714	30.992	29.692	35.579	36.191	38.154	40.380	10.055	6.934	3.667	1.349	0.960	1.344	2.161	2.493	4.362	6.224	7.433	8.358	10.513	12.028	13.404	14.700	16.398	18.195	17.756	19.992	22.740	23.496	22.638	26.321	28.392	29.021	29.471	32.311	33.614	33.018	37.866	39.118	43.424	13.285	10.237	5.675	9.147	8.257	6.441	9.819	8.723	3.167	8.589	10.874	8.966	8.417	12.637	14.092	13.042	15.222	17.929	16.919	17.198	20.865	22.566	21.593	24.100	26.452	27.408	27.388	30.070	31.464	32.159	34.158	35.974	40.165
19.656	20.134	20.902	19.899	17.349	15.988	11.742	11.992	12.718	11.258	7.301	8.810	11.412	8.521	4.718	9.658	10.890	5.194	6.621	10.354	11.026	7.174	10.192	13.062	12.431	11.777	14.768	16.992	16.494	17.878	20.162	21.794	20.686	22.475	25.981	27.160	28.261	30.072	31.114	32.988	30.662	29.427	34.912	35.458	37.346	39.524	10.524	8.269	5.291	3.362	1.344	1.080	1.353	2.773	2.330	2.830	5.137	6.588	7.266	8.993	10.860	12.050	13.220	15.299	15.659	16.877	19.622	21.047	20.219	23.373	25.471	26.534	26.819	29.421	30.906	30.685	35.536	36.997	40.974	12.462	9.407	5.177	8.673	7.184	6.535	8.838	6.075	2.653	7.967	9.794	6.893	7.966	11.891	12.932	11.742	14.575	16.966	14.779	15.807	19.779	21.077	19.337	22.498	24.976	25.297	25.132	28.274	29.759	29.617	32.082	34.159	38.318
