0.995	1.350	3.648	5.770	3.961	6.095	7.378	7.389	8.132	12.643	13.463	17.173	16.093	13.404	16.678	19.232	15.942	16.478	20.533	21.612	19.480	21.241	24.821	23.402	23.014	27.337	29.164	26.945	30.284	32.836	33.196	33.478	35.690	37.949	38.027	39.217	41.826	42.923	46.571	49.165	49.791	54.210	56.403	58.400	59.077	59.941	17.827	19.272	20.314	21.638	19.970	23.727	24.537	20.281	24.591	27.096	26.325	24.101	29.346	30.383	29.793	30.625	33.836	33.315	31.809	35.891	38.322	35.686	36.130	41.160	42.099	41.378	42.880	46.183	45.593	43.793	48.686	50.641	54.147	21.696	23.986	23.250	25.133	27.861	25.458	29.574	31.339	26.648	27.669	31.007	30.236	26.700	30.420	32.979	31.980	31.768	36.323	37.970	37.309	39.696	42.294	41.194	43.310	45.878	47.568	47.017	49.345	51.603	52.128	53.873	56.191	55.745
1.350	0.960	1.348	2.471	2.574	5.404	7.375	7.134	9.597	13.952	14.240	18.256	18.115	15.539	18.712	21.546	18.966	19.445	23.428	24.915	23.250	24.470	28.260	27.499	27.053	31.018	33.026	31.264	34.435	36.899	37.452	37.965	39.873	42.259	42.608	43.797	46.276	47.444	50.985	53.595	53.987	58.551	60.909	62.794	63.294	64.098	19.457	21.334	22.024	23.645	21.800	25.229	26.187	22.391	26.799	29.205	28.642	26.967	31.957	32.822	32.668	33.824	36.704	36.162	35.303	39.188	41.438	38.996	39.812	44.576	45.282	45.007	46.656	49.761	49.183	47.644	52.494	54.613	58.136	23.362	25.663	25.365	27.247	30.419	28.301	32.456	34.142	29.261	30.796	34.072	32.991	29.776	33.924	36.226	35.528	35.612	39.842	41.313	40.987	43.543	45.913	44.763	47.246	49.692	51.279	50.928	53.324	55.458	55.764	57.783	60.293	59.925
3.648	1.348	0.997	1.348	3.106	5.292	6.399	5.423	8.613	12.145	11.817	15.856	16.506	13.952	16.539	19.718	17.924	17.892	21.804	23.576	22.302	22.954	26.784	26.823	26.227	29.630	31.894	30.737	33.541	35.900	36.677	37.391	38.877	41.383	42.064	43.209	45.544	46.739	50.185	52.849	53.052	57.642	60.204	62.023	62.400	63.088	16.884	18.865	19.173	21.070	19.239	22.286	23.371	20.080	24.324	26.625	26.319	25.063	29.724	30.500	30.669	31.971	34.634	34.175	33.838	37.401	39.561	37.424	38.437	42.920	43.492	43.614	45.289	48.226	47.821	46.483	51.164	53.438	56.841	20.689	22.850	22.844	24.592	28.013	26.225	30.332	31.804	26.867	28.836	32.050	30.671	27.853	32.332	34.389	34.013	34.351	38.167	39.478	39.517	42.134	44.274	43.171	45.917	48.238	49.691	49.582	51.968	54.002	54.137	56.392	59.079	58.746
5.770	2.471	1.348	0.997	1.348	3.776	6.010	6.319	9.614	13.186	13.284	17.221	17.531	15.380	18.588	21.358	19.059	20.093	23.747	25.274	24.096	25.315	28.875	28.413	28.327	31.933	33.824	32.495	35.703	38.036	38.536	39.370	41.189	43.394	43.941	45.303	47.647	48.673	52.150	54.650	54.814	59.523	61.966	63.652	64.016	64.824	19.856	21.969	22.142	24.036	21.913	24.914	25.854	22.445	26.929	29.182	28.612	27.547	32.209	32.757	32.855	34.348	36.948	36.176	35.872	39.635	41.702	39.195	40.498	45.014	45.397	45.415	47.295	50.210	49.430	48.127	53.025	55.177	58.852	23.759	25.922	26.044	27.749	31.277	29.423	33.520	34.936	29.938	31.855	35.044	33.510	30.586	35.034	37.012	36.331	36.806	40.814	41.962	41.838	44.639	46.786	45.446	48.240	50.670	52.099	51.771	54.298	56.387	56.414	58.644	61.241	61.043
3.961	2.574	3.106	1.348	0.997	1.351	4.233	5.784	7.731	12.134	13.106	16.923	16.167	14.106	17.882	20.211	17.152	18.904	22.471	23.586	22.214	24.118	27.391	26.252	26.499	30.471	31.987	30.331	33.843	36.229	36.463	37.275	39.441	41.378	41.738	43.240	45.643	46.507	50.062	52.452	52.720	57.431	59.724	61.424	61.858	62.717	21.152	22.705	23.076	24.550	22.203	25.632	26.192	22.173	26.830	29.128	28.087	26.731	31.646	32.155	31.870	33.274	36.074	35.095	34.330	38.398	40.525	37.645	38.861	43.596	44.037	43.680	45.587	48.623	47.623	46.176	51.226	53.216	57.065	25.362	27.398	27.012	28.567	31.768	29.514	33.569	34.946	29.996	31.445	34.637	33.239	29.886	33.999	36.085	34.950	35.353	39.702	40.899	40.390	43.234	45.567	44.042	46.651	49.224	50.718	50.110	52.700	54.892	54.987	57.017	59.441	59.286
6.095	5.404	5.292	3.776	1.351	0.997	1.344	3.841	6.277	9.937	11.013	14.677	14.017	12.455	16.287	18.378	15.455	17.858	21.099	22.076	21.074	23.242	26.092	24.986	25.723	29.518	30.686	29.299	32.945	35.249	35.303	36.383	38.626	40.204	40.702	42.400	44.731	45.340	48.920	51.180	51.317	56.078	58.367	59.919	60.275	61.157	21.843	22.995	22.848	24.350	21.503	24.697	24.878	21.031	25.793	27.899	26.622	25.790	30.437	30.571	30.400	32.049	34.679	33.370	32.960	37.003	38.986	35.930	37.534	42.115	42.274	42.035	44.148	47.067	45.831	44.514	49.647	51.599	55.613	26.300	27.933	27.585	28.704	31.978	29.723	33.654	34.663	29.608	31.173	34.289	32.478	29.205	33.425	35.233	33.867	34.611	38.904	39.797	39.299	42.388	44.617	42.798	45.597	48.227	49.576	48.860	51.595	53.806	53.665	55.795	58.183	58.216
7.378	7.375	6.399	6.010	4.233	1.344	0.997	1.348	3.164	6.512	8.065	11.348	10.441	9.181	13.153	14.966	12.058	14.824	17.862	18.755	18.073	20.338	22.884	22.095	23.084	26.589	27.537	26.713	30.207	32.389	32.462	33.874	35.957	37.296	38.131	39.910	42.111	42.590	46.108	48.308	48.231	53.059	55.454	56.851	57.072	57.910	20.839	21.498	21.133	22.385	19.245	22.472	22.263	18.292	23.140	25.158	23.567	22.898	27.475	27.402	27.151	28.918	31.499	29.957	29.692	33.734	35.646	32.448	34.311	38.783	38.780	38.619	40.869	43.692	42.331	41.143	46.298	48.256	52.376	25.511	26.777	26.300	27.018	30.179	27.891	31.681	32.357	27.376	28.813	31.857	29.808	26.506	30.737	32.346	30.790	31.830	36.019	36.703	36.218	39.491	41.625	39.609	42.590	45.220	46.448	45.722	48.537	50.743	50.429	52.662	55.086	55.280
7.389	7.134	5.423	6.319	5.784	3.841	1.348	0.997	1.342	3.614	3.962	7.902	7.970	6.234	9.245	11.829	10.274	11.601	14.716	16.316	16.020	17.097	20.007	20.555	21.010	23.720	25.341	25.264	28.137	30.146	30.709	32.219	33.695	35.490	36.647	38.225	40.261	41.011	44.332	46.726	46.465	51.255	53.954	55.356	55.463	56.159	15.915	16.544	15.809	17.336	14.089	17.109	17.231	13.624	18.352	20.394	19.385	19.001	23.279	23.417	23.613	25.392	27.794	26.695	26.949	30.528	32.424	29.860	31.712	35.875	35.957	36.285	38.412	41.078	40.236	39.205	44.043	46.329	50.072	20.494	21.575	21.319	21.910	25.416	23.506	27.273	27.809	22.714	24.764	27.722	25.376	22.548	27.314	28.676	27.790	29.035	32.684	33.201	33.304	36.553	38.396	36.617	39.905	42.328	43.452	43.180	45.875	47.927	47.507	50.044	52.750	52.940
8.132	9.597	8.613	9.614	7.731	6.277	3.164	1.342	1.080	1.348	2.846	6.150	5.390	2.979	6.987	9.013	6.286	8.663	11.526	12.699	12.254	14.292	16.746	16.639	17.490	20.590	21.619	21.432	24.534	26.580	26.889	28.476	30.270	31.735	32.823	34.511	36.587	37.192	40.562	42.879	42.662	47.495	50.134	51.520	51.682	52.464	17.460	17.244	16.614	17.339	13.861	17.061	16.374	12.284	17.179	19.135	17.366	16.729	21.249	21.267	20.906	22.661	25.252	23.954	23.557	27.524	29.518	26.547	28.242	32.674	32.904	32.784	34.907	37.725	36.774	35.541	40.494	42.667	46.538	22.228	22.908	22.209	22.267	25.210	22.907	26.497	26.736	21.882	23.188	26.128	23.777	20.516	24.801	26.197	24.621	25.918	29.922	30.475	30.090	33.465	35.493	33.456	36.588	39.152	40.319	39.740	42.523	44.684	44.328	46.663	49.224	49.440
12.643	13.952	12.145	13.186	12.134	9.937	6.512	3.614	1.348	0.997	1.344	2.701	2.442	2.038	4.549	6.215	6.485	8.165	10.165	11.593	12.533	13.922	15.031	16.954	18.255	20.005	20.914	22.210	24.800	26.442	26.922	28.929	30.343	31.398	33.200	34.992	36.805	37.091	40.353	42.570	41.837	46.676	49.597	50.552	50.309	51.001	19.174	18.483	16.897	17.298	13.268	16.033	14.328	10.763	15.688	17.085	14.929	15.583	19.308	18.203	18.650	20.747	22.862	20.573	22.024	25.452	26.768	23.921	26.917	30.533	29.552	30.664	33.245	35.481	34.169	33.755	38.578	40.889	44.919	23.878	23.831	23.389	22.503	25.564	23.640	26.885	26.258	21.527	23.176	25.785	22.591	19.837	24.378	25.131	23.575	25.694	29.055	28.798	28.990	32.652	34.324	31.869	35.612	38.123	38.760	38.462	41.404	43.472	42.442	45.322	48.024	48.682
13.463	14.240	11.817	13.284	13.106	11.013	8.065	3.962	2.846	1.344	1.080	1.343	3.173	2.434	2.106	4.357	6.205	6.708	7.882	9.968	11.364	11.610	12.754	15.688	16.855	17.625	19.379	21.170	23.266	24.706	25.626	27.569	28.453	30.039	31.909	33.608	35.252	35.816	38.870	41.275	40.516	45.245	48.416	49.553	49.408	49.966	15.423	14.871	12.792	13.722	9.573	12.006	10.872	7.480	12.367	13.806	11.817	12.677	16.187	15.625	16.001	18.017	20.231	18.914	19.979	23.107	24.829	22.680	24.953	28.555	28.448	29.399	31.573	33.921	33.506	32.818	37.253	39.851	43.308	20.010	19.806	19.619	18.726	22.283	20.709	23.955	23.158	18.383	20.405	22.863	19.444	16.976	21.720	22.335	21.237	23.485	26.457	26.104	26.677	30.255	31.735	29.561	33.368	35.778	36.441	36.491	39.247	41.201	40.325	43.266	46.194	46.711
17.173	18.256	15.856	17.221	16.923	14.677	11.348	7.902	6.150	2.701	1.343	1.080	1.348	3.186	2.698	2.070	4.534	6.141	6.144	8.000	10.045	11.034	10.404	13.914	15.874	16.314	17.138	19.626	21.811	22.993	23.669	25.884	26.970	27.763	30.030	31.930	33.480	33.540	36.688	38.886	37.920	42.675	45.853	46.789	46.540	47.129	18.469	17.447	14.962	14.780	10.385	12.486	9.947	7.275	11.980	12.709	10.372	11.786	14.977	13.605	13.870	16.093	18.190	16.164	17.530	20.747	22.258	19.708	22.569	25.957	25.480	26.485	28.919	31.147	30.428	29.879	34.411	36.949	40.618	23.017	22.282	21.989	20.085	23.215	21.649	24.451	23.118	18.586	20.459	22.612	18.878	16.561	20.858	21.173	19.473	22.159	25.078	24.238	24.730	28.545	29.982	27.310	31.314	33.827	34.202	34.112	37.045	39.050	37.878	40.892	43.736	44.525
16.093	18.115	16.506	17.531	16.167	14.017	10.441	7.970	5.390	2.442	3.173	1.348	0.960	1.350	3.261	2.366	2.058	4.304	6.167	6.739	7.984	10.086	10.546	12.111	14.013	15.809	15.869	17.499	20.153	21.687	21.944	24.112	25.749	26.317	28.272	30.184	31.964	32.028	35.312	37.468	36.813	41.655	44.547	45.625	45.536	46.270	20.474	19.055	17.519	16.844	12.922	15.418	12.775	9.429	13.975	15.156	12.144	12.429	16.277	15.192	14.609	16.790	19.142	16.937	17.287	21.111	22.817	19.643	22.083	26.085	25.769	26.117	28.524	31.065	29.964	29.094	33.973	36.247	40.182	25.281	24.676	23.872	22.202	24.525	22.375	25.126	24.084	19.920	20.755	23.085	19.931	16.941	20.732	21.430	19.104	21.379	24.966	24.693	24.395	28.198	30.015	27.320	30.913	33.527	34.229	33.674	36.647	38.809	37.963	40.568	43.183	43.811
13.404	15.539	13.952	15.380	14.106	12.455	9.181	6.234	2.979	2.038	2.434	3.186	1.350	0.960	1.351	3.267	2.738	2.085	4.473	6.174	6.664	7.897	10.028	11.280	12.146	14.003	15.386	16.453	18.715	20.406	21.197	22.998	24.216	25.872	27.414	29.039	30.831	31.583	34.682	37.174	36.762	41.491	44.477	45.890	45.976	46.610	16.691	15.407	14.444	13.936	10.462	13.685	11.584	7.250	11.832	13.765	11.120	10.277	14.736	14.901	14.012	15.728	18.387	17.388	16.790	20.603	22.701	20.208	21.569	25.900	26.495	26.524	28.384	31.169	30.862	29.656	34.216	36.683	40.105	21.552	21.284	20.364	19.208	21.441	19.161	22.115	21.387	17.149	17.892	20.439	17.682	14.418	18.481	19.505	17.766	19.555	23.204	23.531	23.265	26.765	28.661	26.572	29.904	32.384	33.451	33.114	35.824	37.910	37.504	39.980	42.734	43.001
16.678	18.712	16.539	18.588	17.882	16.287	13.153	9.245	6.987	4.549	2.106	2.698	3.261	1.351	0.997	1.352	3.280	2.354	1.940	4.192	5.985	6.108	7.019	9.814	11.310	11.608	13.369	15.530	17.299	18.579	19.666	21.605	22.356	24.040	25.911	27.621	29.162	29.845	32.783	35.296	34.608	39.258	42.500	43.788	43.740	44.255	13.486	11.962	10.161	9.518	5.563	8.399	5.982	2.450	7.041	8.544	6.264	6.883	10.446	10.203	10.358	12.286	14.572	13.740	14.010	17.373	19.312	17.342	18.896	22.835	23.311	23.834	25.682	28.256	28.231	27.270	31.554	34.205	37.427	18.260	17.333	16.617	14.866	17.627	15.864	18.826	17.715	13.194	15.013	17.254	13.768	11.309	15.987	16.522	15.108	17.459	20.547	20.294	20.561	24.179	25.792	23.617	27.259	29.693	30.504	30.440	33.149	35.147	34.488	37.234	40.147	40.566
19.232	21.546	19.718	21.358	20.211	18.378	14.966	11.829	9.013	6.215	4.357	2.070	2.366	3.267	1.352	0.997	1.350	3.243	2.697	2.055	4.426	6.231	5.623	7.857	10.126	11.329	11.159	13.620	15.854	17.081	17.556	19.794	21.210	21.765	23.924	25.851	27.460	27.531	30.698	32.896	32.052	36.833	39.863	40.810	40.591	41.292	19.507	17.622	15.974	14.523	10.770	12.789	9.476	6.596	10.667	10.963	7.750	8.496	11.831	10.272	9.621	11.943	14.155	11.547	12.233	15.953	17.509	14.268	17.084	20.824	20.298	20.884	23.412	25.775	24.697	24.031	28.804	31.135	35.041	24.310	23.166	22.206	19.914	22.082	20.034	22.177	20.724	16.896	17.554	19.433	16.019	13.288	16.487	17.010	14.277	16.810	20.319	19.781	19.473	23.359	25.119	22.250	25.967	28.587	29.128	28.651	31.657	33.794	32.750	35.510	38.188	38.908
15.942	18.966	17.924	19.059	17.152	15.455	12.058	10.274	6.286	6.485	6.205	4.534	2.058	2.738	3.280	1.350	0.997	1.351	3.346	2.502	2.035	4.518	6.348	6.514	7.991	10.261	10.816	11.655	14.163	15.929	16.347	18.239	19.919	21.112	22.578	24.307	26.162	26.749	29.923	32.347	32.086	36.834	39.661	41.106	41.269	42.019	20.234	17.972	17.420	15.277	12.496	15.203	12.228	8.255	12.418	13.828	10.659	9.141	13.839	13.674	11.795	13.128	16.322	14.825	12.970	17.531	19.790	16.520	17.503	22.371	23.148	22.445	24.256	27.328	26.614	25.182	30.017	32.215	35.865	25.002	24.096	22.610	20.585	21.921	19.251	21.562	20.713	17.102	16.858	19.056	16.647	12.970	15.725	17.079	14.202	15.796	20.056	20.644	19.497	23.051	25.200	22.933	25.845	28.540	29.769	28.957	31.749	33.982	33.798	35.893	38.422	38.649
16.478	19.445	17.892	20.093	18.904	17.858	14.824	11.601	8.663	8.165	6.708	6.141	4.304	2.085	2.354	3.243	1.351	0.997	1.351	3.247	2.573	2.175	4.616	6.161	6.586	8.076	10.138	11.294	12.877	14.489	15.773	17.351	18.171	20.372	21.844	23.327	25.011	26.180	29.110	31.871	31.662	36.200	39.281	41.007	41.248	41.782	13.622	11.044	10.813	8.626	6.406	10.029	8.682	3.284	7.616	10.076	8.433	5.328	10.695	12.003	10.093	10.694	14.208	13.927	11.727	15.833	18.348	16.346	16.295	21.130	22.649	22.117	23.315	26.463	26.874	25.263	29.489	31.938	34.965	18.314	17.230	15.659	13.914	15.594	13.122	16.100	15.752	11.554	11.932	14.658	12.611	8.964	12.666	14.082	12.027	13.474	17.406	18.285	17.545	20.848	22.928	21.192	24.126	26.579	27.937	27.606	30.137	32.219	32.264	34.453	37.229	37.227
20.533	23.428	21.804	23.747	22.471	21.099	17.862	14.716	11.526	10.165	7.882	6.144	6.167	4.473	1.940	2.697	3.346	1.351	0.997	1.348	3.172	2.442	2.041	4.271	6.196	6.364	7.602	9.959	11.532	12.598	13.803	15.754	16.497	18.139	19.983	21.727	23.178	23.962	26.800	29.428	28.896	33.458	36.710	38.211	38.311	38.803	17.336	14.614	12.859	9.796	7.401	7.975	5.073	2.520	5.020	5.976	3.136	2.490	6.090	6.347	5.519	7.053	9.559	9.379	8.515	12.341	14.443	12.833	13.234	17.767	18.875	18.808	20.179	23.136	23.523	22.119	26.274	28.865	31.895	21.789	19.722	18.412	14.909	16.524	14.576	16.272	14.580	10.994	11.798	13.430	9.891	7.317	11.169	11.487	9.492	11.859	15.285	14.979	14.886	18.555	20.336	18.173	21.513	24.018	25.046	24.728	27.403	29.488	29.145	31.569	34.392	34.671
21.612	24.915	23.576	25.274	23.586	22.076	18.755	16.316	12.699	11.593	9.968	8.000	6.739	6.174	4.192	2.055	2.502	3.247	1.348	0.997	1.352	3.248	2.561	2.006	4.462	6.277	5.922	7.684	9.935	11.367	11.648	13.768	15.543	16.278	17.978	19.845	21.562	21.965	25.070	27.498	27.225	31.913	34.827	36.379	36.632	37.313	21.393	18.773	17.899	15.029	12.587	14.262	11.282	7.620	10.994	11.762	8.606	6.908	11.047	10.926	7.927	9.585	12.467	10.588	8.365	13.049	15.226	11.931	12.740	17.672	18.599	17.808	19.436	22.596	22.290	20.665	25.282	27.567	30.993	26.073	24.614	23.078	20.236	21.295	18.721	20.403	19.102	15.735	15.561	17.134	14.379	11.042	12.757	14.123	10.118	11.789	16.331	16.645	15.022	18.722	20.921	18.377	21.115	23.957	25.172	24.098	26.961	29.268	29.112	31.055	33.507	33.784
19.480	23.250	22.302	24.096	22.214	21.074	18.073	16.020	12.254	12.533	11.364	10.045	7.984	6.664	5.985	4.426	2.035	2.573	3.172	1.352	0.997	1.353	3.347	2.513	2.149	4.499	6.240	6.423	8.161	10.147	11.116	12.515	13.965	15.897	17.073	18.512	20.359	21.579	24.631	27.438	27.646	32.112	34.938	36.955	37.454	38.073	19.892	17.024	17.318	14.245	12.820	15.692	13.191	8.786	11.804	13.689	10.743	7.572	12.310	13.316	10.285	9.984	14.258	13.493	9.635	14.331	17.300	14.618	13.400	19.075	20.962	19.469	20.244	23.923	24.370	22.115	26.416	28.443	31.582	24.375	23.361	21.317	19.224	19.722	16.535	18.423	17.889	14.704	13.605	15.457	13.830	9.653	10.806	13.151	9.735	10.114	15.164	16.582	14.694	17.661	20.237	18.642	20.607	23.390	25.067	24.200	26.689	28.969	29.527	31.089	33.540	33.318
21.241	24.470	22.954	25.315	24.118	23.242	20.338	17.097	14.292	13.922	11.610	11.034	10.086	7.897	6.108	6.231	4.518	2.175	2.442	3.248	1.353	0.997	1.352	3.243	2.657	2.265	4.574	6.334	7.035	8.288	10.169	11.606	11.888	14.357	16.009	17.414	18.889	20.374	23.139	26.156	26.158	30.432	33.614	35.663	36.058	36.477	16.036	12.776	12.855	9.020	8.448	10.697	9.312	4.601	6.131	8.964	7.126	2.398	7.306	9.267	6.994	5.508	9.921	10.893	7.258	10.887	14.023	13.077	11.019	16.429	18.579	17.573	18.013	21.613	22.715	20.687	24.464	26.609	29.407	20.348	18.785	16.731	13.952	14.503	11.714	13.399	12.326	9.077	8.591	10.373	8.241	4.280	6.910	8.446	6.432	7.361	11.574	12.739	11.704	14.755	17.068	15.702	18.009	20.527	22.136	21.734	24.095	26.217	26.754	28.549	31.275	31.035
24.821	28.260	26.784	28.875	27.391	26.092	22.884	20.007	16.746	15.031	12.754	10.404	10.546	10.028	7.019	5.623	6.348	4.616	2.041	2.561	3.347	1.352	0.997	1.352	3.256	2.592	1.961	4.232	5.978	6.651	7.708	9.736	10.905	12.072	13.820	15.654	17.077	17.868	20.675	23.410	23.201	27.672	30.804	32.613	32.946	33.462	21.655	18.537	16.987	13.165	11.406	10.773	8.206	6.267	6.976	6.415	2.871	2.329	4.885	5.038	2.466	3.123	6.106	6.462	3.924	7.903	10.376	8.715	8.287	13.156	14.826	14.080	15.169	18.412	18.937	17.252	21.352	23.639	26.686	25.852	23.526	21.821	17.547	18.245	15.837	16.216	14.191	11.532	11.599	11.706	8.414	6.418	8.035	8.143	4.912	7.128	11.064	10.584	10.008	13.716	15.690	13.342	16.165	18.958	20.162	19.402	22.092	24.344	24.313	26.313	28.874	28.978
23.402	27.499	26.823	28.413	26.252	24.986	22.095	20.555	16.639	16.954	15.688	13.914	12.111	11.280	9.814	7.857	6.514	6.161	4.271	2.006	2.513	3.243	1.352	0.997	1.352	3.235	2.476	1.997	4.301	6.152	6.120	7.833	9.915	11.133	12.211	13.916	15.784	16.604	19.748	22.368	22.654	27.178	29.776	31.673	32.241	33.031	24.231	21.027	20.892	16.977	16.003	17.248	14.899	11.359	13.021	14.090	10.768	8.059	12.039	12.332	9.066	8.590	12.600	11.570	6.668	11.889	14.589	11.116	9.837	15.704	17.342	15.121	16.162	19.932	19.699	17.151	21.913	23.650	27.156	28.532	26.944	24.824	21.723	21.887	18.707	19.734	18.731	15.803	14.758	15.780	13.721	9.929	10.577	12.461	7.877	7.834	13.659	14.624	11.537	14.701	17.550	15.586	16.748	19.956	21.717	20.095	22.698	25.216	25.919	27.002	29.115	28.941
23.014	27.053	26.227	28.327	26.499	25.723	23.084	21.010	17.490	18.255	16.855	15.874	14.013	12.146	11.310	10.126	7.991	6.586	6.196	4.462	2.149	2.657	3.256	1.352	0.997	1.351	3.363	2.527	2.063	4.471	6.185	6.723	7.866	10.058	11.370	12.478	14.258	15.933	19.034	22.196	22.933	27.011	29.774	32.333	33.116	33.627	21.410	18.002	18.854	14.822	15.140	17.322	15.885	11.469	12.320	15.073	12.364	8.171	12.610	14.035	10.915	9.089	13.815	13.798	8.044	12.077	15.785	13.697	10.372	16.477	18.782	16.720	16.448	20.737	21.901	19.075	22.645	24.081	27.036	25.246	24.092	21.343	18.831	18.306	14.651	15.703	15.638	13.085	10.994	12.463	11.944	7.607	6.956	10.672	7.224	5.383	11.410	13.226	10.297	12.435	15.724	14.904	15.348	18.323	20.370	19.376	21.383	23.863	25.176	26.091	28.308	27.656
27.337	31.018	29.630	31.933	30.471	29.518	26.589	23.720	20.590	20.005	17.625	16.314	15.809	14.003	11.608	11.329	10.261	8.076	6.364	6.277	4.499	2.265	2.592	3.235	1.351	0.997	1.352	3.225	2.505	1.956	4.245	5.968	6.063	7.987	9.896	11.371	12.582	14.159	16.797	19.992	20.302	24.325	27.478	29.860	30.457	30.834	21.488	17.710	17.213	12.530	12.928	13.026	11.974	8.891	7.853	9.339	7.445	2.956	5.531	7.735	5.679	1.710	6.560	8.327	4.518	6.338	10.257	10.838	7.024	12.471	14.968	13.553	13.043	17.296	18.772	16.219	19.446	21.042	23.817	25.102	22.831	20.266	16.141	15.685	12.525	12.395	10.867	8.696	7.497	7.363	5.301	1.794	2.928	3.869	1.754	2.735	6.389	7.530	6.720	9.552	11.839	10.857	12.178	15.112	16.928	16.063	18.282	20.636	21.666	22.840	25.272	24.869
29.164	33.026	31.894	33.824	31.987	30.686	27.537	25.341	21.619	20.914	19.379	17.138	15.869	15.386	13.369	11.159	10.816	10.138	7.602	5.922	6.240	4.574	1.961	2.476	3.363	1.352	0.997	1.352	3.274	2.600	1.877	4.161	6.075	6.415	7.813	9.866	11.375	11.974	14.892	17.666	17.704	22.186	25.106	26.969	27.383	28.013	26.736	23.166	23.081	18.612	18.546	18.833	16.673	13.968	14.213	14.404	11.212	8.793	11.595	10.637	7.250	7.021	9.976	7.945	2.519	7.583	10.026	6.539	4.395	10.255	12.027	9.727	10.507	14.312	14.735	12.088	16.365	18.404	21.670	30.634	28.757	26.256	22.640	22.223	18.827	19.039	18.049	15.650	13.976	14.284	12.644	8.797	8.655	10.246	5.050	4.970	10.380	10.342	6.777	10.679	13.070	10.323	11.957	15.197	16.613	14.847	17.701	20.226	20.473	21.797	23.915	23.956
26.945	31.264	30.737	32.495	30.331	29.299	26.713	25.264	21.432	22.210	21.170	19.626	17.499	16.453	15.530	13.620	11.655	11.294	9.959	7.684	6.423	6.334	4.232	1.997	2.527	3.225	1.352	0.997	1.350	3.349	2.272	2.032	4.359	6.133	6.650	7.961	10.019	11.372	14.665	17.715	18.922	22.934	25.304	28.031	29.053	29.734	27.533	24.136	24.766	20.457	20.586	21.579	19.767	16.339	16.708	17.993	14.986	11.466	15.029	15.439	12.165	10.500	14.433	13.795	7.186	11.864	15.138	12.283	8.669	14.908	16.960	14.176	14.194	18.528	19.120	15.804	19.647	20.679	23.886	31.350	30.118	27.354	24.348	23.735	20.073	20.536	19.989	17.622	15.620	16.240	15.061	10.934	10.436	12.849	7.958	6.208	12.368	13.545	8.931	11.561	15.218	13.823	13.131	16.623	18.801	16.751	18.571	21.550	23.071	23.255	24.894	24.180
30.284	34.435	33.541	35.703	33.843	32.945	30.207	28.137	24.534	24.800	23.266	21.811	20.153	18.715	17.299	15.854	14.163	12.877	11.532	9.935	8.161	7.035	5.978	4.301	2.063	2.505	3.274	1.350	0.997	1.350	3.250	2.597	2.079	4.419	6.150	6.812	8.234	10.214	13.438	16.881	18.216	21.721	24.465	27.542	28.566	28.945	26.896	23.114	23.725	19.092	20.354	21.131	20.145	16.655	15.542	17.879	15.613	11.125	14.058	15.845	12.861	9.877	14.015	14.765	8.091	10.866	15.157	13.879	8.875	14.679	17.123	14.566	13.093	17.944	19.500	16.456	18.726	19.687	22.338	30.190	28.594	25.480	22.148	21.041	17.285	17.085	16.839	15.087	12.410	12.683	12.519	8.550	6.887	9.888	6.716	2.870	8.902	10.823	6.706	8.304	12.308	12.037	10.508	13.732	16.095	14.746	16.007	18.893	20.719	21.059	22.896	21.890
32.836	36.899	35.900	38.036	36.229	35.249	32.389	30.146	26.580	26.442	24.706	22.993	21.687	20.406	18.579	17.081	15.929	14.489	12.598	11.367	10.147	8.288	6.651	6.152	4.471	1.956	2.600	3.349	1.350	0.997	1.349	3.257	2.501	2.079	4.477	6.208	6.863	8.283	10.770	14.136	14.973	18.674	21.650	24.433	25.301	25.677	29.296	25.495	25.589	20.896	21.647	21.664	20.458	17.524	16.437	17.390	15.121	11.486	13.264	14.123	10.839	8.886	11.827	11.724	5.259	7.410	11.360	10.101	4.525	10.149	12.589	10.262	8.898	13.500	15.213	12.723	15.123	16.238	19.002	32.718	30.785	27.885	24.030	23.098	19.541	18.916	17.992	16.466	14.139	13.478	12.649	9.441	8.010	8.682	5.223	2.653	7.561	8.153	3.080	6.541	9.616	7.953	7.876	11.268	13.101	11.504	13.489	16.311	17.488	18.109	19.977	19.427
33.196	37.452	36.677	38.536	36.463	35.303	32.462	30.709	26.889	26.922	25.626	23.669	21.944	21.197	19.666	17.556	16.347	15.773	13.803	11.648	11.116	10.169	7.708	6.120	6.185	4.245	1.877	2.272	3.250	1.349	0.960	1.351	3.280	2.385	1.984	4.409	6.097	6.581	9.801	12.778	13.996	18.098	20.374	23.209	24.258	24.894	31.768	28.038	28.193	23.552	24.096	24.429	22.875	19.837	19.319	20.262	17.562	14.103	16.549	16.836	13.368	11.932	15.003	14.016	7.447	10.827	14.215	11.259	7.150	12.701	14.622	10.891	9.991	14.742	15.450	11.723	14.789	15.762	19.049	35.310	33.473	30.611	26.931	26.008	22.383	21.989	21.318	19.551	17.155	16.953	16.183	12.535	11.343	12.575	8.592	5.910	11.263	11.666	6.072	9.527	12.735	10.902	9.673	13.478	15.351	12.282	14.672	17.706	18.882	18.807	20.348	19.875
33.478	37.965	37.391	39.370	37.275	36.383	33.874	32.219	28.476	28.929	27.569	25.884	24.112	22.998	21.605	19.794	18.239	17.351	15.754	13.768	12.515	11.606	9.736	7.833	6.723	5.968	4.161	2.032	2.597	3.257	1.351	0.997	1.352	3.252	2.581	2.110	4.464	6.149	10.117	13.278	15.588	18.913	20.909	24.432	25.934	26.480	31.879	28.128	28.917	24.330	25.521	26.262	24.867	21.547	20.877	22.474	19.830	16.010	18.716	19.434	16.000	14.224	17.532	16.901	10.173	13.268	16.949	14.690	9.866	15.533	17.706	14.285	12.965	17.837	18.851	15.074	17.654	18.177	20.895	35.084	33.623	30.379	27.187	25.889	22.074	21.760	21.811	20.289	17.366	17.494	17.689	13.896	11.891	14.384	10.774	7.024	12.535	13.646	8.108	9.697	14.029	13.196	10.764	14.221	16.637	14.330	14.862	18.452	20.350	19.844	20.818	19.524
35.690	39.873	38.877	41.189	39.441	38.626	35.957	33.695	30.270	30.343	28.453	26.970	25.749	24.216	22.356	21.210	19.919	18.171	16.497	15.543	13.965	11.888	10.905	9.915	7.866	6.063	6.075	4.359	2.079	2.501	3.280	1.352	0.997	1.351	3.265	2.632	2.248	4.511	7.913	11.474	13.740	16.414	19.024	22.682	23.999	24.266	30.410	26.448	26.833	22.033	23.883	24.168	23.545	20.398	18.403	20.553	18.711	14.387	16.111	17.948	14.938	12.221	15.287	15.925	9.928	10.428	15.044	14.555	8.579	13.679	16.243	13.710	11.009	16.134	17.955	14.827	15.521	15.805	18.012	33.172	31.278	27.926	24.220	22.617	18.942	17.827	17.740	16.962	13.838	13.144	13.967	11.034	7.957	10.096	7.581	3.314	7.248	8.900	4.864	4.193	8.735	9.621	7.048	9.942	12.536	11.261	11.382	14.795	16.857	16.576	17.681	16.335
37.949	42.259	41.383	43.394	41.378	40.204	37.296	35.490	31.735	31.398	30.039	27.763	26.317	25.872	24.040	21.765	21.112	20.372	18.139	16.278	15.897	14.357	12.072	11.133	10.058	7.987	6.415	6.133	4.419	2.079	2.385	3.252	1.351	0.976	1.350	3.216	2.723	2.317	4.629	6.901	7.158	11.212	14.192	16.348	17.146	17.771	35.039	31.172	31.372	26.617	27.673	27.775	26.472	23.591	22.441	23.322	20.872	17.596	19.116	18.989	15.679	14.468	16.340	14.665	9.500	11.129	13.657	10.604	6.991	11.021	11.636	7.687	6.279	10.671	10.700	6.318	8.412	8.910	12.353	38.205	36.301	33.186	29.387	28.102	24.445	23.494	23.024	21.869	19.092	18.384	18.297	15.174	12.950	13.491	10.104	7.329	11.422	10.637	5.275	7.582	10.892	8.296	6.226	9.890	11.725	7.213	9.373	12.764	13.718	12.586	13.788	13.991
38.027	42.608	42.064	43.941	41.738	40.702	38.131	36.647	32.823	33.200	31.909	30.030	28.272	27.414	25.911	23.924	22.578	21.844	19.983	17.978	17.073	16.009	13.820	12.211	11.370	9.896	7.813	6.650	6.150	4.477	1.984	2.581	3.265	1.350	0.997	1.348	3.111	2.558	6.410	8.921	11.244	14.933	16.451	19.893	21.621	22.364	36.897	33.110	33.510	28.816	29.793	30.109	28.748	25.693	24.794	25.893	23.382	19.836	21.846	22.171	18.765	17.303	19.867	18.690	12.777	14.669	17.990	15.626	10.826	15.458	17.398	13.729	11.502	16.517	17.557	13.447	14.790	14.710	17.751	40.130	38.425	35.285	31.695	30.418	26.694	25.928	25.594	24.318	21.504	21.010	20.938	17.601	15.555	16.508	13.195	9.911	14.304	14.196	8.653	10.362	14.206	12.447	9.764	13.449	15.594	12.109	13.069	16.812	18.388	17.376	17.930	16.709
39.217	43.797	43.209	45.303	43.240	42.400	39.910	38.225	34.511	34.992	33.608	31.930	30.184	29.039	27.621	25.851	24.307	23.327	21.727	19.845	18.512	17.414	15.654	13.916	12.478	11.371	9.866	7.961	6.812	6.208	4.409	2.110	2.632	3.216	1.348	0.997	1.347	2.919	6.617	9.665	13.017	15.389	16.976	21.242	23.121	23.514	36.776	32.960	33.716	29.025	30.761	31.264	30.279	27.042	25.565	27.452	25.151	21.209	23.181	24.134	20.792	18.973	21.684	20.962	14.934	16.316	20.063	18.106	12.932	17.475	19.637	16.200	13.517	18.593	19.916	16.028	16.717	16.409	18.271	39.582	38.038	34.583	31.202	29.545	25.815	24.797	24.932	24.195	20.982	20.329	21.268	18.216	15.227	17.042	14.222	10.386	13.993	14.824	9.845	9.245	13.938	13.757	9.994	13.199	15.746	13.025	11.793	16.232	18.244	17.018	17.097	15.138
41.826	46.276	45.544	47.647	45.643	44.731	42.111	40.261	36.587	36.805	35.252	33.480	31.964	30.831	29.162	27.460	26.162	25.011	23.178	21.562	20.359	18.889	17.077	15.784	14.258	12.582	11.375	10.019	8.234	6.863	6.097	4.464	2.248	2.723	3.111	1.347	0.997	1.351	3.184	6.751	9.799	11.417	13.885	18.099	19.653	19.786	38.484	34.559	34.854	30.065	31.680	31.654	30.830	27.899	26.106	27.420	25.493	21.765	22.874	23.669	20.590	18.639	20.512	20.023	15.082	14.831	18.325	16.733	11.428	14.768	17.312	14.572	10.679	15.541	17.313	13.994	13.225	12.635	14.057	41.178	39.284	35.909	32.108	30.428	26.852	25.357	25.140	24.750	21.691	20.483	21.193	18.745	15.440	15.949	13.075	10.630	12.693	12.458	7.960	7.256	11.149	10.329	6.021	9.159	11.654	8.939	7.672	11.836	13.902	12.697	12.926	11.405
42.923	47.444	46.739	48.673	46.507	45.340	42.590	41.011	37.192	37.091	35.816	33.540	32.028	31.583	29.845	27.531	26.749	26.180	23.962	21.965	21.579	20.374	17.868	16.604	15.933	14.159	11.974	11.372	10.214	8.283	6.581	6.149	4.511	2.317	2.558	2.919	1.351	0.976	1.346	3.032	4.227	8.413	9.784	12.498	14.223	15.257	40.908	37.054	37.380	32.639	33.784	33.734	32.299	29.572	28.474	28.994	26.538	23.609	24.718	24.233	21.042	19.893	21.045	19.256	14.863	16.091	17.173	14.337	10.955	14.088	14.313	10.735	8.776	12.820	12.537	8.265	9.369	8.322	12.245	43.876	42.074	38.794	35.087	33.579	29.915	28.716	28.455	27.662	24.705	23.778	24.084	21.233	18.493	18.856	15.638	13.231	16.106	15.106	10.477	10.862	14.297	11.542	8.643	11.966	13.948	9.285	9.223	13.784	15.003	12.845	12.674	11.543
46.571	50.985	50.185	52.150	50.062	48.920	46.108	44.332	40.562	40.353	38.870	36.688	35.312	34.682	32.783	30.698	29.923	29.110	26.800	25.070	24.631	23.139	20.675	19.748	19.034	16.797	14.892	14.665	13.438	10.770	9.801	10.117	7.913	4.629	6.410	6.617	3.184	1.346	0.996	1.350	4.077	4.693	7.279	11.726	13.263	13.221	43.912	40.022	39.999	35.233	36.168	35.836	34.593	31.928	30.655	31.025	28.861	25.837	26.535	26.433	23.359	21.704	22.924	21.721	17.521	17.661	19.131	16.873	12.858	15.160	16.115	12.914	9.830	13.619	14.015	9.917	9.213	7.446	8.440	46.867	44.839	41.677	37.675	36.225	32.688	31.187	30.641	30.039	27.273	25.921	25.984	23.554	20.576	20.156	17.019	15.526	17.035	15.546	11.672	11.939	13.869	11.299	8.417	10.605	11.747	7.459	5.731	10.433	11.193	8.205	7.143	5.960
49.165	53.595	52.849	54.650	52.452	51.180	48.308	46.726	42.879	42.570	41.275	38.886	37.468	37.174	35.296	32.896	32.347	31.871	29.428	27.498	27.438	26.156	23.410	22.368	22.196	19.992	17.666	17.715	16.881	14.136	12.778	13.278	11.474	6.901	8.921	9.665	6.751	3.032	1.350	0.997	1.345	3.895	6.032	9.635	11.297	11.785	47.356	43.465	43.397	38.652	39.302	38.864	37.392	34.876	33.815	33.818	31.515	28.859	29.326	28.807	25.786	24.347	25.155	23.585	19.756	20.128	20.721	18.218	14.953	16.919	16.962	13.640	11.446	14.560	14.115	9.848	9.561	6.870	8.630	50.448	48.407	45.289	41.262	39.941	36.433	34.982	34.295	33.627	30.951	29.535	29.384	26.983	24.144	23.480	20.287	19.082	20.565	18.711	14.982	15.613	17.224	14.046	11.947	14.302	14.562	9.879	9.478	13.548	13.235	10.129	8.809	8.782
49.791	53.987	53.052	54.814	52.720	51.317	48.231	46.465	42.662	41.837	40.516	37.920	36.813	36.762	34.608	32.052	32.086	31.662	28.896	27.225	27.646	26.158	23.201	22.654	22.933	20.302	17.704	18.922	18.216	14.973	13.996	15.588	13.740	7.158	11.244	13.017	9.799	4.227	4.077	1.345	0.995	1.346	3.429	6.136	7.450	8.163	47.461	43.666	43.031	38.436	38.579	37.717	36.127	33.951	32.882	32.290	30.118	27.835	27.660	26.827	24.110	22.618	22.795	21.170	18.166	17.731	17.670	15.329	12.866	13.537	13.165	10.029	8.319	10.379	9.692	5.694	5.251	3.103	6.313	50.652	48.310	45.499	41.105	40.116	36.841	35.264	34.132	33.478	31.152	29.322	28.742	26.793	23.929	22.522	19.470	19.116	19.807	17.227	14.333	15.341	15.466	11.975	10.925	13.216	12.283	7.236	9.189	12.269	11.025	8.548	7.424	8.796
54.210	58.551	57.642	59.523	57.431	56.078	53.059	51.255	47.495	46.676	45.245	42.675	41.655	41.491	39.258	36.833	36.834	36.200	33.458	31.913	32.112	30.432	27.672	27.178	27.011	24.325	22.186	22.934	21.721	18.674	18.098	18.913	16.414	11.212	14.933	15.389	11.417	8.413	4.693	3.895	1.346	0.997	1.339	3.592	5.444	6.054	51.052	47.110	46.436	41.760	42.375	41.362	40.182	38.003	36.476	36.049	34.271	31.734	31.170	30.773	28.262	26.258	26.365	25.268	22.437	21.135	21.278	19.508	16.781	16.578	16.732	14.060	11.480	12.848	12.891	9.254	8.210	4.417	2.631	53.817	51.350	48.368	43.875	42.545	39.351	37.318	36.223	36.151	33.793	31.654	31.528	30.117	26.502	25.026	22.426	21.503	21.337	19.223	16.770	16.281	15.970	13.373	11.432	12.116	11.288	7.744	7.282	9.669	7.955	5.163	2.492	3.834
56.403	60.909	60.204	61.966	59.724	58.367	55.454	53.954	50.134	49.597	48.416	45.853	44.547	44.477	42.500	39.863	39.661	39.281	36.710	34.827	34.938	33.614	30.804	29.776	29.774	27.478	25.106	25.304	24.465	21.650	20.374	20.909	19.024	14.192	16.451	16.976	13.885	9.784	7.279	6.032	3.429	1.339	1.080	1.351	4.143	5.966	54.778	50.844	50.625	45.851	46.431	45.718	44.270	41.947	40.767	40.449	38.314	35.859	35.777	35.114	32.368	30.761	31.029	29.506	26.436	25.915	25.856	23.643	21.127	21.503	20.971	18.086	16.308	17.354	16.364	12.949	12.513	8.342	8.280	57.812	55.645	52.561	48.378	47.024	43.592	41.939	41.037	40.590	38.079	36.390	36.181	34.150	31.042	29.988	27.005	26.045	26.708	24.631	21.607	21.778	22.146	19.232	17.345	18.736	18.095	13.841	13.190	16.653	14.755	12.074	6.551	8.531
58.400	62.794	62.023	63.652	61.424	59.919	56.851	55.356	51.520	50.552	49.553	46.789	45.625	45.890	43.788	40.810	41.106	41.007	38.211	36.379	36.955	35.663	32.613	31.673	32.333	29.860	26.969	28.031	27.542	24.433	23.209	24.432	22.682	16.348	19.893	21.242	18.099	12.498	11.726	9.635	6.136	3.592	1.351	0.997	1.345	4.064	57.124	53.269	52.665	48.011	48.061	47.054	45.389	43.369	42.309	41.485	39.351	37.230	36.820	35.767	33.259	31.818	31.550	29.833	27.319	26.556	25.869	23.713	21.750	21.492	20.398	17.829	16.500	16.528	15.139	12.511	11.924	7.586	8.661	60.350	58.000	55.165	50.740	49.710	46.425	44.787	43.545	42.992	40.769	38.864	38.218	36.415	33.499	31.958	29.020	28.671	29.080	26.469	23.826	24.462	24.052	20.831	19.782	21.008	19.501	15.309	16.284	18.572	15.710	13.487	7.434	12.033
59.077	63.294	62.400	64.016	61.858	60.275	57.072	55.463	51.682	50.309	49.408	46.540	45.536	45.976	43.740	40.591	41.269	41.248	38.311	36.632	37.454	36.058	32.946	32.241	33.116	30.457	27.383	29.053	28.566	25.301	24.258	25.934	23.999	17.146	21.621	23.121	19.653	14.223	13.263	11.297	7.450	5.444	4.143	1.345	0.960	1.346	57.389	53.584	52.713	48.146	47.956	46.759	45.044	43.215	42.135	41.072	39.018	37.040	36.409	35.209	32.898	31.486	30.914	29.183	26.982	26.041	25.037	23.043	21.305	20.681	19.346	17.147	15.889	15.311	13.818	12.035	11.074	6.869	8.108	60.658	58.166	55.467	50.883	50.007	46.849	45.147	43.716	43.189	41.149	39.088	38.252	36.681	33.776	31.966	29.151	29.062	29.227	26.417	24.081	24.745	23.938	20.705	20.008	20.964	19.095	15.177	16.629	18.068	14.892	13.035	6.642	12.296
59.941	64.098	63.088	64.824	62.717	61.157	57.910	56.159	52.464	51.001	49.966	47.129	46.270	46.610	44.255	41.292	42.019	41.782	38.803	37.313	38.073	36.477	33.462	33.031	33.627	30.834	28.013	29.734	28.945	25.677	24.894	26.480	24.266	17.771	22.364	23.514	19.786	15.257	13.221	11.785	8.163	6.054	5.966	4.064	1.346	0.996	57.349	53.567	52.474	47.993	47.885	46.522	44.999	43.251	41.934	40.830	39.035	36.957	36.062	35.041	32.923	31.241	30.537	29.124	26.997	25.634	24.692	23.098	21.147	20.092	19.110	17.264	15.463	14.605	13.820	12.360	10.657	6.846	6.428	60.386	57.763	55.082	50.408	49.498	46.464	44.551	43.104	42.821	40.799	38.530	37.836	36.577	33.376	31.403	28.818	28.642	28.388	25.626	23.659	23.807	22.688	19.821	19.073	19.396	17.359	14.145	15.204	15.741	12.529	11.126	5.494	10.757
17.827	19.457	16.884	19.856	21.152	21.843	20.839	15.915	17.460	19.174	15.423	18.469	20.474	16.691	13.486	19.507	20.234	13.622	17.336	21.393	19.892	16.036	21.655	24.231	21.410	21.488	26.736	27.533	26.896	29.296	31.768	31.879	30.410	35.039	36.897	36.776	38.484	40.908	43.912	47.356	47.461	51.052	54.778	57.124	57.389	57.349	1.036	1.349	3.716	5.678	7.845	9.780	13.090	12.511	12.585	15.813	17.509	15.934	19.078	21.678	22.837	22.775	25.412	27.387	27.450	28.813	31.532	32.428	31.537	35.257	37.136	38.124	38.368	41.182	42.797	42.005	45.039	47.382	49.226	2.026	3.769	3.461	6.474	9.921	9.871	13.785	15.320	11.889	14.645	17.659	16.791	16.593	20.956	23.121	24.971	25.043	26.334	28.656	30.533	31.716	32.937	34.045	36.645	37.908	39.471	41.022	42.604	43.849	44.615	47.241	50.643	49.578
19.272	21.334	18.865	21.969	22.705	22.995	21.498	16.544	17.244	18.483	14.871	17.447	19.055	15.407	11.962	17.622	17.972	11.044	14.614	18.773	17.024	12.776	18.537	21.027	18.002	17.710	23.166	24.136	23.114	25.495	28.038	28.128	26.448	31.172	33.110	32.960	34.559	37.054	40.022	43.465	43.666	47.110	50.844	53.269	53.584	53.567	1.349	0.960	1.344	2.910	5.627	7.969	11.398	10.215	9.261	13.280	15.021	12.559	15.739	18.773	19.838	19.041	22.206	24.271	23.935	25.149	28.139	29.214	27.856	31.670	33.806	34.624	34.599	37.567	39.344	38.481	41.366	43.591	45.344	4.978	3.904	2.823	3.694	6.964	6.448	10.250	11.713	8.104	10.681	13.691	13.076	12.659	16.924	19.166	21.113	21.054	22.326	24.825	26.630	27.696	29.020	30.175	32.668	33.925	35.507	37.081	38.607	39.864	40.748	43.270	46.650	45.596
20.314	22.024	19.173	22.142	23.076	22.848	21.133	15.809	16.614	16.897	12.792	14.962	17.519	14.444	10.161	15.974	17.420	10.813	12.859	17.899	17.318	12.855	16.987	20.892	18.854	17.213	23.081	24.766	23.725	25.589	28.193	28.917	26.833	31.372	33.510	33.716	34.854	37.380	39.999	43.397	43.031	46.436	50.625	52.665	52.713	52.474	3.716	1.344	0.960	1.352	3.218	3.652	7.206	7.741	6.490	9.835	11.886	11.297	12.998	15.820	17.391	17.503	19.513	21.738	22.651	23.267	25.799	27.245	26.652	29.774	31.533	33.023	33.335	35.758	37.483	37.298	39.904	42.424	43.916	6.815	4.530	4.319	3.097	7.370	7.980	10.984	10.544	6.448	10.472	13.001	10.707	11.811	16.432	17.857	19.960	21.019	21.391	22.999	25.562	27.005	27.356	28.626	31.613	32.834	34.035	35.856	37.576	38.517	38.876	41.978	45.597	44.896
21.638	23.645	21.070	24.036	24.550	24.350	22.385	17.336	17.339	17.298	13.722	14.780	16.844	13.936	9.518	14.523	15.277	8.626	9.796	15.029	14.245	9.020	13.165	16.977	14.822	12.530	18.612	20.457	19.092	20.896	23.552	24.330	22.033	26.617	28.816	29.025	30.065	32.639	35.233	38.652	38.436	41.760	45.851	48.011	48.146	47.993	5.678	2.910	1.352	0.997	1.350	2.925	5.778	5.550	2.769	6.748	8.882	7.041	9.159	12.280	13.694	13.046	15.765	17.960	18.367	19.021	21.827	23.284	22.181	25.561	27.597	28.807	28.853	31.518	33.344	32.950	35.540	37.922	39.486	9.483	7.154	5.340	2.944	5.122	4.224	7.279	7.404	3.082	6.042	8.657	6.987	7.085	11.728	13.299	15.390	16.226	16.866	18.758	20.974	22.355	23.153	24.218	27.031	28.348	29.661	31.347	33.016	34.118	34.659	37.507	41.035	40.273
19.970	21.800	19.239	21.913	22.203	21.503	19.245	14.089	13.861	13.268	9.573	10.385	12.922	10.462	5.563	10.770	12.496	6.406	7.401	12.587	12.820	8.448	11.406	16.003	15.140	12.928	18.546	20.586	20.354	21.647	24.096	25.521	23.883	27.673	29.793	30.761	31.680	33.784	36.168	39.302	38.579	42.375	46.431	48.061	47.956	47.885	7.845	5.627	3.218	1.350	0.960	1.344	3.134	2.409	2.215	4.456	6.121	6.544	8.501	10.378	11.743	12.883	14.537	16.265	17.351	18.528	20.710	21.779	21.836	24.845	26.203	27.811	28.629	30.839	32.325	32.110	34.977	37.783	39.622	12.183	10.108	9.223	6.830	10.188	9.352	12.489	11.551	6.950	10.336	12.544	8.766	8.568	13.803	14.511	16.023	17.807	18.976	19.205	21.600	23.953	24.324	24.384	27.910	29.663	30.467	31.903	33.955	35.191	34.939	38.209	41.776	41.629
23.727	25.229	22.286	24.914	25.632	24.697	22.472	17.109	17.061	16.033	12.006	12.486	15.418	13.685	8.399	12.789	15.203	10.029	7.975	14.262	15.692	10.697	10.773	17.248	17.322	13.026	18.833	21.579	21.131	21.664	24.429	26.262	24.168	27.775	30.109	31.264	31.654	33.734	35.836	38.864	37.717	41.362	45.718	47.054	46.759	46.522	9.780	7.969	3.652	2.925	1.344	1.080	1.349	3.250	2.541	2.077	4.406	6.320	6.717	7.977	10.118	11.663	12.331	14.213	15.911	16.822	18.624	20.141	20.822	23.150	24.109	26.225	27.351	29.111	30.591	30.948	33.474	36.428	38.047	13.005	10.285	10.128	6.593	10.543	10.590	12.802	10.496	6.360	10.480	12.152	7.646	8.924	13.642	13.899	15.287	17.602	18.309	17.612	20.761	23.229	22.767	22.876	26.847	28.565	28.863	30.559	32.746	33.702	33.083	36.774	40.455	40.603
