0.003	0.028	0.455	0.325	0.797	0.484	0.541	0.604	0.579	0.919	0.889	1.041	1.126	1.048	1.020	1.193	1.463	1.224	1.236	1.573	1.503	1.342	1.430	1.615	1.583	1.448	1.567	1.696	1.498	1.488	1.629	1.569	1.517	1.549	1.622	1.560	1.536	1.621	1.696	1.535	1.502	1.689	1.630	1.760	2.049	2.620	2.273	1.774	1.655	1.295	1.618	1.329	1.348	1.572	1.386	1.477	1.475	1.419	1.566	1.485	1.416	1.432	1.466	1.565	1.517	1.552	1.537	1.537	1.592	1.572	1.648	1.635	1.661	1.608	1.611	1.792	1.672	1.709	1.745	1.760	1.870	3.255	2.053	1.482	1.472	1.336	1.174	1.715	1.509	1.404	1.310	1.396	1.638	1.449	1.375	1.638	1.480	1.349	1.445	1.493	1.412	1.532	1.455	1.423	1.408	1.477	1.454	1.425	1.595	1.494	1.460	1.550
0.028	0.004	0.029	0.422	0.324	1.280	1.225	0.837	0.968	1.414	1.314	1.922	2.060	1.449	1.741	1.728	1.198	1.219	1.345	1.303	1.186	1.094	1.186	1.397	1.322	1.139	1.324	1.560	1.205	1.180	1.358	1.340	1.231	1.242	1.393	1.322	1.253	1.352	1.540	1.356	1.581	1.805	1.674	1.747	2.078	2.389	2.648	2.290	2.071	2.104	1.931	1.890	1.525	1.529	1.570	1.591	1.277	1.268	1.423	1.361	1.269	1.148	1.289	1.517	1.246	1.228	1.355	1.481	1.277	1.288	1.579	1.462	1.356	1.393	1.631	1.756	1.492	1.473	1.948	2.403	2.547	3.606	2.632	2.092	1.895	1.735	1.697	2.073	1.739	1.595	1.500	1.389	1.742	1.465	1.164	1.494	1.344	1.190	1.144	1.283	1.179	1.168	1.172	1.152	1.132	1.193	1.183	1.155	1.279	1.197	1.360	1.196
0.455	0.029	0.004	0.028	0.311	1.616	1.021	1.085	0.706	1.694	1.817	2.060	1.815	1.215	1.493	1.486	0.907	1.298	1.107	0.996	0.922	1.244	0.953	1.122	1.514	0.992	1.007	1.416	1.120	1.022	1.066	1.242	1.138	1.058	1.187	1.256	1.163	1.126	1.380	1.209	1.452	1.723	1.659	1.921	2.362	2.832	3.156	2.548	3.057	2.330	2.349	2.101	1.633	2.035	1.953	1.585	1.313	1.322	1.357	1.322	1.291	1.134	1.313	1.277	1.044	1.103	1.121	1.095	1.016	1.011	1.245	1.082	1.050	1.034	1.336	1.406	1.134	1.224	1.648	2.481	2.341	2.943	2.229	2.154	2.196	2.298	2.107	1.740	2.543	2.319	1.798	1.853	2.465	2.091	1.495	1.916	1.962	1.652	1.390	1.772	1.664	1.454	1.381	1.616	1.441	1.224	1.414	1.409	1.399	1.273	1.367	1.336
0.325	0.422	0.028	0.004	0.029	0.715	0.422	0.806	0.990	1.963	2.083	2.369	2.090	1.636	1.965	1.828	1.147	1.813	1.641	1.346	1.249	1.733	1.504	1.169	1.688	1.495	1.402	1.443	1.496	1.483	1.322	1.430	1.502	1.450	1.366	1.486	1.521	1.416	1.387	1.441	1.679	1.936	1.806	1.883	2.174	3.056	3.481	2.885	3.247	2.627	2.584	2.536	2.173	2.327	2.380	2.179	1.944	1.870	1.934	1.925	1.895	1.720	1.934	1.841	1.610	1.707	1.719	1.379	1.523	1.571	1.610	1.356	1.444	1.465	1.537	1.415	1.329	1.352	1.619	2.951	2.791	3.359	2.634	2.502	2.439	2.461	2.384	2.203	2.665	2.480	2.189	2.178	2.581	2.346	1.969	2.161	2.225	2.069	1.809	2.028	2.023	1.960	1.752	1.960	1.874	1.684	1.772	1.818	1.891	1.703	1.688	1.843
0.797	0.324	0.311	0.029	0.004	0.028	0.290	0.936	0.976	1.451	1.477	1.828	2.089	1.642	1.864	1.851	1.356	1.421	1.585	1.516	1.336	1.383	1.416	1.344	1.535	1.330	1.418	1.503	1.348	1.327	1.391	1.379	1.349	1.335	1.365	1.392	1.371	1.359	1.467	1.370	1.633	1.860	1.790	1.894	2.177	2.909	2.529	2.129	2.042	1.879	1.926	1.873	1.704	1.739	1.717	1.764	1.542	1.465	1.627	1.577	1.498	1.358	1.510	1.686	1.403	1.404	1.482	1.450	1.361	1.388	1.597	1.412	1.352	1.404	1.610	1.597	1.397	1.365	1.702	2.121	2.265	3.366	2.367	1.951	1.873	1.803	1.691	1.944	2.007	1.805	1.562	1.632	2.029	1.732	1.445	1.800	1.686	1.474	1.405	1.619	1.512	1.464	1.408	1.484	1.412	1.363	1.406	1.412	1.478	1.365	1.420	1.433
0.484	1.280	1.616	0.715	0.028	0.004	0.028	0.273	0.428	0.898	0.847	1.066	1.217	0.733	0.820	0.830	0.748	0.860	0.665	0.792	0.894	0.894	0.768	1.075	1.321	0.904	0.896	1.388	1.070	0.980	1.019	1.186	1.092	1.032	1.136	1.195	1.115	1.089	1.277	1.164	1.429	1.711	1.541	1.677	2.027	2.529	2.341	1.845	2.045	1.423	1.279	1.185	0.868	1.136	0.980	0.970	0.859	0.931	0.886	0.860	0.853	0.927	0.906	0.987	0.967	0.937	0.903	0.973	0.981	0.941	1.053	0.994	1.074	0.971	1.007	1.229	1.089	1.169	1.595	1.692	1.864	3.292	2.256	1.724	1.609	1.468	1.378	1.896	1.523	1.402	1.147	1.255	1.723	1.412	1.099	1.485	1.367	1.192	1.113	1.307	1.213	1.048	1.134	1.221	1.120	1.074	1.183	1.153	1.134	1.109	1.326	1.114
0.541	1.225	1.021	0.422	0.290	0.028	0.004	0.028	0.462	0.431	0.453	0.473	0.873	0.668	0.665	0.726	0.813	1.114	0.800	0.920	1.088	1.153	1.023	1.215	1.567	1.186	1.161	1.595	1.339	1.273	1.290	1.447	1.369	1.326	1.407	1.448	1.390	1.373	1.499	1.408	1.560	1.789	1.638	1.777	2.132	2.595	2.578	1.827	2.300	1.445	1.639	1.283	1.022	1.410	1.219	1.125	1.131	1.226	1.176	1.140	1.131	1.214	1.188	1.193	1.244	1.260	1.213	1.216	1.312	1.260	1.289	1.265	1.388	1.276	1.232	1.423	1.360	1.448	1.763	1.459	1.336	2.769	1.762	1.252	1.254	1.287	1.101	1.550	1.470	1.431	1.169	1.402	1.861	1.543	1.296	1.606	1.556	1.392	1.392	1.537	1.439	1.346	1.388	1.432	1.370	1.350	1.444	1.390	1.431	1.387	1.502	1.366
0.604	0.837	1.085	0.806	0.936	0.273	0.028	0.004	0.034	0.226	0.548	0.335	0.631	0.443	0.470	0.530	0.753	1.278	0.881	0.961	1.204	1.299	1.153	1.409	1.646	1.325	1.308	1.687	1.493	1.416	1.426	1.555	1.493	1.457	1.512	1.576	1.518	1.497	1.575	1.528	1.699	1.913	1.730	1.856	2.127	2.722	2.826	2.094	2.696	1.768	1.694	1.421	1.022	1.423	1.262	1.159	1.207	1.368	1.234	1.250	1.282	1.381	1.323	1.284	1.423	1.414	1.379	1.465	1.464	1.431	1.468	1.431	1.530	1.443	1.404	1.571	1.477	1.538	1.859	1.654	1.417	2.725	1.820	1.345	1.343	1.423	1.276	1.688	1.615	1.591	1.344	1.557	2.022	1.730	1.499	1.763	1.720	1.603	1.519	1.651	1.600	1.444	1.519	1.590	1.532	1.498	1.582	1.543	1.534	1.513	1.640	1.515
0.579	0.968	0.706	0.990	0.976	0.428	0.462	0.034	0.004	0.029	0.355	0.241	0.484	0.391	0.418	0.452	0.548	0.850	0.542	0.668	0.853	0.785	0.697	0.997	1.195	0.833	0.870	1.213	0.945	0.890	0.957	1.011	0.956	0.936	0.995	1.002	0.969	0.976	1.096	0.980	1.186	1.454	1.350	1.481	1.795	2.434	2.514	1.676	2.177	1.376	1.586	1.070	0.851	1.247	1.037	0.915	0.844	0.880	0.910	0.850	0.819	0.826	0.851	0.908	0.889	0.880	0.861	0.949	0.929	0.892	1.027	0.961	1.011	0.932	1.011	1.190	1.004	1.050	1.426	1.407	1.317	2.752	1.768	1.166	1.119	1.046	0.923	1.578	1.232	1.135	0.955	1.032	1.381	1.131	0.894	1.253	1.098	0.934	0.941	1.077	0.966	0.989	0.945	0.953	0.910	0.926	0.952	0.924	1.048	0.943	1.067	0.977
0.919	1.414	1.694	1.963	1.451	0.898	0.431	0.226	0.029	0.004	0.032	0.191	0.250	0.388	0.331	0.339	0.513	0.699	0.401	0.380	0.596	0.652	0.451	0.624	0.899	0.542	0.501	0.850	0.643	0.564	0.548	0.638	0.645	0.569	0.589	0.680	0.638	0.588	0.758	0.678	1.138	1.430	1.345	1.471	1.736	2.354	2.872	2.156	2.163	1.193	1.186	1.074	0.634	0.925	0.775	0.769	0.642	0.641	0.656	0.641	0.625	0.630	0.662	0.759	0.684	0.637	0.647	0.892	0.635	0.633	0.930	0.699	0.669	0.654	0.938	1.029	0.668	0.626	1.173	1.734	1.573	2.944	2.065	1.693	1.552	1.405	1.269	1.649	1.240	1.062	0.868	0.864	1.177	0.962	0.757	1.199	0.900	0.787	0.727	0.842	0.782	0.781	0.732	0.772	0.718	0.693	0.730	0.741	0.788	0.725	0.959	0.779
0.889	1.314	1.817	2.083	1.477	0.847	0.453	0.548	0.355	0.032	0.004	0.032	0.223	0.324	0.400	0.381	0.560	0.807	0.498	0.510	0.910	1.094	0.778	0.860	1.179	0.930	0.882	1.125	1.008	0.942	0.928	1.021	1.000	0.947	0.974	1.043	0.986	0.960	1.092	1.032	1.359	1.587	1.540	1.682	1.864	2.424	2.640	1.814	2.026	1.240	1.327	1.150	0.674	1.006	0.932	0.805	0.799	0.896	0.805	0.836	0.868	0.917	0.888	0.911	0.999	0.928	0.903	1.183	0.947	0.934	1.109	0.969	0.985	0.947	1.144	1.198	0.975	0.977	1.384	1.410	1.373	2.821	1.847	1.163	0.989	0.831	0.812	1.603	1.046	0.893	0.952	0.952	1.138	0.997	0.929	1.272	0.966	0.959	0.941	0.952	0.921	0.964	0.951	0.932	0.916	0.966	0.964	0.952	0.966	0.964	1.156	0.978
1.041	1.922	2.060	2.369	1.828	1.066	0.473	0.335	0.241	0.191	0.032	0.004	0.028	0.214	0.291	0.549	0.355	0.785	0.480	0.430	0.631	0.917	0.574	0.565	0.963	0.666	0.610	0.711	0.752	0.676	0.624	0.690	0.820	0.678	0.663	0.749	0.735	0.680	0.768	0.758	1.208	1.496	1.467	1.563	1.738	2.327	2.649	1.750	1.566	1.143	0.938	1.097	0.715	0.817	0.773	0.763	0.720	0.723	0.734	0.757	0.755	0.781	0.834	0.873	0.840	0.777	0.800	1.116	0.787	0.791	1.120	0.859	0.792	0.820	1.213	1.173	0.820	0.719	1.137	1.515	1.517	2.966	1.976	1.495	1.258	1.122	1.103	1.437	1.147	1.006	0.978	1.037	1.158	1.014	0.848	1.312	0.977	0.902	0.838	0.935	0.928	0.855	0.849	0.897	0.836	0.821	0.846	0.871	0.848	0.849	1.053	0.901
1.126	2.060	1.815	2.090	2.089	1.217	0.873	0.631	0.484	0.250	0.223	0.028	0.004	0.028	0.274	0.497	0.462	0.399	0.265	0.381	0.456	0.463	0.307	0.480	0.684	0.337	0.443	0.553	0.388	0.351	0.433	0.389	0.409	0.374	0.397	0.399	0.390	0.399	0.589	0.426	0.955	1.262	1.238	1.319	1.519	2.158	2.019	1.364	1.116	1.004	0.969	0.814	0.584	0.739	0.668	0.726	0.593	0.540	0.656	0.609	0.569	0.508	0.645	0.794	0.591	0.556	0.647	0.839	0.576	0.580	0.967	0.733	0.605	0.656	1.045	1.171	0.721	0.513	1.064	1.376	1.662	3.146	1.997	1.384	1.122	0.901	0.862	1.370	0.959	0.786	0.855	0.817	0.932	0.812	0.600	1.090	0.737	0.656	0.548	0.641	0.628	0.682	0.531	0.567	0.544	0.512	0.515	0.545	0.689	0.579	0.757	0.670
1.048	1.449	1.215	1.636	1.642	0.733	0.668	0.443	0.391	0.388	0.324	0.214	0.028	0.004	0.029	0.165	0.220	0.215	0.215	0.232	0.344	0.337	0.262	0.331	0.613	0.312	0.323	0.458	0.353	0.320	0.345	0.339	0.366	0.333	0.337	0.354	0.359	0.349	0.526	0.384	0.898	1.194	1.179	1.269	1.450	2.138	2.064	1.147	0.975	0.840	1.273	0.664	0.652	0.856	0.691	0.746	0.595	0.576	0.665	0.605	0.563	0.486	0.599	0.728	0.566	0.539	0.585	0.763	0.527	0.532	0.875	0.623	0.555	0.567	0.871	1.028	0.591	0.449	1.006	1.263	1.569	3.117	1.998	1.213	1.019	0.777	0.698	1.517	0.837	0.710	0.779	0.660	0.777	0.669	0.534	1.010	0.645	0.550	0.510	0.596	0.532	0.701	0.497	0.500	0.495	0.486	0.475	0.484	0.706	0.555	0.694	0.649
1.020	1.741	1.493	1.965	1.864	0.820	0.665	0.470	0.418	0.331	0.400	0.291	0.274	0.029	0.004	0.028	0.161	0.246	0.151	0.202	0.211	0.372	0.192	0.226	0.346	0.229	0.316	0.256	0.255	0.268	0.303	0.258	0.343	0.295	0.285	0.279	0.296	0.309	0.477	0.320	0.839	1.111	1.117	1.222	1.319	2.039	1.866	1.297	1.335	0.780	0.944	0.344	0.414	0.515	0.482	0.695	0.537	0.481	0.611	0.598	0.546	0.454	0.625	0.730	0.562	0.517	0.620	0.849	0.530	0.536	0.958	0.668	0.561	0.602	1.018	1.094	0.650	0.446	0.958	1.199	1.598	3.143	1.980	1.196	1.032	0.820	0.712	1.169	0.938	0.725	0.746	0.791	0.766	0.654	0.465	0.927	0.568	0.592	0.435	0.463	0.472	0.635	0.416	0.412	0.450	0.461	0.414	0.420	0.646	0.512	0.624	0.648
1.193	1.728	1.486	1.828	1.851	0.830	0.726	0.530	0.452	0.339	0.381	0.549	0.497	0.165	0.028	0.004	0.028	0.143	0.190	0.180	0.213	0.222	0.251	0.314	0.264	0.237	0.480	0.292	0.261	0.334	0.373	0.280	0.288	0.427	0.350	0.308	0.340	0.488	0.517	0.375	0.854	1.099	1.062	1.200	1.307	1.945	1.488	1.948	1.557	0.695	1.004	0.600	0.440	0.505	0.441	0.596	0.549	0.495	0.911	0.783	0.674	0.502	0.806	0.857	0.697	0.670	0.867	1.085	0.730	0.746	1.134	0.939	0.804	0.889	1.246	1.401	0.958	0.615	1.154	1.157	1.707	3.220	2.062	1.107	0.867	0.637	0.727	1.243	0.812	0.647	0.798	0.625	0.650	0.571	0.471	0.958	0.509	0.575	0.429	0.453	0.423	0.627	0.449	0.420	0.505	0.538	0.449	0.454	0.702	0.549	0.643	0.754
1.463	1.198	0.907	1.147	1.356	0.748	0.813	0.753	0.548	0.513	0.560	0.355	0.462	0.220	0.161	0.028	0.004	0.029	0.148	0.227	0.145	0.228	0.235	0.430	0.384	0.259	0.338	0.480	0.296	0.282	0.335	0.296	0.305	0.300	0.310	0.314	0.318	0.328	0.494	0.362	0.891	1.154	1.108	1.227	1.402	2.036	1.506	1.362	0.948	0.636	1.228	0.474	0.480	0.708	0.522	0.619	0.506	0.497	0.713	0.577	0.488	0.428	0.530	0.717	0.533	0.489	0.551	0.706	0.494	0.499	0.816	0.591	0.538	0.539	0.791	0.974	0.567	0.436	1.086	1.080	1.601	3.222	2.101	1.132	0.930	0.664	0.633	1.607	0.639	0.581	0.734	0.602	0.686	0.590	0.478	1.026	0.581	0.478	0.475	0.563	0.480	0.622	0.476	0.463	0.460	0.473	0.454	0.457	0.689	0.526	0.707	0.589
1.224	1.219	1.298	1.813	1.421	0.860	1.114	1.278	0.850	0.699	0.807	0.785	0.399	0.215	0.246	0.143	0.029	0.004	0.028	0.144	0.224	0.175	0.223	0.238	0.458	0.239	0.237	0.303	0.276	0.265	0.273	0.275	0.304	0.285	0.289	0.295	0.302	0.304	0.478	0.332	0.850	1.141	1.131	1.230	1.360	2.076	2.222	1.219	0.894	0.828	1.176	0.483	0.465	0.683	0.539	0.516	0.542	0.536	0.637	0.555	0.499	0.459	0.527	0.699	0.544	0.525	0.556	0.758	0.531	0.534	0.857	0.624	0.573	0.565	0.802	0.973	0.557	0.433	0.984	1.061	1.584	3.291	2.343	1.431	1.142	0.800	0.911	2.053	0.603	0.582	0.831	0.599	0.726	0.671	0.489	1.095	0.610	0.498	0.467	0.565	0.492	0.672	0.452	0.455	0.453	0.450	0.437	0.441	0.695	0.523	0.686	0.598
1.236	1.345	1.107	1.641	1.585	0.665	0.800	0.881	0.542	0.401	0.498	0.480	0.265	0.215	0.151	0.190	0.148	0.028	0.004	0.028	0.156	0.258	0.165	0.204	0.226	0.209	0.256	0.217	0.228	0.248	0.275	0.235	0.272	0.283	0.265	0.258	0.273	0.297	0.466	0.305	0.818	1.068	1.061	1.181	1.228	1.952	1.353	1.711	2.121	0.570	0.608	0.687	0.244	0.319	0.291	0.255	0.332	0.270	0.687	0.555	0.482	0.403	0.583	0.760	0.560	0.503	0.639	0.947	0.593	0.591	1.022	0.774	0.632	0.693	1.113	1.170	0.728	0.449	0.962	1.094	1.632	3.202	2.201	1.237	0.938	0.679	0.849	1.453	0.713	0.613	0.892	0.599	0.611	0.546	0.414	0.892	0.471	0.588	0.408	0.419	0.406	0.563	0.424	0.401	0.475	0.486	0.422	0.433	0.649	0.525	0.631	0.678
1.573	1.303	0.996	1.346	1.516	0.792	0.920	0.961	0.668	0.380	0.510	0.430	0.381	0.232	0.202	0.180	0.227	0.144	0.028	0.004	0.028	0.147	0.261	0.197	0.243	0.237	0.380	0.269	0.248	0.254	0.293	0.251	0.260	0.264	0.269	0.269	0.282	0.303	0.467	0.327	0.865	1.101	1.043	1.184	1.276	1.945	1.431	1.340	1.263	0.509	0.938	0.444	0.294	0.432	0.330	0.486	0.463	0.444	0.855	0.682	0.542	0.411	0.565	0.754	0.503	0.463	0.554	0.662	0.458	0.467	0.785	0.558	0.516	0.510	0.774	0.938	0.545	0.415	1.093	1.028	1.553	3.225	2.174	1.123	0.849	0.552	0.639	1.526	0.594	0.477	0.790	0.511	0.558	0.420	0.406	0.971	0.486	0.454	0.427	0.484	0.415	0.571	0.442	0.414	0.442	0.465	0.432	0.429	0.677	0.495	0.648	0.602
1.503	1.186	0.922	1.249	1.336	0.894	1.088	1.204	0.853	0.596	0.910	0.631	0.456	0.344	0.211	0.213	0.145	0.224	0.156	0.028	0.004	0.029	0.151	0.295	0.229	0.259	0.276	0.429	0.299	0.296	0.323	0.315	0.319	0.314	0.330	0.336	0.339	0.338	0.489	0.381	0.903	1.155	1.102	1.214	1.329	2.047	1.737	1.107	0.654	1.118	1.249	0.442	0.407	0.725	0.445	0.407	0.342	0.475	0.684	0.465	0.396	0.391	0.453	0.693	0.493	0.455	0.494	0.705	0.492	0.496	0.736	0.583	0.564	0.533	0.739	0.876	0.531	0.440	1.104	1.007	1.406	3.077	2.183	1.230	0.955	0.673	0.671	1.519	0.564	0.491	0.713	0.536	0.631	0.468	0.411	0.983	0.527	0.427	0.463	0.553	0.443	0.557	0.450	0.435	0.430	0.458	0.435	0.436	0.678	0.497	0.719	0.530
1.342	1.094	1.244	1.733	1.383	0.894	1.153	1.299	0.785	0.652	1.094	0.917	0.463	0.337	0.372	0.222	0.228	0.175	0.258	0.147	0.029	0.004	0.029	0.152	0.270	0.171	0.195	0.216	0.219	0.211	0.211	0.230	0.248	0.234	0.247	0.251	0.254	0.254	0.437	0.299	0.817	1.074	1.075	1.170	1.196	1.974	2.161	1.511	0.699	1.366	1.013	0.501	0.476	0.243	0.379	0.252	0.241	0.516	0.433	0.425	0.384	0.372	0.448	0.629	0.476	0.435	0.465	0.745	0.461	0.466	0.712	0.558	0.523	0.497	0.701	0.875	0.490	0.386	0.982	1.041	1.249	2.922	2.232	1.184	0.818	0.518	0.644	1.356	0.499	0.461	0.761	0.534	0.569	0.494	0.436	0.944	0.499	0.432	0.419	0.483	0.433	0.600	0.411	0.400	0.399	0.410	0.389	0.391	0.648	0.472	0.650	0.533
1.430	1.186	0.953	1.504	1.416	0.768	1.023	1.153	0.697	0.451	0.778	0.574	0.307	0.262	0.192	0.251	0.235	0.223	0.165	0.261	0.151	0.029	0.004	0.029	0.152	0.215	0.137	0.206	0.207	0.256	0.237	0.206	0.217	0.422	0.260	0.232	0.323	0.463	0.461	0.304	0.781	1.013	0.993	1.141	1.140	1.882	1.466	1.326	1.467	0.943	0.787	0.537	0.379	0.420	0.565	0.583	0.296	0.388	0.848	0.804	0.668	0.587	0.893	0.869	0.760	0.811	0.759	0.813	0.739	0.739	0.891	0.798	0.738	0.736	0.920	1.215	0.846	0.625	1.019	1.111	1.440	3.017	2.204	1.092	0.762	0.533	0.632	1.352	0.543	0.481	0.773	0.576	0.523	0.385	0.409	0.865	0.455	0.622	0.403	0.430	0.407	0.730	0.433	0.413	0.634	0.638	0.477	0.499	0.867	0.620	0.684	0.920
1.615	1.397	1.122	1.169	1.344	1.075	1.215	1.409	0.997	0.624	0.860	0.565	0.480	0.331	0.226	0.314	0.430	0.238	0.204	0.197	0.295	0.152	0.029	0.004	0.028	0.144	0.341	0.210	0.215	0.241	0.294	0.223	0.235	0.241	0.249	0.244	0.257	0.272	0.438	0.300	0.818	1.038	0.982	1.144	1.209	1.932	1.595	1.273	1.126	1.014	0.867	0.513	0.389	0.444	0.373	0.448	0.295	0.388	0.818	0.513	0.404	0.371	0.451	0.791	0.411	0.425	0.476	0.662	0.458	0.466	0.742	0.567	0.544	0.513	0.786	0.896	0.507	0.398	1.153	1.022	1.358	2.988	2.183	1.103	0.769	0.554	0.636	1.334	0.549	0.456	0.690	0.570	0.609	0.370	0.343	0.886	0.505	0.396	0.532	0.562	0.442	0.477	0.444	0.429	0.440	0.450	0.432	0.426	0.720	0.481	0.674	0.537
1.583	1.322	1.514	1.688	1.535	1.321	1.567	1.646	1.195	0.899	1.179	0.963	0.684	0.613	0.346	0.264	0.384	0.458	0.226	0.243	0.229	0.270	0.152	0.028	0.004	0.028	0.140	0.256	0.186	0.200	0.217	0.220	0.225	0.222	0.237	0.242	0.251	0.238	0.430	0.309	0.828	1.075	1.080	1.202	1.256	1.997	2.329	1.697	0.861	1.973	1.404	0.555	0.550	0.822	0.585	0.370	0.365	0.687	0.809	0.474	0.424	0.342	0.377	0.664	0.411	0.388	0.401	0.638	0.439	0.426	0.508	0.497	0.499	0.453	0.610	0.776	0.441	0.347	1.084	1.125	1.063	2.490	2.044	1.119	0.943	0.804	0.787	1.108	0.770	0.689	0.687	0.752	0.801	0.570	0.511	0.935	0.641	0.479	0.515	0.666	0.519	0.458	0.446	0.446	0.436	0.446	0.428	0.427	0.707	0.489	0.724	0.500
1.448	1.139	0.992	1.495	1.330	0.904	1.186	1.325	0.833	0.542	0.930	0.666	0.337	0.312	0.229	0.237	0.259	0.239	0.209	0.237	0.259	0.171	0.215	0.144	0.028	0.004	0.028	0.156	0.221	0.147	0.173	0.197	0.559	0.182	0.203	0.214	0.414	0.220	0.369	0.276	0.798	1.065	1.029	1.135	1.059	1.849	1.816	1.515	1.348	1.516	0.820	0.474	0.417	0.420	0.524	0.475	0.388	0.267	0.786	0.463	0.329	0.178	0.264	0.544	0.452	0.328	0.330	0.755	0.423	0.367	0.437	0.436	0.419	0.383	0.546	0.777	0.397	0.349	0.880	1.087	1.071	2.212	1.818	0.755	0.558	0.435	0.467	0.716	0.419	0.325	0.375	0.410	0.310	0.188	0.113	0.407	0.284	0.332	0.349	0.340	0.365	0.526	0.408	0.393	0.422	0.466	0.434	0.430	0.625	0.514	0.622	0.572
1.567	1.324	1.007	1.402	1.418	0.896	1.161	1.308	0.870	0.501	0.882	0.610	0.443	0.323	0.316	0.480	0.338	0.237	0.256	0.380	0.276	0.195	0.137	0.341	0.140	0.028	0.004	0.028	0.145	0.263	0.110	0.186	0.195	0.183	0.187	0.193	0.203	0.217	0.433	0.248	0.748	0.954	0.927	1.126	1.090	1.800	1.442	1.352	1.692	1.195	0.729	0.587	0.434	0.451	0.695	0.680	0.388	0.403	1.038	0.878	0.698	0.432	0.605	0.775	0.506	0.490	0.549	0.668	0.449	0.531	0.810	0.646	0.500	0.582	0.828	0.954	0.497	0.351	1.051	1.276	1.430	2.798	2.164	0.985	0.669	0.529	0.609	1.055	0.528	0.438	0.574	0.608	0.506	0.331	0.329	0.754	0.420	0.556	0.437	0.420	0.403	0.491	0.415	0.393	0.468	0.439	0.424	0.411	0.729	0.450	0.606	0.574
1.696	1.560	1.416	1.443	1.503	1.388	1.595	1.687	1.213	0.850	1.125	0.711	0.553	0.458	0.256	0.292	0.480	0.303	0.217	0.269	0.429	0.216	0.206	0.210	0.256	0.156	0.028	0.004	0.028	0.138	0.248	0.183	0.203	0.221	0.216	0.202	0.225	0.220	0.414	0.291	0.795	0.996	0.926	1.138	1.228	1.888	1.728	1.369	1.078	1.437	0.870	0.512	0.424	0.443	0.498	0.461	0.340	0.390	0.953	0.509	0.477	0.368	0.370	0.730	0.329	0.353	0.367	0.585	0.442	0.413	0.459	0.475	0.509	0.456	0.608	0.734	0.432	0.343	1.197	1.043	1.162	2.582	2.062	0.943	0.666	0.565	0.595	0.966	0.572	0.505	0.539	0.609	0.704	0.442	0.402	0.882	0.586	0.441	0.642	0.641	0.516	0.472	0.481	0.481	0.485	0.481	0.456	0.455	0.772	0.493	0.723	0.517
1.498	1.205	1.120	1.496	1.348	1.070	1.339	1.493	0.945	0.643	1.008	0.752	0.388	0.353	0.255	0.261	0.296	0.276	0.228	0.248	0.299	0.219	0.207	0.215	0.186	0.221	0.145	0.028	0.004	0.029	0.145	0.216	0.166	0.188	0.214	0.209	0.210	0.201	0.324	0.272	0.771	0.995	1.044	1.135	1.044	1.856	2.119	1.772	0.924	1.868	0.973	0.522	0.468	0.521	0.539	0.496	0.479	0.497	0.825	0.516	0.504	0.453	0.429	0.621	0.422	0.376	0.367	0.607	0.418	0.407	0.410	0.440	0.480	0.433	0.450	0.727	0.387	0.304	1.040	1.130	1.022	2.124	1.884	0.832	0.636	0.555	0.595	0.755	0.511	0.525	0.545	0.520	0.629	0.545	0.520	0.785	0.621	0.562	0.638	0.629	0.573	0.471	0.428	0.436	0.462	0.463	0.430	0.425	0.756	0.487	0.689	0.500
1.488	1.180	1.022	1.483	1.327	0.980	1.273	1.416	0.890	0.564	0.942	0.676	0.351	0.320	0.268	0.334	0.282	0.265	0.248	0.254	0.296	0.211	0.256	0.241	0.200	0.147	0.263	0.138	0.029	0.004	0.029	0.149	0.221	0.140	0.193	0.186	0.189	0.179	0.223	0.215	0.712	0.904	0.952	1.113	1.016	1.763	1.653	1.454	1.669	1.462	0.777	0.549	0.461	0.493	0.576	0.524	0.463	0.359	0.787	0.512	0.506	0.459	0.396	0.647	0.239	0.383	0.377	0.662	0.393	0.379	0.437	0.443	0.473	0.419	0.473	0.743	0.397	0.324	0.926	1.136	1.148	2.277	1.894	0.820	0.612	0.540	0.570	0.768	0.504	0.477	0.502	0.473	0.461	0.423	0.415	0.637	0.403	0.414	0.496	0.403	0.386	0.436	0.407	0.373	0.437	0.423	0.416	0.402	0.744	0.439	0.567	0.554
1.629	1.358	1.066	1.322	1.391	1.019	1.290	1.426	0.957	0.548	0.928	0.624	0.433	0.345	0.303	0.373	0.335	0.273	0.275	0.293	0.323	0.211	0.237	0.294	0.217	0.173	0.110	0.248	0.145	0.029	0.004	0.029	0.146	0.227	0.176	0.199	0.223	0.215	0.409	0.259	0.718	0.868	0.853	1.113	1.085	1.705	1.572	1.379	1.491	1.435	0.773	0.526	0.429	0.450	0.562	0.514	0.395	0.333	0.913	0.598	0.525	0.412	0.366	0.694	0.367	0.345	0.395	0.680	0.440	0.419	0.488	0.466	0.501	0.441	0.609	0.707	0.407	0.324	1.157	1.123	1.169	2.391	1.953	0.850	0.614	0.511	0.559	0.811	0.476	0.435	0.483	0.490	0.483	0.376	0.417	0.683	0.435	0.391	0.502	0.412	0.384	0.448	0.398	0.379	0.457	0.421	0.425	0.403	0.780	0.445	0.675	0.517
1.569	1.340	1.242	1.430	1.379	1.186	1.447	1.555	1.011	0.638	1.021	0.690	0.389	0.339	0.258	0.280	0.296	0.275	0.235	0.251	0.315	0.230	0.206	0.223	0.220	0.197	0.186	0.183	0.216	0.149	0.029	0.004	0.028	0.146	0.252	0.173	0.194	0.209	0.336	0.280	0.742	0.896	0.923	1.101	1.013	1.773	1.768	1.494	1.139	1.712	0.884	0.514	0.434	0.486	0.539	0.493	0.406	0.401	0.865	0.544	0.496	0.476	0.379	0.622	0.321	0.374	0.315	0.641	0.429	0.374	0.368	0.409	0.490	0.436	0.418	0.657	0.364	0.304	1.187	1.100	1.106	2.221	1.889	0.849	0.681	0.602	0.636	0.791	0.559	0.589	0.590	0.567	0.671	0.595	0.565	0.859	0.667	0.543	0.709	0.703	0.540	0.534	0.511	0.491	0.530	0.556	0.451	0.462	0.775	0.524	0.766	0.547
1.517	1.231	1.138	1.502	1.349	1.092	1.369	1.493	0.956	0.645	1.000	0.820	0.409	0.366	0.343	0.288	0.305	0.304	0.272	0.260	0.319	0.248	0.217	0.235	0.225	0.559	0.195	0.203	0.166	0.221	0.146	0.028	0.004	0.029	0.139	0.238	0.170	0.179	0.219	0.214	0.734	1.008	1.044	1.121	0.982	1.784	1.896	1.797	1.471	1.909	0.948	0.693	0.610	0.644	0.690	0.681	0.608	0.633	0.865	0.717	0.658	0.714	0.698	0.569	0.289	0.714	0.616	0.536	0.440	0.504	0.478	0.420	0.489	0.455	0.401	0.644	0.357	0.309	0.971	1.226	1.160	1.884	1.684	0.750	0.617	0.543	0.584	0.735	0.551	0.499	0.552	0.530	0.458	0.498	0.492	0.454	0.415	0.462	0.310	0.398	0.389	0.493	0.282	0.325	0.480	0.622	0.519	0.485	0.781	0.611	0.712	0.635
1.549	1.242	1.058	1.450	1.335	1.032	1.326	1.457	0.936	0.569	0.947	0.678	0.374	0.333	0.295	0.427	0.300	0.285	0.283	0.264	0.314	0.234	0.422	0.241	0.222	0.182	0.183	0.221	0.188	0.140	0.227	0.146	0.029	0.004	0.029	0.142	0.200	0.133	0.180	0.201	0.499	0.682	0.822	1.068	1.141	1.683	1.521	1.440	1.769	1.566	0.778	0.550	0.442	0.476	0.610	0.541	0.429	0.412	0.785	0.747	0.593	0.482	0.510	0.492	0.211	0.412	0.389	0.342	0.241	0.328	0.359	0.230	0.349	0.292	0.510	0.623	0.473	0.397	0.909	1.305	1.291	2.140	1.749	0.750	0.580	0.515	0.539	0.687	0.476	0.447	0.482	0.431	0.444	0.418	0.405	0.594	0.424	0.419	0.475	0.412	0.370	0.434	0.339	0.341	0.450	0.394	0.428	0.397	0.722	0.438	0.646	0.565
1.622	1.393	1.187	1.366	1.365	1.136	1.407	1.512	0.995	0.589	0.974	0.663	0.397	0.337	0.285	0.350	0.310	0.289	0.265	0.269	0.330	0.247	0.260	0.249	0.237	0.203	0.187	0.216	0.214	0.193	0.176	0.252	0.139	0.029	0.004	0.028	0.146	0.220	0.183	0.271	0.514	0.581	0.710	1.087	1.211	1.651	1.596	1.437	1.545	1.570	0.798	0.539	0.441	0.475	0.591	0.528	0.428	0.380	0.807	0.658	0.517	0.488	0.369	0.444	0.315	0.388	0.277	0.558	0.353	0.307	0.327	0.400	0.475	0.411	0.460	0.611	0.322	0.284	1.271	1.187	1.190	2.173	1.806	0.775	0.598	0.518	0.548	0.715	0.477	0.452	0.490	0.446	0.475	0.430	0.429	0.669	0.463	0.450	0.493	0.475	0.398	0.457	0.375	0.383	0.423	0.414	0.407	0.374	0.775	0.427	0.879	0.511
1.560	1.322	1.256	1.486	1.392	1.195	1.448	1.576	1.002	0.680	1.043	0.749	0.399	0.354	0.279	0.308	0.314	0.295	0.258	0.269	0.336	0.251	0.232	0.244	0.242	0.214	0.193	0.202	0.209	0.186	0.199	0.173	0.238	0.142	0.028	0.004	0.028	0.154	0.257	0.226	0.578	0.821	0.923	1.031	1.004	1.710	1.842	1.690	1.213	1.927	0.908	0.533	0.451	0.514	0.552	0.512	0.436	0.488	0.779	0.622	0.529	0.687	0.551	0.380	0.410	0.520	0.341	0.474	0.296	0.313	0.305	0.367	0.495	0.408	0.354	0.543	0.326	0.292	1.185	1.151	1.098	1.877	1.698	0.747	0.616	0.539	0.573	0.737	0.537	0.513	0.537	0.508	0.521	0.530	0.506	0.635	0.570	0.576	0.559	0.542	0.570	0.676	0.535	0.527	0.534	0.596	0.451	0.443	0.824	0.519	0.794	0.579
1.536	1.253	1.163	1.521	1.371	1.115	1.390	1.518	0.969	0.638	0.986	0.735	0.390	0.359	0.296	0.340	0.318	0.302	0.273	0.282	0.339	0.254	0.323	0.257	0.251	0.414	0.203	0.225	0.210	0.189	0.223	0.194	0.170	0.200	0.146	0.028	0.004	0.029	0.170	0.351	0.593	0.635	0.853	0.993	1.024	1.735	1.734	1.693	1.597	1.839	0.837	0.561	0.474	0.502	0.561	0.536	0.453	0.471	0.749	0.593	0.502	0.533	0.460	0.377	0.620	0.466	0.347	0.313	0.273	0.365	0.353	0.418	0.523	0.463	0.402	0.415	0.334	0.305	0.941	1.179	1.116	1.772	1.524	0.636	0.555	0.528	0.500	0.644	0.522	0.464	0.464	0.480	0.445	0.422	0.405	0.470	0.419	0.419	0.382	0.425	0.395	0.510	0.400	0.390	0.380	0.335	0.383	0.360	0.748	0.386	0.678	0.485
1.621	1.352	1.126	1.416	1.359	1.089	1.373	1.497	0.976	0.588	0.960	0.680	0.399	0.349	0.309	0.488	0.328	0.304	0.297	0.303	0.338	0.254	0.463	0.272	0.238	0.220	0.217	0.220	0.201	0.179	0.215	0.209	0.179	0.133	0.220	0.154	0.029	0.004	0.029	0.227	0.244	0.386	0.713	1.045	1.438	1.742	1.579	1.514	1.710	1.658	0.791	0.537	0.446	0.474	0.572	0.530	0.427	0.406	0.753	0.626	0.485	0.491	0.427	0.444	0.486	0.386	0.358	0.363	0.310	0.347	0.301	0.316	0.367	0.332	0.316	0.203	0.478	0.173	0.913	1.238	1.183	1.943	1.609	0.664	0.545	0.513	0.498	0.633	0.479	0.447	0.455	0.435	0.430	0.412	0.386	0.516	0.423	0.420	0.383	0.435	0.396	0.473	0.383	0.377	0.357	0.350	0.416	0.364	0.665	0.490	1.161	0.703
1.696	1.540	1.380	1.387	1.467	1.277	1.499	1.575	1.096	0.758	1.092	0.768	0.589	0.526	0.477	0.517	0.494	0.478	0.466	0.467	0.489	0.437	0.461	0.438	0.430	0.369	0.433	0.414	0.324	0.223	0.409	0.336	0.219	0.180	0.183	0.257	0.170	0.029	0.003	0.029	0.317	0.403	0.573	1.042	1.529	1.729	1.638	1.521	1.505	1.702	0.859	0.588	0.535	0.521	0.577	0.568	0.499	0.413	0.785	0.635	0.497	0.509	0.420	0.417	0.464	0.423	0.306	0.344	0.298	0.288	0.331	0.427	0.430	0.393	0.369	0.606	0.289	0.260	1.510	1.203	1.166	1.959	1.639	0.690	0.569	0.516	0.511	0.663	0.484	0.455	0.472	0.455	0.457	0.433	0.413	0.583	0.462	0.445	0.427	0.474	0.427	0.506	0.414	0.399	0.385	0.426	0.453	0.381	0.747	0.508	1.292	0.659
1.535	1.356	1.209	1.441	1.370	1.164	1.408	1.528	0.980	0.678	1.032	0.758	0.426	0.384	0.320	0.375	0.362	0.332	0.305	0.327	0.381	0.299	0.304	0.300	0.309	0.276	0.248	0.291	0.272	0.215	0.259	0.280	0.214	0.201	0.271	0.226	0.351	0.227	0.029	0.004	0.029	0.245	0.484	0.885	1.236	1.681	1.737	1.649	1.452	1.832	0.839	0.560	0.479	0.501	0.555	0.527	0.460	0.452	0.758	0.595	0.491	0.520	0.440	0.412	0.547	0.432	0.362	0.395	0.364	0.367	0.400	0.491	0.502	0.492	0.477	0.468	0.392	0.326	1.342	1.154	1.091	1.788	1.543	0.671	0.594	0.558	0.526	0.690	0.558	0.509	0.480	0.505	0.516	0.481	0.449	0.553	0.512	0.472	0.466	0.508	0.439	0.434	0.458	0.444	0.382	0.421	0.417	0.349	0.734	0.536	0.974	0.605
1.502	1.581	1.452	1.679	1.633	1.429	1.560	1.699	1.186	1.138	1.359	1.208	0.955	0.898	0.839	0.854	0.891	0.850	0.818	0.865	0.903	0.817	0.781	0.818	0.828	0.798	0.748	0.795	0.771	0.712	0.718	0.742	0.734	0.499	0.514	0.578	0.593	0.244	0.317	0.029	0.003	0.029	0.447	0.653	1.042	1.699	1.998	1.958	1.383	2.012	1.071	0.979	0.948	0.954	0.864	0.874	0.892	0.912	1.006	0.884	0.839	0.892	0.811	0.710	0.840	0.724	0.598	0.597	0.586	0.560	0.538	0.612	0.571	0.606	0.607	0.571	0.633	0.530	1.660	1.135	1.112	1.889	1.741	0.969	0.937	0.802	0.803	1.067	0.892	0.790	0.783	0.838	0.786	0.732	0.772	0.808	0.751	0.668	0.713	0.799	0.645	0.619	0.632	0.861	0.562	0.599	1.218	0.646	0.749	0.806	1.472	0.825
1.689	1.805	1.723	1.936	1.860	1.711	1.789	1.913	1.454	1.430	1.587	1.496	1.262	1.194	1.111	1.099	1.154	1.141	1.068	1.101	1.155	1.074	1.013	1.038	1.075	1.065	0.954	0.996	0.995	0.904	0.868	0.896	1.008	0.682	0.581	0.821	0.635	0.386	0.403	0.245	0.029	0.004	0.033	0.496	1.311	1.092	2.263	2.254	1.521	2.207	1.312	1.248	1.223	1.281	1.123	1.101	1.127	1.168	1.213	1.061	1.056	1.169	0.991	0.867	0.947	0.779	0.728	0.755	0.598	0.564	0.568	0.616	0.549	0.559	0.548	0.495	0.480	0.414	1.513	1.320	1.300	2.060	1.989	1.321	1.339	1.158	1.150	1.430	1.295	1.125	1.136	1.225	1.137	1.057	1.097	1.156	1.009	0.941	1.042	1.114	0.853	0.765	0.884	0.862	0.690	0.715	0.897	0.656	0.787	1.033	1.354	0.893
1.630	1.674	1.659	1.806	1.790	1.541	1.638	1.730	1.350	1.345	1.540	1.467	1.238	1.179	1.117	1.062	1.108	1.131	1.061	1.043	1.102	1.075	0.993	0.982	1.080	1.029	0.927	0.926	1.044	0.952	0.853	0.923	1.044	0.822	0.710	0.923	0.853	0.713	0.573	0.484	0.447	0.033	0.004	0.029	0.349	1.482	2.590	2.407	1.516	2.433	1.427	1.252	1.190	1.373	1.208	1.101	1.106	1.099	1.297	1.095	1.077	1.169	0.993	0.978	1.028	0.853	0.828	0.927	0.825	0.801	0.811	0.786	0.813	0.792	0.800	0.750	0.636	0.618	1.726	1.447	1.303	2.005	1.897	1.297	1.314	1.220	1.160	1.329	1.208	1.135	1.151	1.201	1.131	1.058	1.085	1.250	1.011	0.963	1.047	1.056	0.954	0.951	0.962	0.977	0.945	0.985	0.938	0.958	1.078	1.157	1.054	1.022
1.760	1.747	1.921	1.883	1.894	1.677	1.777	1.856	1.481	1.471	1.682	1.563	1.319	1.269	1.222	1.200	1.227	1.230	1.181	1.184	1.214	1.170	1.141	1.144	1.202	1.135	1.126	1.138	1.135	1.113	1.113	1.101	1.121	1.068	1.087	1.031	0.993	1.045	1.042	0.885	0.653	0.496	0.029	0.004	0.030	0.809	2.480	2.241	1.541	2.399	1.502	1.274	1.230	1.381	1.220	1.164	1.168	1.100	1.334	1.258	1.195	1.233	1.125	1.150	1.151	1.024	1.036	1.088	1.018	0.989	1.011	1.067	0.933	0.938	1.070	1.158	1.085	1.072	2.326	1.446	1.305	2.032	1.903	1.268	1.301	1.219	1.127	1.301	1.194	1.110	1.106	1.166	1.118	1.034	1.055	1.256	1.010	0.942	1.043	1.066	0.878	0.860	0.870	0.780	0.706	0.798	0.854	0.658	0.869	0.942	1.338	0.964
2.049	2.078	2.362	2.174	2.177	2.027	2.132	2.127	1.795	1.736	1.864	1.738	1.519	1.450	1.319	1.307	1.402	1.360	1.228	1.276	1.329	1.196	1.140	1.209	1.256	1.059	1.090	1.228	1.044	1.016	1.085	1.013	0.982	1.141	1.211	1.004	1.024	1.438	1.529	1.236	1.042	1.311	0.349	0.030	0.004	0.028	2.605	2.377	1.670	2.546	1.638	1.250	1.238	1.435	1.160	1.098	1.116	1.046	1.246	1.126	1.050	1.111	1.025	1.097	1.039	1.044	1.152	1.241	1.253	1.207	1.402	1.492	1.353	1.424	1.664	1.806	1.746	1.736	2.900	1.450	1.262	1.943	1.885	1.289	1.356	1.272	1.142	1.320	1.258	1.144	1.073	1.181	1.166	1.019	0.995	1.292	1.051	0.905	0.959	1.152	0.949	0.880	0.896	1.085	0.947	0.923	1.165	1.045	1.195	1.267	1.630	1.409
2.620	2.389	2.832	3.056	2.909	2.529	2.595	2.722	2.434	2.354	2.424	2.327	2.158	2.138	2.039	1.945	2.036	2.076	1.952	1.945	2.047	1.974	1.882	1.932	1.997	1.849	1.800	1.888	1.856	1.763	1.705	1.773	1.784	1.683	1.651	1.710	1.735	1.742	1.729	1.681	1.699	1.092	1.482	0.809	0.028	0.003	3.513	3.393	2.374	3.491	2.512	1.927	1.998	2.133	1.849	1.790	1.828	1.902	1.841	1.806	1.756	1.692	1.736	1.777	1.796	1.798	1.775	1.737	1.747	1.935	1.861	1.759	1.984	2.068	1.983	1.935	1.986	1.846	2.405	1.970	1.799	2.049	2.074	1.817	1.915	1.906	1.800	1.814	1.871	1.829	1.776	1.842	1.839	1.783	1.796	1.897	1.758	1.738	1.777	1.766	1.734	1.755	1.737	1.772	1.884	1.846	1.981	2.037	2.315	2.456	2.369	2.602
2.273	2.648	3.156	3.481	2.529	2.341	2.578	2.826	2.514	2.872	2.640	2.649	2.019	2.064	1.866	1.488	1.506	2.222	1.353	1.431	1.737	2.161	1.466	1.595	2.329	1.816	1.442	1.728	2.119	1.653	1.572	1.768	1.896	1.521	1.596	1.842	1.734	1.579	1.638	1.737	1.998	2.263	2.590	2.480	2.605	3.513	0.003	0.029	0.382	1.109	1.635	1.908	2.004	2.365	2.372	1.585	1.877	2.182	1.376	1.586	1.742	1.932	1.633	1.401	1.426	1.595	1.414	1.312	1.396	1.410	1.561	1.323	1.365	1.413	1.893	1.531	1.369	1.457	1.377	0.040	0.885	0.907	1.939	1.808	3.173	3.054	2.256	3.873	3.756	3.438	2.579	3.469	3.428	3.009	2.509	2.948	2.934	2.178	2.387	2.634	2.518	2.150	2.230	2.522	2.013	1.819	2.089	2.048	1.898	1.878	1.902	1.929
1.774	2.290	2.548	2.885	2.129	1.845	1.827	2.094	1.676	2.156	1.814	1.750	1.364	1.147	1.297	1.948	1.362	1.219	1.711	1.340	1.107	1.511	1.326	1.273	1.697	1.515	1.352	1.369	1.772	1.454	1.379	1.494	1.797	1.440	1.437	1.690	1.693	1.514	1.521	1.649	1.958	2.254	2.407	2.241	2.377	3.393	0.029	0.004	0.028	0.796	0.812	1.002	1.045	1.699	2.088	1.366	1.420	1.877	1.241	1.379	1.529	1.827	1.533	1.364	1.318	1.537	1.376	1.422	1.337	1.354	1.560	1.306	1.328	1.363	1.862	1.615	1.379	1.420	1.430	0.880	0.597	1.263	1.763	2.830	4.035	4.111	3.194	3.949	4.395	4.175	2.679	3.414	3.730	3.383	2.493	2.973	3.198	2.309	2.387	2.733	2.923	2.204	2.297	2.831	2.208	1.860	2.212	2.293	2.036	1.995	2.071	2.081
1.655	2.071	3.057	3.247	2.042	2.045	2.300	2.696	2.177	2.163	2.026	1.566	1.116	0.975	1.335	1.557	0.948	0.894	2.121	1.263	0.654	0.699	1.467	1.126	0.861	1.348	1.692	1.078	0.924	1.669	1.491	1.139	1.471	1.769	1.545	1.213	1.597	1.710	1.505	1.452	1.383	1.521	1.516	1.541	1.670	2.374	0.382	0.028	0.004	0.029	0.298	1.614	1.134	0.660	1.862	2.314	1.691	1.420	2.646	2.920	2.284	1.825	3.013	3.213	2.530	2.263	3.039	3.392	2.447	2.599	3.598	2.846	2.446	2.871	3.976	3.012	2.731	2.053	2.364	2.253	3.091	3.001	1.477	0.879	3.057	2.754	1.036	1.216	2.538	1.928	1.114	1.249	1.632	0.963	0.914	1.074	0.961	1.365	0.913	0.786	1.012	1.512	1.040	0.848	1.366	1.657	1.162	1.284	1.900	1.542	1.486	1.804
1.295	2.104	2.330	2.627	1.879	1.423	1.445	1.768	1.376	1.193	1.240	1.143	1.004	0.840	0.780	0.695	0.636	0.828	0.570	0.509	1.118	1.366	0.943	1.014	1.973	1.516	1.195	1.437	1.868	1.462	1.435	1.712	1.909	1.566	1.570	1.927	1.839	1.658	1.702	1.832	2.012	2.207	2.433	2.399	2.546	3.491	1.109	0.796	0.029	0.004	0.029	0.335	0.257	1.373	1.295	0.742	1.000	1.738	0.919	0.977	1.300	1.723	1.211	0.963	1.269	1.582	1.147	1.058	1.441	1.357	1.006	1.176	1.468	1.269	1.057	1.256	1.275	1.581	1.505	1.634	2.252	3.546	1.407	0.883	1.787	2.330	1.772	1.433	3.325	3.129	1.836	2.965	3.173	2.862	2.287	2.744	2.813	2.270	2.303	2.558	2.704	2.160	2.270	2.681	2.196	1.967	2.262	2.243	2.022	2.064	2.122	2.036
1.618	1.931	2.349	2.584	1.926	1.279	1.639	1.694	1.586	1.186	1.327	0.938	0.969	1.273	0.944	1.004	1.228	1.176	0.608	0.938	1.249	1.013	0.787	0.867	1.404	0.820	0.729	0.870	0.973	0.777	0.773	0.884	0.948	0.778	0.798	0.908	0.837	0.791	0.859	0.839	1.071	1.312	1.427	1.502	1.638	2.512	1.635	0.812	0.298	0.029	0.004	0.033	0.319	0.765	0.821	0.569	0.659	0.790	0.714	0.733	0.773	0.832	0.840	0.865	0.830	0.817	0.785	1.121	0.838	0.817	1.091	0.879	0.866	0.833	1.209	1.169	0.852	0.838	1.038	1.219	1.968	3.711	2.247	1.153	0.845	0.828	0.742	1.468	1.472	1.124	0.872	1.518	1.372	1.144	0.945	1.427	1.143	1.003	0.942	1.038	1.110	1.029	0.917	1.022	0.890	0.878	0.931	0.886	0.947	0.865	0.955	0.954
1.329	1.890	2.101	2.536	1.873	1.185	1.283	1.421	1.070	1.074	1.150	1.097	0.814	0.664	0.344	0.600	0.474	0.483	0.687	0.444	0.442	0.501	0.537	0.513	0.555	0.474	0.587	0.512	0.522	0.549	0.526	0.514	0.693	0.550	0.539	0.533	0.561	0.537	0.588	0.560	0.979	1.248	1.252	1.274	1.250	1.927	1.908	1.002	1.614	0.335	0.033	0.004	0.029	0.232	0.298	0.259	0.382	0.399	0.427	0.505	0.480	0.470	0.675	0.807	0.635	0.556	0.674	1.152	0.637	0.631	1.148	0.783	0.661	0.702	1.337	1.194	0.797	0.618	0.994	0.970	1.574	2.975	1.989	0.939	0.610	0.570	0.761	0.737	1.047	0.838	0.777	0.855	0.776	0.596	0.433	0.637	0.494	0.652	0.478	0.457	0.520	0.639	0.496	0.475	0.564	0.621	0.520	0.543	0.714	0.659	0.771	0.687
1.348	1.525	1.633	2.173	1.704	0.868	1.022	1.022	0.851	0.634	0.674	0.715	0.584	0.652	0.414	0.440	0.480	0.465	0.244	0.294	0.407	0.476	0.379	0.389	0.550	0.417	0.434	0.424	0.468	0.461	0.429	0.434	0.610	0.442	0.441	0.451	0.474	0.446	0.535	0.479	0.948	1.223	1.190	1.230	1.238	1.998	2.004	1.045	1.134	0.257	0.319	0.029	0.004	0.029	0.191	0.497	0.474	0.477	0.487	0.500	0.485	0.480	0.547	0.819	0.646	0.570	0.645	1.043	0.635	0.630	1.064	0.766	0.654	0.679	1.095	1.128	0.715	0.562	1.002	1.018	1.638	3.390	2.263	1.196	0.879	0.672	0.696	1.453	0.698	0.493	0.678	0.567	0.583	0.541	0.442	0.844	0.480	0.617	0.470	0.437	0.457	0.645	0.469	0.453	0.532	0.576	0.503	0.498	0.682	0.602	0.747	0.654
1.572	1.529	2.035	2.327	1.739	1.136	1.410	1.423	1.247	0.925	1.006	0.817	0.739	0.856	0.515	0.505	0.708	0.683	0.319	0.432	0.725	0.243	0.420	0.444	0.822	0.420	0.451	0.443	0.521	0.493	0.450	0.486	0.644	0.476	0.475	0.514	0.502	0.474	0.521	0.501	0.954	1.281	1.373	1.381	1.435	2.133	2.365	1.699	0.660	1.373	0.765	0.232	0.029	0.004	0.030	0.181	0.331	0.484	0.645	0.669	0.621	0.553	0.665	0.899	0.713	0.634	0.710	1.159	0.675	0.676	1.066	0.782	0.671	0.716	1.200	1.100	0.723	0.595	0.998	1.070	1.506	3.163	2.566	1.459	0.982	0.686	0.871	1.759	0.563	0.501	0.870	0.361	0.492	0.456	0.481	0.841	0.493	0.630	0.473	0.521	0.517	0.647	0.483	0.506	0.532	0.559	0.485	0.511	0.696	0.592	0.757	0.666
1.386	1.570	1.953	2.380	1.717	0.980	1.219	1.262	1.037	0.775	0.932	0.773	0.668	0.691	0.482	0.441	0.522	0.539	0.291	0.330	0.445	0.379	0.565	0.373	0.585	0.524	0.695	0.498	0.539	0.576	0.562	0.539	0.690	0.610	0.591	0.552	0.561	0.572	0.577	0.555	0.864	1.123	1.208	1.220	1.160	1.849	2.372	2.088	1.862	1.295	0.821	0.298	0.191	0.030	0.004	0.028	0.210	0.332	0.833	0.740	0.599	0.468	0.695	0.950	0.792	0.635	0.757	1.328	0.756	0.734	1.278	0.897	0.763	0.812	1.510	1.277	0.879	0.694	0.980	0.952	1.204	2.668	1.964	0.596	0.795	0.815	0.697	0.299	1.458	1.080	0.619	1.270	1.105	0.794	0.544	0.757	0.743	0.675	0.485	0.577	0.708	0.633	0.489	0.545	0.558	0.589	0.502	0.586	0.685	0.623	0.729	0.698
1.477	1.591	1.585	2.179	1.764	0.970	1.125	1.159	0.915	0.769	0.805	0.763	0.726	0.746	0.695	0.596	0.619	0.516	0.255	0.486	0.407	0.252	0.583	0.448	0.370	0.475	0.680	0.461	0.496	0.524	0.514	0.493	0.681	0.541	0.528	0.512	0.536	0.530	0.568	0.527	0.874	1.101	1.101	1.164	1.098	1.790	1.585	1.366	2.314	0.742	0.569	0.259	0.497	0.181	0.028	0.004	0.029	0.248	0.246	0.402	0.440	0.448	0.557	0.748	0.568	0.507	0.601	1.117	0.606	0.591	1.060	0.777	0.658	0.664	1.216	1.210	0.784	0.613	0.917	1.018	1.360	2.867	2.015	0.957	0.762	0.806	0.889	1.003	1.165	0.872	0.911	1.043	0.894	0.710	0.521	0.689	0.599	0.646	0.540	0.537	0.574	0.645	0.565	0.554	0.628	0.657	0.589	0.610	0.729	0.701	0.773	0.778
1.475	1.277	1.313	1.944	1.542	0.859	1.131	1.207	0.844	0.642	0.799	0.720	0.593	0.595	0.537	0.549	0.506	0.542	0.332	0.463	0.342	0.241	0.296	0.295	0.365	0.388	0.388	0.340	0.479	0.463	0.395	0.406	0.608	0.429	0.428	0.436	0.453	0.427	0.499	0.460	0.892	1.127	1.106	1.168	1.116	1.828	1.877	1.420	1.691	1.000	0.659	0.382	0.474	0.331	0.210	0.029	0.004	0.029	0.309	0.256	0.252	0.441	0.406	0.783	0.605	0.467	0.536	0.996	0.574	0.559	0.937	0.707	0.605	0.616	0.970	1.052	0.667	0.533	0.957	0.964	1.262	2.873	2.144	1.074	0.849	0.793	0.841	1.341	1.007	0.761	0.936	0.853	0.722	0.478	0.424	0.771	0.486	0.592	0.468	0.463	0.459	0.570	0.496	0.475	0.538	0.583	0.514	0.518	0.648	0.614	0.730	0.630
1.419	1.268	1.322	1.870	1.465	0.931	1.226	1.368	0.880	0.641	0.896	0.723	0.540	0.576	0.481	0.495	0.497	0.536	0.270	0.444	0.475	0.516	0.388	0.388	0.687	0.267	0.403	0.390	0.497	0.359	0.333	0.401	0.633	0.412	0.380	0.488	0.471	0.406	0.413	0.452	0.912	1.168	1.099	1.100	1.046	1.902	2.182	1.877	1.420	1.738	0.790	0.399	0.477	0.484	0.332	0.248	0.029	0.004	0.029	0.244	0.200	0.362	0.342	0.627	0.409	0.324	0.380	0.949	0.387	0.385	0.743	0.470	0.405	0.421	0.884	0.853	0.505	0.443	0.770	1.163	0.977	1.874	1.716	0.924	0.789	0.820	0.884	0.852	0.797	0.720	0.949	0.627	0.622	0.416	0.292	0.550	0.412	0.586	0.426	0.374	0.434	0.600	0.481	0.447	0.560	0.593	0.529	0.541	0.606	0.610	0.701	0.635
1.566	1.423	1.357	1.934	1.627	0.886	1.176	1.234	0.910	0.656	0.805	0.734	0.656	0.665	0.611	0.911	0.713	0.637	0.687	0.855	0.684	0.433	0.848	0.818	0.809	0.786	1.038	0.953	0.825	0.787	0.913	0.865	0.865	0.785	0.807	0.779	0.749	0.753	0.785	0.758	1.006	1.213	1.297	1.334	1.246	1.841	1.376	1.241	2.646	0.919	0.714	0.427	0.487	0.645	0.833	0.246	0.309	0.029	0.004	0.029	0.177	0.432	0.536	0.774	0.653	0.609	0.734	1.148	0.700	0.696	1.046	0.825	0.756	0.759	1.215	1.191	0.874	0.756	0.921	1.352	1.476	2.607	2.115	0.990	0.664	0.612	0.780	1.055	0.669	0.579	0.797	0.706	0.541	0.464	0.366	0.489	0.410	0.714	0.584	0.468	0.622	0.639	0.698	0.669	0.724	0.812	0.755	0.738	0.785	0.852	0.905	0.794
