0.003	0.028	0.651	1.273	1.795	2.513	3.384	3.336	3.939	4.946	4.429	5.017	5.257	5.174	5.123	5.779	5.962	5.627	5.665	6.348	6.073	5.974	6.827	6.769	6.278	6.485	7.169	6.768	6.704	7.061	7.242	6.961	6.939	7.431	7.256	7.096	7.198	7.513	7.357	7.432	7.494	7.629	8.045	7.810	8.131	7.619	5.573	5.756	4.974	5.024	5.469	5.475	6.128	6.057	5.849	6.239	6.826	6.887	6.614	7.054	7.188	6.968	7.262	7.894	7.417	7.539	8.004	8.193	7.637	7.935	8.496	8.158	8.075	8.339	8.360	8.000	8.104	8.244	7.792	5.741	5.427	5.541	5.110	4.968	4.808	4.847	5.268	5.093	4.964	5.197	5.644	5.378	5.379	5.809	6.119	5.819	5.921	6.681	6.434	6.342	6.656	6.980	6.694	6.801	7.256	7.264	7.187	7.318	7.670	7.608	7.588	7.988
0.028	0.004	0.028	0.767	1.153	1.775	2.282	1.976	2.455	2.913	2.610	2.870	3.206	3.461	3.192	3.185	4.174	3.637	3.366	4.013	4.176	3.872	4.333	4.826	4.294	4.242	4.725	5.002	4.618	4.760	5.078	4.922	4.834	5.290	5.286	5.067	5.098	5.537	5.370	5.315	5.577	5.769	6.699	6.632	7.028	6.333	4.534	4.382	3.551	3.133	3.125	2.942	3.422	3.427	3.252	3.463	4.003	4.088	3.820	4.297	4.504	4.370	4.525	5.125	5.019	4.914	5.250	5.549	5.433	5.410	5.856	5.835	5.758	5.944	6.296	5.908	6.184	5.882	5.820	4.679	3.964	3.929	3.041	2.964	3.096	2.899	2.895	2.901	2.789	2.794	3.034	3.094	3.028	3.237	3.692	3.578	3.485	4.108	4.010	3.932	4.094	4.445	4.365	4.380	4.675	4.812	4.775	4.835	5.307	5.333	5.712	5.733
0.651	0.028	0.004	0.029	0.634	1.065	2.025	1.667	2.223	2.700	2.378	2.768	2.907	3.545	3.226	2.928	3.896	3.579	3.344	3.614	3.840	3.642	3.791	4.119	3.861	3.790	4.016	4.272	3.995	4.070	4.229	4.157	4.108	4.401	4.362	4.234	4.250	4.533	4.448	4.452	4.544	4.747	5.652	5.546	5.783	5.227	4.390	4.451	3.556	3.307	3.046	2.915	3.132	3.225	3.155	3.218	3.508	3.808	3.510	3.695	3.866	3.824	3.875	4.210	4.196	4.110	4.301	4.547	4.440	4.416	4.743	4.727	4.665	4.791	5.150	4.814	5.019	4.773	4.783	4.527	3.834	3.903	3.178	3.210	3.406	3.210	2.995	3.119	3.088	3.031	3.052	3.222	3.160	3.207	3.492	3.551	3.371	3.666	3.628	3.576	3.656	3.858	3.808	3.810	3.998	4.086	4.086	4.109	4.320	4.403	4.653	4.999
1.273	0.767	0.029	0.004	0.028	0.620	2.164	2.113	1.887	2.836	2.664	2.878	2.913	3.296	3.027	2.638	3.611	3.196	2.880	3.379	3.587	3.330	3.678	4.193	3.713	3.616	4.012	4.423	3.992	4.066	4.409	4.288	4.190	4.548	4.641	4.425	4.433	4.848	4.661	4.587	4.974	5.066	6.030	6.048	6.629	6.022	4.847	4.852	3.726	3.357	3.114	2.880	3.041	3.031	2.904	2.998	3.288	3.338	3.186	3.493	3.709	3.650	3.707	4.079	4.376	4.099	4.169	4.553	4.787	4.512	4.621	4.947	4.879	4.842	5.317	5.079	5.377	4.852	5.105	4.910	4.187	4.199	3.257	3.120	3.225	3.004	2.850	2.907	2.741	2.681	2.747	2.793	2.753	2.844	3.168	3.151	3.025	3.484	3.424	3.366	3.484	3.740	3.750	3.741	3.917	4.076	4.057	4.060	4.527	4.535	5.002	4.750
1.795	1.153	0.634	0.028	0.004	0.028	0.698	0.874	1.601	1.409	1.180	1.324	2.142	2.269	2.034	2.033	2.988	2.520	2.240	2.708	2.927	2.678	2.785	3.236	2.883	2.739	2.941	3.300	2.942	2.926	3.151	3.058	2.997	3.167	3.242	3.102	3.146	3.391	3.227	3.130	3.401	3.579	4.726	4.823	5.405	4.820	3.491	3.187	2.757	1.957	1.812	1.781	2.003	2.003	1.939	1.994	2.317	2.282	2.201	2.596	2.802	2.736	2.763	3.037	3.282	3.022	3.020	3.384	3.516	3.275	3.391	3.639	3.541	3.491	4.068	3.666	3.974	3.486	3.619	3.639	2.894	2.712	1.974	2.015	2.220	2.048	1.833	1.824	1.935	1.917	1.946	2.187	2.109	2.136	2.478	2.510	2.352	2.592	2.586	2.548	2.589	2.744	2.790	2.779	2.859	2.941	2.913	2.895	3.251	3.178	3.499	3.411
2.513	1.775	1.065	0.620	0.028	0.004	0.028	0.631	0.740	0.881	0.676	0.737	1.630	1.652	1.371	1.850	2.440	1.979	1.746	2.488	2.484	2.287	2.720	2.926	2.588	2.489	2.878	3.045	2.704	2.817	3.027	2.854	2.811	3.074	3.061	2.922	3.047	3.308	3.069	2.951	3.210	3.446	4.619	4.684	5.409	4.735	3.455	3.385	2.585	1.809	1.453	1.435	1.850	1.756	1.618	1.754	2.286	2.101	2.046	2.694	2.874	2.741	2.843	3.274	3.317	3.146	3.240	3.601	3.591	3.452	3.625	3.799	3.688	3.651	4.130	3.671	4.003	3.583	3.503	3.593	2.751	2.719	1.751	1.839	2.073	1.800	1.467	1.416	1.512	1.481	1.564	1.757	1.680	1.796	2.202	2.163	2.041	2.493	2.390	2.330	2.487	2.702	2.660	2.686	2.876	2.917	2.858	2.877	3.349	3.170	3.408	3.371
3.384	2.282	2.025	2.164	0.698	0.028	0.004	0.028	0.469	0.838	0.754	0.875	1.302	1.596	1.291	1.451	1.784	1.531	1.227	1.577	1.658	1.504	1.674	1.823	1.583	1.550	1.804	1.920	1.623	1.712	1.895	1.735	1.687	1.908	1.902	1.780	1.876	2.096	1.906	1.829	2.122	2.155	3.172	3.194	3.915	3.480	3.163	3.185	2.445	1.743	1.603	1.540	1.807	1.564	1.456	1.587	1.905	1.661	1.574	2.095	2.009	1.889	2.022	2.434	2.193	2.156	2.386	2.662	2.391	2.417	2.804	2.774	2.619	2.709	3.187	2.614	2.929	2.632	2.447	3.280	2.626	2.642	1.735	1.817	2.045	1.805	1.532	1.514	1.501	1.443	1.422	1.479	1.437	1.437	1.579	1.647	1.511	1.817	1.579	1.552	1.672	1.728	1.661	1.681	1.855	1.813	1.771	1.798	2.189	2.028	2.151	2.216
3.336	1.976	1.667	2.113	0.874	0.631	0.028	0.004	0.033	0.383	0.752	0.548	0.807	1.511	1.218	1.041	1.272	1.314	0.855	0.999	1.252	1.268	1.054	1.271	1.162	1.084	1.160	1.321	1.089	1.088	1.194	1.120	1.098	1.201	1.195	1.152	1.218	1.339	1.220	1.196	1.395	1.528	2.784	2.900	3.621	3.075	3.110	3.285	2.410	1.909	1.461	1.406	1.561	1.202	1.139	1.241	1.441	1.180	1.139	1.521	1.387	1.287	1.424	1.734	1.535	1.472	1.643	1.933	1.669	1.649	1.944	1.936	1.797	1.824	2.238	1.762	2.037	1.709	1.625	3.289	2.625	2.769	1.889	2.137	2.462	2.178	1.624	1.685	1.745	1.609	1.273	1.469	1.445	1.308	1.198	1.512	1.288	1.305	1.190	1.197	1.231	1.161	1.193	1.188	1.292	1.245	1.233	1.248	1.487	1.341	1.346	2.104
3.939	2.455	2.223	1.887	1.601	0.740	0.469	0.033	0.004	0.028	0.445	0.267	1.249	1.591	1.236	1.306	1.737	1.607	1.334	1.611	1.728	1.651	1.588	1.827	1.710	1.513	1.743	1.863	1.687	1.656	1.772	1.726	1.693	1.733	1.778	1.744	1.735	1.833	1.795	1.785	1.785	2.047	3.275	3.397	3.998	3.497	2.581	2.953	2.324	1.603	1.307	1.213	1.413	1.254	1.162	1.195	1.340	1.414	1.243	1.392	1.482	1.489	1.471	1.624	1.807	1.603	1.611	2.006	1.899	1.740	1.921	2.020	1.936	1.852	2.294	2.058	2.214	1.833	2.019	2.654	2.101	2.369	1.476	1.570	1.830	1.585	1.282	1.332	1.340	1.273	1.163	1.420	1.341	1.282	1.484	1.619	1.424	1.457	1.560	1.506	1.460	1.509	1.636	1.611	1.635	1.751	1.725	1.705	1.808	1.750	1.784	2.697
4.946	2.913	2.700	2.836	1.409	0.881	0.838	0.383	0.028	0.004	0.033	0.236	0.322	0.982	0.777	1.631	0.558	0.656	1.180	1.027	0.704	0.813	1.248	1.100	0.910	1.349	1.396	1.019	1.028	1.233	1.227	1.093	1.197	1.331	1.200	1.158	1.410	1.398	1.211	1.204	1.371	1.380	2.312	2.418	3.296	3.001	2.952	2.842	2.481	1.725	1.477	1.468	1.872	1.686	1.468	1.630	1.932	1.497	1.595	1.962	1.828	1.714	1.882	1.968	1.806	1.837	1.882	2.017	1.798	1.867	1.860	1.909	1.881	1.876	1.996	1.697	1.876	1.799	1.601	2.889	2.272	2.033	1.570	1.413	1.449	1.311	1.445	1.173	1.132	1.206	1.474	1.111	1.166	1.356	1.286	1.186	1.311	1.657	1.381	1.381	1.622	1.599	1.450	1.494	1.706	1.512	1.486	1.570	1.750	1.606	1.486	1.687
4.429	2.610	2.378	2.664	1.180	0.676	0.754	0.752	0.445	0.033	0.004	0.033	0.293	0.619	1.058	0.677	0.722	0.968	0.965	0.876	0.848	1.134	0.971	0.904	0.928	1.330	1.035	0.951	0.946	1.001	0.943	0.951	1.047	1.011	0.974	0.973	1.006	1.038	1.074	1.280	1.567	1.565	2.625	2.779	3.569	2.923	2.200	2.551	2.184	1.630	1.723	1.560	1.901	1.746	1.505	1.604	1.629	1.422	1.458	1.519	1.448	1.399	1.508	1.404	1.225	1.343	1.351	1.436	1.260	1.291	1.311	1.237	1.260	1.255	1.322	1.229	1.276	1.317	1.383	2.259	1.829	2.082	1.461	1.535	1.724	1.560	1.434	1.413	1.334	1.325	1.397	1.255	1.274	1.321	1.406	1.395	1.351	1.502	1.346	1.312	1.385	1.340	1.262	1.289	1.290	1.229	1.258	1.262	1.239	1.209	1.118	2.599
5.017	2.870	2.768	2.878	1.324	0.737	0.875	0.548	0.267	0.236	0.033	0.004	0.029	0.184	0.270	0.190	0.239	0.237	0.453	0.288	0.242	0.442	0.353	0.371	0.382	0.823	0.669	0.417	0.323	0.433	0.481	0.370	0.466	0.503	0.452	0.408	0.534	0.614	0.561	0.766	1.176	1.109	2.274	2.436	3.355	2.877	2.002	2.000	2.009	1.254	1.269	1.144	1.662	1.486	1.134	1.302	1.491	1.028	1.078	1.297	1.248	1.093	1.295	1.298	0.952	1.113	1.194	1.277	0.970	1.091	1.205	1.071	1.075	1.086	1.162	1.007	1.081	1.129	1.105	1.912	1.572	1.534	1.027	0.937	1.228	0.985	0.939	0.835	0.814	0.789	0.945	0.801	0.792	0.834	0.861	0.815	0.832	1.072	0.817	0.797	0.960	0.936	0.764	0.807	0.909	0.801	0.776	0.812	0.927	0.829	0.698	2.068
5.257	3.206	2.907	2.913	2.142	1.630	1.302	0.807	1.249	0.322	0.293	0.029	0.004	0.029	0.185	0.289	0.195	0.230	0.235	0.226	0.299	0.270	0.257	0.465	0.406	0.439	0.566	0.564	0.309	0.302	0.388	0.328	0.327	0.361	0.347	0.360	0.384	0.454	0.442	0.653	1.002	0.902	2.221	2.400	3.285	2.893	1.795	1.862	1.994	1.189	1.211	1.060	1.377	1.199	0.859	1.047	1.204	0.906	0.862	1.022	0.854	0.725	0.892	0.991	0.752	0.786	0.856	0.987	0.855	0.800	1.042	0.917	0.897	0.836	1.125	0.923	1.029	0.944	1.059	1.752	1.491	1.566	0.987	0.827	1.035	0.821	0.863	0.721	0.631	0.632	0.807	0.629	0.603	0.632	0.682	0.800	0.658	1.017	0.647	0.665	0.684	0.701	0.607	0.615	0.702	0.643	0.621	0.633	0.764	0.633	0.506	1.853
5.174	3.461	3.545	3.296	2.269	1.652	1.596	1.511	1.591	0.982	0.619	0.184	0.029	0.004	0.028	0.155	0.229	0.223	0.228	0.243	0.360	0.368	0.263	0.349	0.652	0.429	0.503	0.620	0.358	0.308	0.345	0.366	0.362	0.316	0.342	0.405	0.361	0.343	0.417	0.675	1.060	0.865	2.127	2.401	3.384	3.044	1.747	1.895	1.923	1.317	1.178	1.011	1.320	1.379	0.667	0.986	1.003	0.679	0.739	0.769	0.655	0.586	0.702	0.660	0.612	0.619	0.610	0.748	0.783	0.624	0.720	0.718	0.750	0.642	0.842	0.777	0.819	0.888	1.090	1.709	1.495	1.600	1.089	0.789	0.950	0.729	0.688	0.641	0.567	0.547	0.705	0.624	0.616	0.629	0.675	0.946	0.671	0.940	0.615	0.666	0.639	0.663	0.575	0.571	0.589	0.564	0.540	0.535	0.665	0.559	0.422	1.849
5.123	3.192	3.226	3.027	2.034	1.371	1.291	1.218	1.236	0.777	1.058	0.270	0.185	0.028	0.004	0.028	0.150	0.193	0.165	0.214	0.209	0.470	0.229	0.241	0.426	0.586	0.485	0.369	0.277	0.281	0.311	0.291	0.360	0.305	0.310	0.321	0.363	0.367	0.387	0.640	1.052	0.960	2.169	2.401	3.365	2.933	1.161	1.296	1.131	0.797	0.980	1.161	1.420	1.467	0.895	1.163	1.231	0.643	0.834	0.927	0.711	0.640	0.782	0.653	0.641	0.662	0.636	0.783	0.740	0.654	0.676	0.688	0.751	0.649	0.748	0.717	0.739	0.847	0.993	1.083	0.952	1.354	0.781	0.640	0.857	0.698	0.727	0.616	0.608	0.615	0.879	0.682	0.672	0.721	0.765	0.845	0.750	0.941	0.669	0.699	0.734	0.707	0.589	0.608	0.632	0.602	0.585	0.583	0.677	0.613	0.475	1.960
5.779	3.185	2.928	2.638	2.033	1.850	1.451	1.041	1.306	1.631	0.677	0.190	0.289	0.155	0.028	0.004	0.029	0.148	0.272	0.184	0.205	0.221	0.321	0.270	0.262	0.602	0.596	0.341	0.276	0.355	0.373	0.303	0.352	0.438	0.355	0.342	0.459	0.548	0.476	0.699	1.117	1.022	2.252	2.395	3.260	2.803	2.173	1.902	2.208	1.509	1.235	0.591	0.863	0.363	0.574	0.750	1.232	1.397	1.108	1.280	1.436	1.176	1.438	1.548	1.018	1.306	1.460	1.432	1.023	1.298	1.499	1.233	1.212	1.306	1.323	1.060	1.175	1.324	1.154	2.295	1.888	1.447	1.151	0.979	1.027	0.863	0.867	0.837	0.670	0.573	0.644	0.593	0.571	0.683	0.794	0.719	0.733	1.276	0.769	0.773	0.984	0.980	0.743	0.783	0.992	0.794	0.762	0.829	1.017	0.806	0.639	1.954
5.962	4.174	3.896	3.611	2.988	2.440	1.784	1.272	1.737	0.558	0.722	0.239	0.195	0.229	0.150	0.029	0.004	0.029	0.138	0.216	0.153	0.230	0.234	0.420	0.365	0.272	0.500	0.596	0.299	0.271	0.347	0.318	0.314	0.290	0.316	0.359	0.320	0.344	0.403	0.653	1.005	0.834	2.183	2.405	3.292	2.957	1.562	1.528	1.689	1.054	0.905	0.744	1.006	1.012	0.525	0.742	0.822	0.680	0.649	0.699	0.524	0.492	0.518	0.600	0.584	0.518	0.509	0.716	0.823	0.578	0.751	0.748	0.771	0.639	0.953	0.840	0.914	0.924	1.141	1.519	1.295	1.386	0.813	0.644	0.808	0.613	0.580	0.598	0.495	0.410	0.538	0.475	0.478	0.465	0.499	0.865	0.529	0.925	0.546	0.586	0.539	0.562	0.545	0.501	0.560	0.553	0.532	0.529	0.674	0.520	0.403	1.797
5.627	3.637	3.579	3.196	2.520	1.979	1.531	1.314	1.607	0.656	0.968	0.237	0.230	0.223	0.193	0.148	0.029	0.004	0.028	0.149	0.190	0.209	0.235	0.244	0.541	0.297	0.316	0.468	0.306	0.285	0.310	0.313	0.323	0.299	0.317	0.355	0.341	0.318	0.372	0.646	1.042	0.880	2.136	2.423	3.394	3.035	1.332	1.398	1.363	0.974	0.825	0.878	0.884	0.920	0.697	0.686	0.456	0.366	0.614	0.402	0.390	0.397	0.394	0.430	0.565	0.451	0.399	0.656	0.801	0.500	0.513	0.651	0.704	0.553	0.747	0.745	0.763	0.891	1.155	1.261	1.176	1.320	0.942	0.714	0.828	0.673	0.653	0.721	0.659	0.629	0.674	0.674	0.699	0.651	0.549	1.066	0.683	0.788	0.539	0.618	0.547	0.573	0.544	0.506	0.527	0.549	0.517	0.503	0.641	0.525	0.402	1.851
5.665	3.366	3.344	2.880	2.240	1.746	1.227	0.855	1.334	1.180	0.965	0.453	0.235	0.228	0.165	0.272	0.138	0.028	0.004	0.029	0.153	0.230	0.157	0.199	0.204	0.433	0.376	0.217	0.227	0.227	0.257	0.246	0.302	0.255	0.262	0.280	0.330	0.319	0.352	0.618	1.034	0.919	2.175	2.365	3.251	2.799	1.473	1.330	1.554	0.840	0.640	0.540	0.596	0.468	0.294	0.571	0.655	0.181	0.649	0.513	0.406	0.499	0.515	0.427	0.567	0.486	0.429	0.648	0.736	0.520	0.506	0.613	0.687	0.545	0.670	0.684	0.689	0.843	1.025	1.548	1.239	1.127	0.745	0.588	0.649	0.434	0.462	0.647	0.488	0.414	0.501	0.582	0.552	0.574	0.743	0.753	0.675	0.866	0.687	0.708	0.689	0.606	0.566	0.561	0.559	0.550	0.547	0.536	0.627	0.548	0.415	1.898
6.348	4.013	3.614	3.379	2.708	2.488	1.577	0.999	1.611	1.027	0.876	0.288	0.226	0.243	0.214	0.184	0.216	0.149	0.029	0.004	0.029	0.152	0.258	0.183	0.231	0.226	0.471	0.294	0.239	0.233	0.298	0.264	0.260	0.260	0.273	0.303	0.285	0.336	0.384	0.625	0.976	0.853	2.226	2.372	3.169	2.795	1.529	1.407	1.622	0.901	0.732	0.560	0.702	0.724	0.403	0.496	0.511	0.750	0.624	0.597	0.564	0.611	0.618	0.556	0.548	0.569	0.550	0.672	0.805	0.568	0.634	0.693	0.759	0.619	0.826	0.774	0.820	0.932	1.099	1.584	1.266	1.239	0.738	0.578	0.681	0.437	0.455	0.621	0.454	0.371	0.455	0.433	0.436	0.496	0.533	0.721	0.539	1.109	0.579	0.552	0.547	0.573	0.553	0.504	0.583	0.558	0.552	0.550	0.689	0.525	0.405	1.789
6.073	4.176	3.840	3.587	2.927	2.484	1.658	1.252	1.728	0.704	0.848	0.242	0.299	0.360	0.209	0.205	0.153	0.190	0.153	0.029	0.004	0.029	0.140	0.224	0.229	0.286	0.263	0.498	0.289	0.290	0.322	0.305	0.311	0.302	0.315	0.349	0.324	0.315	0.391	0.677	1.051	0.861	2.215	2.456	3.350	3.004	1.462	1.363	1.559	0.845	0.685	0.534	0.659	0.714	0.373	0.477	0.433	0.541	0.459	0.442	0.413	0.381	0.342	0.488	0.535	0.447	0.434	0.776	0.912	0.537	0.569	0.713	0.750	0.629	0.850	0.841	0.867	1.045	1.309	1.452	1.210	1.230	0.742	0.559	0.693	0.482	0.446	0.588	0.510	0.358	0.439	0.418	0.424	0.382	0.373	0.832	0.471	0.819	0.509	0.541	0.484	0.583	0.535	0.471	0.528	0.548	0.517	0.506	0.678	0.506	0.400	1.835
5.974	3.872	3.642	3.330	2.678	2.287	1.504	1.268	1.651	0.813	1.134	0.442	0.270	0.368	0.470	0.221	0.230	0.209	0.230	0.152	0.029	0.004	0.029	0.158	0.210	0.220	0.216	0.223	0.224	0.238	0.235	0.248	0.271	0.258	0.261	0.285	0.303	0.279	0.334	0.646	1.075	0.905	2.163	2.394	3.309	2.873	1.365	1.320	1.454	0.927	0.752	0.569	0.535	0.574	0.607	0.517	0.555	0.656	0.660	0.531	0.500	0.401	0.440	0.424	0.590	0.453	0.396	0.773	0.885	0.501	0.487	0.626	0.677	0.565	0.658	0.739	0.736	1.009	1.266	1.339	1.200	1.225	0.877	0.732	0.740	0.559	0.524	0.582	0.585	0.440	0.579	0.442	0.450	0.479	0.474	0.882	0.547	0.772	0.563	0.606	0.563	0.599	0.539	0.508	0.503	0.527	0.497	0.480	0.617	0.513	0.386	1.908
6.827	4.333	3.791	3.678	2.785	2.720	1.674	1.054	1.588	1.248	0.971	0.353	0.257	0.263	0.229	0.321	0.234	0.235	0.157	0.258	0.140	0.029	0.004	0.028	0.151	0.170	0.154	0.187	0.200	0.223	0.224	0.217	0.262	0.349	0.238	0.252	0.438	0.482	0.354	0.593	1.020	0.918	2.132	2.285	3.035	2.630	1.653	1.429	1.591	0.851	0.839	0.497	0.500	0.487	0.605	0.583	0.697	0.366	0.546	0.426	0.382	0.443	0.403	0.632	0.619	0.518	0.484	0.714	0.736	0.593	0.577	0.704	0.714	0.630	0.704	0.746	0.740	0.848	0.930	1.818	1.351	1.078	0.749	0.612	0.612	0.481	0.504	0.631	0.475	0.409	0.471	0.456	0.352	0.419	0.348	0.537	0.416	0.918	0.747	0.609	0.630	0.644	0.675	0.701	0.770	0.786	0.771	0.786	0.752	0.699	0.578	1.779
6.769	4.826	4.119	4.193	3.236	2.926	1.823	1.271	1.827	1.100	0.904	0.371	0.465	0.349	0.241	0.270	0.420	0.244	0.199	0.183	0.224	0.158	0.028	0.004	0.029	0.144	0.225	0.174	0.192	0.208	0.285	0.221	0.222	0.219	0.238	0.276	0.245	0.261	0.363	0.637	0.976	0.831	2.280	2.423	3.190	2.877	1.561	1.385	1.604	0.842	0.743	0.456	0.494	0.551	0.503	0.427	0.471	0.472	0.467	0.376	0.418	0.404	0.337	0.626	0.445	0.449	0.489	1.007	0.883	0.548	0.713	0.829	0.745	0.689	1.041	0.901	0.951	1.093	1.299	1.653	1.281	1.128	0.723	0.568	0.596	0.428	0.429	0.562	0.467	0.319	0.403	0.424	0.337	0.304	0.292	0.655	0.398	0.882	0.488	0.473	0.392	0.510	0.477	0.421	0.505	0.489	0.500	0.502	0.672	0.447	0.357	1.756
6.278	4.294	3.861	3.713	2.883	2.588	1.583	1.162	1.710	0.910	0.928	0.382	0.406	0.652	0.426	0.262	0.365	0.541	0.204	0.231	0.229	0.210	0.151	0.029	0.004	0.028	0.147	0.279	0.168	0.186	0.199	0.215	0.218	0.209	0.226	0.274	0.252	0.234	0.341	0.708	1.114	0.876	2.213	2.432	3.300	2.913	1.446	1.331	1.509	0.874	0.712	0.443	0.458	0.515	0.536	0.431	0.472	0.473	0.532	0.425	0.433	0.407	0.417	0.546	0.730	0.465	0.468	1.022	1.065	0.505	0.565	0.697	0.632	0.583	0.768	0.830	0.862	1.189	1.558	1.402	1.181	1.144	0.768	0.656	0.675	0.614	0.569	0.572	0.641	0.554	0.534	0.632	0.646	0.522	0.492	0.844	0.602	0.561	0.577	0.582	0.420	0.502	0.482	0.404	0.455	0.489	0.487	0.477	0.579	0.439	0.346	1.888
6.485	4.242	3.790	3.616	2.739	2.489	1.550	1.084	1.513	1.349	1.330	0.823	0.439	0.429	0.586	0.602	0.272	0.297	0.433	0.226	0.286	0.220	0.170	0.144	0.028	0.004	0.029	0.146	0.233	0.143	0.170	0.207	0.202	0.183	0.203	0.225	0.257	0.226	0.290	0.607	1.039	0.881	2.174	2.304	3.085	2.670	1.196	1.054	1.051	0.585	0.619	0.451	0.477	0.580	0.620	0.429	0.440	0.603	0.425	0.362	0.361	0.111	0.249	0.262	0.771	0.360	0.355	0.904	1.070	0.500	0.551	0.663	0.607	0.557	0.645	0.750	0.781	1.131	1.385	1.379	1.057	0.885	0.764	0.497	0.474	0.376	0.401	0.396	0.333	0.272	0.325	0.325	0.201	0.167	0.113	0.327	0.267	0.637	0.409	0.508	0.406	0.437	0.477	0.446	0.454	0.473	0.481	0.471	0.575	0.462	0.337	1.843
7.169	4.725	4.016	4.012	2.941	2.878	1.804	1.160	1.743	1.396	1.035	0.669	0.566	0.503	0.485	0.596	0.500	0.316	0.376	0.471	0.263	0.216	0.154	0.225	0.147	0.029	0.004	0.029	0.146	0.258	0.121	0.191	0.198	0.189	0.201	0.225	0.220	0.245	0.339	0.574	0.937	0.830	2.257	2.306	2.942	2.657	2.017	1.714	1.803	0.954	1.041	0.711	0.818	0.770	0.653	0.765	0.844	0.615	0.555	0.576	0.554	0.460	0.457	0.655	0.210	0.416	0.448	1.018	0.781	0.557	0.615	0.731	0.781	0.678	0.853	0.798	0.830	1.088	1.257	2.135	1.513	1.165	0.808	0.576	0.553	0.422	0.453	0.461	0.405	0.352	0.473	0.476	0.354	0.352	0.284	0.554	0.429	0.805	0.513	0.468	0.441	0.506	0.504	0.471	0.520	0.470	0.478	0.499	0.697	0.434	0.347	1.634
6.768	5.002	4.272	4.423	3.300	3.045	1.920	1.321	1.863	1.019	0.951	0.417	0.564	0.620	0.369	0.341	0.596	0.468	0.217	0.294	0.498	0.223	0.187	0.174	0.279	0.146	0.029	0.004	0.029	0.137	0.224	0.190	0.211	0.223	0.223	0.265	0.236	0.238	0.361	0.689	1.046	0.843	2.338	2.446	3.168	2.901	1.608	1.380	1.584	0.812	0.803	0.491	0.520	0.499	0.580	0.587	0.626	0.442	0.486	0.524	0.575	0.443	0.484	0.688	0.645	0.453	0.526	1.265	0.965	0.503	0.607	0.775	0.644	0.636	0.992	0.896	0.946	1.282	1.666	1.696	1.286	1.024	0.721	0.548	0.545	0.439	0.432	0.436	0.445	0.366	0.430	0.509	0.411	0.345	0.306	0.652	0.422	0.594	0.398	0.475	0.318	0.438	0.310	0.313	0.383	0.442	0.487	0.454	0.573	0.433	0.353	1.757
6.704	4.618	3.995	3.992	2.942	2.704	1.623	1.089	1.687	1.028	0.946	0.323	0.309	0.358	0.277	0.276	0.299	0.306	0.227	0.239	0.289	0.224	0.200	0.192	0.168	0.233	0.146	0.029	0.004	0.028	0.145	0.224	0.173	0.207	0.219	0.237	0.228	0.223	0.297	0.702	1.129	0.883	2.215	2.354	3.133	2.731	1.475	1.273	1.449	0.761	0.806	0.531	0.545	0.506	0.633	0.651	0.686	0.570	0.555	0.697	0.702	0.632	0.674	0.720	0.904	0.589	0.608	1.135	1.163	0.567	0.628	0.811	0.598	0.603	0.718	0.827	1.014	1.301	1.782	1.536	1.211	0.883	0.705	0.535	0.518	0.471	0.461	0.456	0.454	0.424	0.426	0.506	0.457	0.397	0.435	0.625	0.469	0.503	0.472	0.520	0.376	0.502	0.361	0.311	0.366	0.484	0.478	0.440	0.475	0.410	0.341	1.881
7.061	4.760	4.070	4.066	2.926	2.817	1.712	1.088	1.656	1.233	1.001	0.433	0.302	0.308	0.281	0.355	0.271	0.285	0.227	0.233	0.290	0.238	0.223	0.208	0.186	0.143	0.258	0.137	0.028	0.004	0.028	0.146	0.228	0.136	0.193	0.206	0.209	0.196	0.265	0.569	1.001	0.818	2.129	2.140	2.734	2.451	1.676	1.370	1.443	0.728	0.851	0.552	0.578	0.534	0.560	0.670	0.706	0.508	0.562	0.725	0.742	0.695	0.699	0.797	0.955	0.575	0.622	1.051	1.195	0.570	0.628	0.768	0.590	0.581	0.648	0.789	0.948	1.263	1.561	1.812	1.298	0.822	0.691	0.487	0.490	0.428	0.433	0.437	0.414	0.395	0.389	0.419	0.456	0.402	0.368	0.532	0.542	0.546	0.512	0.467	0.417	0.470	0.345	0.328	0.478	0.394	0.428	0.444	0.576	0.390	0.308	1.667
7.242	5.078	4.229	4.409	3.151	3.027	1.895	1.194	1.772	1.227	0.943	0.481	0.388	0.345	0.311	0.373	0.347	0.310	0.257	0.298	0.322	0.235	0.224	0.285	0.199	0.170	0.121	0.224	0.145	0.028	0.004	0.029	0.146	0.242	0.187	0.226	0.224	0.209	0.346	0.568	0.908	0.806	2.334	2.294	2.751	2.588	1.767	1.447	1.604	0.790	0.873	0.562	0.622	0.570	0.587	0.689	0.745	0.466	0.553	0.709	0.750	0.638	0.670	0.881	0.833	0.608	0.678	1.433	0.918	0.608	0.725	0.864	0.641	0.645	0.876	0.851	0.938	1.259	1.645	1.865	1.330	0.920	0.705	0.512	0.504	0.418	0.433	0.431	0.397	0.371	0.397	0.459	0.407	0.373	0.352	0.530	0.482	0.514	0.447	0.444	0.354	0.443	0.352	0.331	0.387	0.392	0.467	0.457	0.662	0.455	0.320	1.475
6.961	4.922	4.157	4.288	3.058	2.854	1.735	1.120	1.726	1.093	0.951	0.370	0.328	0.366	0.291	0.303	0.318	0.313	0.246	0.264	0.305	0.248	0.217	0.221	0.215	0.207	0.191	0.190	0.224	0.146	0.029	0.004	0.028	0.138	0.221	0.222	0.208	0.230	0.298	0.694	1.057	0.873	2.432	2.433	3.032	2.744	1.624	1.362	1.550	0.800	0.853	0.548	0.580	0.533	0.610	0.673	0.719	0.491	0.540	0.701	0.740	0.639	0.682	0.824	0.907	0.604	0.646	1.270	0.992	0.579	0.691	0.887	0.553	0.615	0.909	0.868	1.102	1.333	1.961	1.706	1.273	0.922	0.708	0.535	0.545	0.491	0.451	0.462	0.494	0.425	0.407	0.538	0.502	0.389	0.397	0.673	0.497	0.480	0.541	0.498	0.294	0.476	0.266	0.244	0.265	0.340	0.617	0.365	0.427	0.363	0.327	1.692
6.939	4.834	4.108	4.190	2.997	2.811	1.687	1.098	1.693	1.197	1.047	0.466	0.327	0.362	0.360	0.352	0.314	0.323	0.302	0.260	0.311	0.271	0.262	0.222	0.218	0.202	0.198	0.211	0.173	0.228	0.146	0.028	0.004	0.028	0.153	0.220	0.183	0.191	0.223	0.652	1.101	0.857	2.092	2.147	2.913	2.485	1.555	1.325	1.334	0.718	0.838	0.597	0.641	0.601	0.607	0.716	0.759	0.644	0.650	0.836	0.807	0.856	0.817	0.789	0.970	0.697	0.672	0.874	1.050	0.549	0.598	0.862	0.507	0.528	0.604	0.753	1.158	1.338	1.955	1.609	1.225	0.779	0.727	0.531	0.525	0.516	0.486	0.484	0.485	0.466	0.449	0.460	0.485	0.416	0.408	0.517	0.469	0.434	0.374	0.384	0.344	0.433	0.232	0.247	0.336	0.282	0.502	0.444	0.403	0.319	0.306	1.807
7.431	5.290	4.401	4.548	3.167	3.074	1.908	1.201	1.733	1.331	1.011	0.503	0.361	0.316	0.305	0.438	0.290	0.299	0.255	0.260	0.302	0.258	0.349	0.219	0.209	0.183	0.189	0.223	0.207	0.136	0.242	0.138	0.028	0.004	0.028	0.148	0.235	0.142	0.239	0.490	0.942	0.744	2.021	1.892	2.193	2.280	1.733	1.373	1.434	0.701	0.822	0.526	0.568	0.524	0.501	0.638	0.658	0.449	0.537	0.664	0.656	0.665	0.676	0.718	0.793	0.596	0.548	0.820	0.686	0.423	0.563	0.917	0.287	0.396	0.639	0.640	0.880	1.136	1.122	1.891	1.317	0.782	0.659	0.456	0.460	0.410	0.403	0.408	0.392	0.374	0.358	0.376	0.420	0.366	0.341	0.490	0.464	0.445	0.349	0.362	0.410	0.349	0.300	0.463	0.503	0.225	0.426	0.589	0.577	0.610	0.306	1.171
7.256	5.286	4.362	4.641	3.242	3.061	1.902	1.195	1.778	1.200	0.974	0.452	0.347	0.342	0.310	0.355	0.316	0.317	0.262	0.273	0.315	0.261	0.238	0.238	0.226	0.203	0.201	0.223	0.219	0.193	0.187	0.221	0.153	0.028	0.004	0.028	0.160	0.301	0.342	0.525	0.870	0.777	2.397	2.191	2.391	2.441	1.703	1.388	1.517	0.751	0.851	0.539	0.578	0.531	0.546	0.663	0.698	0.473	0.561	0.699	0.712	0.683	0.724	0.819	0.885	0.624	0.640	1.018	0.778	0.491	0.621	0.939	0.506	0.564	0.894	0.833	1.092	1.290	2.001	1.815	1.298	0.850	0.673	0.472	0.470	0.418	0.413	0.413	0.404	0.381	0.369	0.406	0.427	0.362	0.353	0.515	0.458	0.442	0.367	0.367	0.309	0.380	0.290	0.314	0.319	0.286	0.391	0.371	0.472	0.408	0.297	1.127
7.096	5.067	4.234	4.425	3.102	2.922	1.780	1.152	1.744	1.158	0.973	0.408	0.360	0.405	0.321	0.342	0.359	0.355	0.280	0.303	0.349	0.285	0.252	0.276	0.274	0.225	0.225	0.265	0.237	0.206	0.226	0.222	0.220	0.148	0.028	0.004	0.028	0.181	0.251	0.752	1.044	0.839	2.318	2.058	2.512	2.399	1.617	1.336	1.481	0.749	0.840	0.553	0.573	0.531	0.603	0.670	0.703	0.512	0.593	0.711	0.722	0.742	0.747	0.781	0.903	0.621	0.612	0.935	0.781	0.437	0.567	0.913	0.441	0.455	0.696	0.767	1.165	1.272	2.217	1.654	1.235	0.801	0.706	0.559	0.572	0.572	0.539	0.531	0.541	0.538	0.516	0.520	0.566	0.523	0.493	0.625	0.584	0.552	0.505	0.523	0.490	0.523	0.460	0.478	0.380	0.446	0.758	0.340	0.295	0.222	0.291	1.375
7.198	5.098	4.250	4.433	3.146	3.047	1.876	1.218	1.735	1.410	1.006	0.534	0.384	0.361	0.363	0.459	0.320	0.341	0.330	0.285	0.324	0.303	0.438	0.245	0.252	0.257	0.220	0.236	0.228	0.209	0.224	0.208	0.183	0.235	0.160	0.028	0.004	0.028	0.221	0.557	1.134	0.821	1.819	1.743	2.089	2.274	1.648	1.302	1.334	0.647	0.786	0.546	0.584	0.567	0.524	0.653	0.672	0.527	0.588	0.698	0.673	0.695	0.741	0.702	0.768	0.688	0.602	0.776	0.831	0.516	0.562	0.887	0.567	0.537	0.581	0.659	1.205	1.279	2.137	1.781	1.288	0.689	0.718	0.511	0.496	0.546	0.514	0.467	0.490	0.512	0.478	0.467	0.524	0.492	0.446	0.534	0.541	0.511	0.452	0.442	0.438	0.493	0.405	0.374	0.423	0.427	0.275	0.310	0.350	0.206	0.282	1.153
7.513	5.537	4.533	4.848	3.391	3.308	2.096	1.339	1.833	1.398	1.038	0.614	0.454	0.343	0.367	0.548	0.344	0.318	0.319	0.336	0.315	0.279	0.482	0.261	0.234	0.226	0.245	0.238	0.223	0.196	0.209	0.230	0.191	0.142	0.301	0.181	0.028	0.004	0.029	0.267	1.120	0.796	1.835	1.585	1.646	2.459	1.786	1.394	1.423	0.667	0.810	0.507	0.566	0.547	0.480	0.603	0.635	0.461	0.566	0.631	0.623	0.630	0.660	0.620	0.687	0.600	0.563	0.630	0.661	0.562	0.528	0.663	0.403	0.454	0.601	0.364	1.068	1.107	1.003	1.942	1.323	0.750	0.667	0.450	0.454	0.443	0.422	0.409	0.412	0.421	0.381	0.386	0.459	0.408	0.352	0.496	0.496	0.454	0.367	0.397	0.372	0.383	0.353	0.350	0.455	0.341	0.306	0.500	0.489	0.294	0.178	0.526
7.357	5.370	4.448	4.661	3.227	3.069	1.906	1.220	1.795	1.211	1.074	0.561	0.442	0.417	0.387	0.476	0.403	0.372	0.352	0.384	0.391	0.334	0.354	0.363	0.341	0.290	0.339	0.361	0.297	0.265	0.346	0.298	0.223	0.239	0.342	0.251	0.221	0.029	0.004	0.028	0.697	0.626	2.505	2.271	2.229	2.481	1.696	1.372	1.443	0.717	0.833	0.544	0.587	0.539	0.551	0.649	0.669	0.478	0.538	0.656	0.658	0.656	0.680	0.714	0.826	0.621	0.552	0.810	0.710	0.414	0.527	0.832	0.438	0.394	0.583	0.616	0.936	1.026	2.007	1.792	1.261	0.791	0.696	0.477	0.483	0.466	0.439	0.436	0.438	0.444	0.406	0.412	0.486	0.430	0.379	0.528	0.526	0.467	0.404	0.455	0.405	0.415	0.400	0.419	0.371	0.382	0.622	0.359	0.400	0.298	0.553	0.781
7.432	5.315	4.452	4.587	3.130	2.951	1.829	1.196	1.785	1.204	1.280	0.766	0.653	0.675	0.640	0.699	0.653	0.646	0.618	0.625	0.677	0.646	0.593	0.637	0.708	0.607	0.574	0.689	0.702	0.569	0.568	0.694	0.652	0.490	0.525	0.752	0.557	0.267	0.028	0.004	0.028	0.610	1.694	1.348	1.535	2.514	1.830	1.535	1.534	0.964	1.058	0.838	0.827	0.726	0.862	0.894	0.853	0.667	0.664	0.796	0.776	0.792	0.818	0.792	0.916	0.742	0.626	0.841	0.841	0.510	0.561	0.776	0.549	0.512	0.622	0.611	0.997	1.105	1.980	1.853	1.344	1.018	0.946	0.771	0.805	0.682	0.693	0.766	0.691	0.671	0.680	0.679	0.694	0.676	0.656	0.724	0.743	0.679	0.656	0.682	0.647	0.646	0.647	0.710	0.546	0.554	0.966	0.695	0.487	0.508	0.461	0.672
7.494	5.577	4.544	4.974	3.401	3.210	2.122	1.395	1.785	1.371	1.567	1.176	1.002	1.060	1.052	1.117	1.005	1.042	1.034	0.976	1.051	1.075	1.020	0.976	1.114	1.039	0.937	1.046	1.129	1.001	0.908	1.057	1.101	0.942	0.870	1.044	1.134	1.120	0.697	0.028	0.003	0.028	0.402	0.560	1.032	3.086	1.865	1.657	1.612	1.301	1.317	1.199	1.106	1.002	1.248	1.162	1.059	0.972	0.983	1.028	1.024	1.027	1.047	1.106	1.141	0.990	1.120	1.299	1.181	1.118	1.461	1.552	1.409	1.600	1.824	1.610	2.073	2.295	2.466	1.909	1.551	1.408	1.364	1.259	1.324	1.205	1.192	1.272	1.239	1.199	1.179	1.219	1.240	1.201	1.184	1.268	1.267	1.179	1.180	1.218	1.157	1.140	1.169	1.173	1.088	1.075	1.424	1.099	1.054	1.011	1.154	0.865
7.629	5.769	4.747	5.066	3.579	3.446	2.155	1.528	2.047	1.380	1.565	1.109	0.902	0.865	0.960	1.022	0.834	0.880	0.919	0.853	0.861	0.905	0.918	0.831	0.876	0.881	0.830	0.843	0.883	0.818	0.806	0.873	0.857	0.744	0.777	0.839	0.821	0.796	0.626	0.610	0.028	0.004	0.033	0.483	0.825	2.549	1.728	1.571	1.425	1.170	1.175	1.091	0.997	0.896	1.067	1.062	0.914	0.878	0.988	0.985	0.908	0.962	1.078	1.012	0.981	1.017	1.100	1.139	1.045	1.140	1.355	1.404	1.305	1.658	1.780	1.410	2.275	2.658	3.052	1.797	1.457	1.335	1.336	1.228	1.270	1.271	1.192	1.190	1.271	1.252	1.153	1.218	1.310	1.219	1.140	1.300	1.322	1.172	1.125	1.278	1.215	1.043	1.074	1.289	1.143	0.938	1.300	1.450	1.013	0.934	0.970	0.974
8.045	6.699	5.652	6.030	4.726	4.619	3.172	2.784	3.275	2.312	2.625	2.274	2.221	2.127	2.169	2.252	2.183	2.136	2.175	2.226	2.215	2.163	2.132	2.280	2.213	2.174	2.257	2.338	2.215	2.129	2.334	2.432	2.092	2.021	2.397	2.318	1.819	1.835	2.505	1.694	0.402	0.033	0.004	0.028	0.748	1.460	2.108	2.124	1.978	1.925	1.850	1.810	1.790	1.899	1.890	1.757	1.752	1.861	1.794	1.685	1.770	1.716	1.649	1.633	1.894	1.607	1.472	1.546	1.661	1.389	1.387	1.495	1.386	1.382	1.444	1.625	1.620	1.711	2.315	2.083	1.924	2.063	1.994	1.916	1.909	1.877	1.865	1.881	1.878	1.842	1.835	1.880	1.836	1.791	1.814	1.845	1.787	1.764	1.830	1.799	1.701	1.718	1.774	1.753	1.586	1.686	1.851	1.841	1.418	1.452	1.424	1.558
7.810	6.632	5.546	6.048	4.823	4.684	3.194	2.900	3.397	2.418	2.779	2.436	2.400	2.401	2.401	2.395	2.405	2.423	2.365	2.372	2.456	2.394	2.285	2.423	2.432	2.304	2.306	2.446	2.354	2.140	2.294	2.433	2.147	1.892	2.191	2.058	1.743	1.585	2.271	1.348	0.560	0.483	0.028	0.004	0.028	0.866	2.417	2.471	2.248	2.314	2.153	2.120	2.035	2.139	2.239	2.006	1.936	2.061	2.031	1.822	1.861	1.873	1.814	1.723	1.962	1.755	1.634	1.620	1.714	1.575	1.544	1.532	1.556	1.600	1.561	1.524	1.852	2.188	2.589	2.426	2.300	2.533	2.427	2.457	2.511	2.509	2.386	2.399	2.501	2.403	2.312	2.438	2.442	2.278	2.275	2.460	2.322	2.178	2.243	2.337	2.119	2.013	2.102	2.286	1.935	1.846	2.357	2.419	1.672	1.634	1.439	1.967
8.131	7.028	5.783	6.629	5.405	5.409	3.915	3.621	3.998	3.296	3.569	3.355	3.285	3.384	3.365	3.260	3.292	3.394	3.251	3.169	3.350	3.309	3.035	3.190	3.300	3.085	2.942	3.168	3.133	2.734	2.751	3.032	2.913	2.193	2.391	2.512	2.089	1.646	2.229	1.535	1.032	0.825	0.748	0.028	0.004	0.027	2.887	3.055	2.813	3.117	2.830	2.820	2.672	2.894	3.093	2.568	2.507	2.781	2.729	2.289	2.348	2.421	2.238	2.034	2.421	2.157	1.945	1.753	1.912	1.817	1.732	1.610	1.726	1.822	1.745	1.584	2.237	2.708	3.121	2.994	3.057	3.374	3.301	3.394	3.475	3.506	3.319	3.308	3.468	3.309	3.168	3.348	3.353	3.092	3.096	3.350	3.095	2.910	3.036	3.108	2.733	2.647	2.762	2.870	2.428	2.362	2.779	2.905	1.970	1.859	1.656	2.296
7.619	6.333	5.227	6.022	4.820	4.735	3.480	3.075	3.497	3.001	2.923	2.877	2.893	3.044	2.933	2.803	2.957	3.035	2.799	2.795	3.004	2.873	2.630	2.877	2.913	2.670	2.657	2.901	2.731	2.451	2.588	2.744	2.485	2.280	2.441	2.399	2.274	2.459	2.481	2.514	3.086	2.549	1.460	0.866	0.027	0.003	2.876	2.916	2.757	2.806	2.593	2.572	2.472	2.560	2.702	2.455	2.430	2.556	2.504	2.339	2.277	2.344	2.446	2.349	2.309	2.439	2.559	2.543	2.351	2.731	2.850	2.859	2.903	3.306	3.393	2.962	4.028	4.642	4.923	2.989	2.950	2.988	2.927	3.066	3.153	3.247	3.039	2.988	3.193	3.076	2.885	3.052	3.127	2.882	2.802	3.113	2.947	2.714	2.740	2.929	2.743	2.526	2.572	2.968	2.697	2.446	2.762	3.241	2.657	2.594	2.755	3.493
5.573	4.534	4.390	4.847	3.491	3.455	3.163	3.110	2.581	2.952	2.200	2.002	1.795	1.747	1.161	2.173	1.562	1.332	1.473	1.529	1.462	1.365	1.653	1.561	1.446	1.196	2.017	1.608	1.475	1.676	1.767	1.624	1.555	1.733	1.703	1.617	1.648	1.786	1.696	1.830	1.865	1.728	2.108	2.417	2.887	2.876	0.003	0.029	0.585	0.661	1.103	1.614	1.709	1.709	1.480	1.556	1.718	1.713	1.606	1.858	1.782	1.591	1.576	2.308	1.900	1.793	2.224	2.230	1.908	2.024	2.479	2.154	2.055	2.265	2.280	2.155	2.165	2.277	2.303	0.042	0.560	0.639	1.236	0.765	0.964	0.810	1.202	0.856	0.730	0.895	1.456	0.929	0.937	1.188	1.214	1.042	1.177	1.808	1.362	1.295	1.631	1.663	1.477	1.464	1.862	1.835	1.685	1.798	2.168	1.767	1.749	2.187
5.756	4.382	4.451	4.852	3.187	3.385	3.185	3.285	2.953	2.842	2.551	2.000	1.862	1.895	1.296	1.902	1.528	1.398	1.330	1.407	1.363	1.320	1.429	1.385	1.331	1.054	1.714	1.380	1.273	1.370	1.447	1.362	1.325	1.373	1.388	1.336	1.302	1.394	1.372	1.535	1.657	1.571	2.124	2.471	3.055	2.916	0.029	0.004	0.028	0.789	0.887	1.492	1.305	1.460	1.267	1.227	1.353	1.480	1.321	1.346	1.407	1.229	1.051	1.813	1.495	1.333	1.619	1.827	1.537	1.510	1.936	1.679	1.549	1.670	1.771	1.749	1.690	1.753	1.920	0.703	1.180	0.658	1.635	1.286	1.315	1.308	1.428	1.248	1.278	1.331	1.390	1.190	1.269	1.318	1.156	1.193	1.248	1.452	1.258	1.225	1.317	1.306	1.256	1.239	1.452	1.495	1.370	1.402	1.703	1.363	1.347	2.232
4.974	3.551	3.556	3.726	2.757	2.585	2.445	2.410	2.324	2.481	2.184	2.009	1.994	1.923	1.131	2.208	1.689	1.363	1.554	1.622	1.559	1.454	1.591	1.604	1.509	1.051	1.803	1.584	1.449	1.443	1.604	1.550	1.334	1.434	1.517	1.481	1.334	1.423	1.443	1.534	1.612	1.425	1.978	2.248	2.813	2.757	0.585	0.028	0.004	0.028	0.553	0.518	0.482	1.152	0.995	0.659	0.800	1.429	1.101	0.850	1.100	1.043	0.754	1.262	1.256	1.091	1.114	1.562	1.381	1.194	1.417	1.376	1.306	1.260	1.413	1.542	1.433	1.393	1.679	1.129	1.501	1.936	0.890	0.922	1.036	0.891	0.699	0.565	0.542	0.512	0.582	0.807	0.611	0.607	0.863	0.795	0.714	0.965	1.101	0.942	0.835	1.090	1.094	1.016	1.197	1.422	1.263	1.197	1.465	1.276	1.309	1.996
5.024	3.133	3.307	3.357	1.957	1.809	1.743	1.909	1.603	1.725	1.630	1.254	1.189	1.317	0.797	1.509	1.054	0.974	0.840	0.901	0.845	0.927	0.851	0.842	0.874	0.585	0.954	0.812	0.761	0.728	0.790	0.800	0.718	0.701	0.751	0.749	0.647	0.667	0.717	0.964	1.301	1.170	1.925	2.314	3.117	2.806	0.661	0.789	0.028	0.004	0.028	0.366	0.306	0.662	0.604	0.361	0.350	0.711	0.819	0.596	0.681	0.592	0.824	0.835	0.713	0.628	0.685	0.972	0.894	0.662	0.851	0.775	0.700	0.710	0.784	0.973	0.854	1.039	1.359	0.606	0.515	1.463	0.277	0.799	0.857	0.858	0.800	0.291	0.529	0.585	0.505	0.490	0.443	0.441	0.458	0.476	0.439	0.761	0.649	0.503	0.650	0.629	0.532	0.501	0.619	0.756	0.627	0.606	0.898	0.618	0.607	2.001
5.469	3.125	3.046	3.114	1.812	1.453	1.603	1.461	1.307	1.477	1.723	1.269	1.211	1.178	0.980	1.235	0.905	0.825	0.640	0.732	0.685	0.752	0.839	0.743	0.712	0.619	1.041	0.803	0.806	0.851	0.873	0.853	0.838	0.822	0.851	0.840	0.786	0.810	0.833	1.058	1.317	1.175	1.850	2.153	2.830	2.593	1.103	0.887	0.553	0.028	0.004	0.033	0.330	0.617	0.660	0.441	0.452	0.709	0.796	0.617	0.736	0.660	0.648	0.948	0.765	0.672	0.804	1.024	0.891	0.755	1.029	0.853	0.786	0.838	0.886	1.014	0.908	1.063	1.344	1.429	0.946	1.333	0.453	0.559	0.761	0.592	0.613	0.565	0.483	0.505	0.562	0.521	0.478	0.529	0.564	0.529	0.534	0.811	0.760	0.655	0.728	0.767	0.717	0.684	0.857	0.944	0.840	0.848	1.082	0.811	0.788	1.971
5.475	2.942	2.915	2.880	1.781	1.435	1.540	1.406	1.213	1.468	1.560	1.144	1.060	1.011	1.161	0.591	0.744	0.878	0.540	0.560	0.534	0.569	0.497	0.456	0.443	0.451	0.711	0.491	0.531	0.552	0.562	0.548	0.597	0.526	0.539	0.553	0.546	0.507	0.544	0.838	1.199	1.091	1.810	2.120	2.820	2.572	1.614	1.492	0.518	0.366	0.033	0.004	0.029	0.198	0.277	0.209	0.289	0.277	0.502	0.482	0.593	0.523	0.780	0.752	0.586	0.550	0.645	0.769	0.706	0.590	0.688	0.657	0.617	0.632	0.651	0.848	0.731	0.934	1.242	1.746	1.197	0.750	0.259	0.533	0.661	0.544	0.613	0.324	0.432	0.481	0.423	0.393	0.395	0.419	0.364	0.362	0.392	0.636	0.554	0.473	0.637	0.562	0.495	0.486	0.631	0.664	0.594	0.663	0.856	0.567	0.526	1.859
6.128	3.422	3.132	3.041	2.003	1.850	1.807	1.561	1.413	1.872	1.901	1.662	1.377	1.320	1.420	0.863	1.006	0.884	0.596	0.702	0.659	0.535	0.500	0.494	0.458	0.477	0.818	0.520	0.545	0.578	0.622	0.580	0.641	0.568	0.578	0.573	0.584	0.566	0.587	0.827	1.106	0.997	1.790	2.035	2.672	2.472	1.709	1.305	0.482	0.306	0.330	0.029	0.004	0.029	0.179	0.295	0.288	0.362	0.403	0.403	0.558	0.510	0.639	0.751	0.579	0.523	0.647	0.887	0.652	0.584	0.782	0.671	0.638	0.643	0.687	0.845	0.732	0.858	1.119	2.082	1.338	1.008	0.435	0.468	0.610	0.503	0.649	0.405	0.364	0.446	0.485	0.371	0.376	0.587	0.399	0.410	0.468	0.498	0.556	0.506	0.638	0.559	0.538	0.544	0.693	0.707	0.655	0.715	0.867	0.620	0.577	1.739
6.057	3.427	3.225	3.031	2.003	1.756	1.564	1.202	1.254	1.686	1.746	1.486	1.199	1.379	1.467	0.363	1.012	0.920	0.468	0.724	0.714	0.574	0.487	0.551	0.515	0.580	0.770	0.499	0.506	0.534	0.570	0.533	0.601	0.524	0.531	0.531	0.567	0.547	0.539	0.726	1.002	0.896	1.899	2.139	2.894	2.560	1.709	1.460	1.152	0.662	0.617	0.198	0.029	0.004	0.028	0.171	0.364	0.394	0.495	0.406	0.506	0.517	0.501	0.707	0.565	0.523	0.563	0.914	0.693	0.560	0.736	0.666	0.637	0.606	0.708	0.830	0.736	0.849	1.057	2.035	1.361	1.192	0.574	0.676	0.804	0.599	0.663	0.735	0.542	0.377	0.432	0.475	0.369	0.473	0.480	0.454	0.450	0.480	0.547	0.494	0.550	0.541	0.522	0.526	0.629	0.653	0.595	0.614	0.756	0.571	0.523	1.757
5.849	3.252	3.155	2.904	1.939	1.618	1.456	1.139	1.162	1.468	1.505	1.134	0.859	0.667	0.895	0.574	0.525	0.697	0.294	0.403	0.373	0.607	0.605	0.503	0.536	0.620	0.653	0.580	0.633	0.560	0.587	0.610	0.607	0.501	0.546	0.603	0.524	0.480	0.551	0.862	1.248	1.067	1.890	2.239	3.093	2.702	1.480	1.267	0.995	0.604	0.660	0.277	0.179	0.028	0.004	0.029	0.199	0.224	0.569	0.623	0.674	0.558	0.566	0.686	0.650	0.587	0.609	0.770	0.819	0.619	0.655	0.692	0.647	0.650	0.672	0.895	0.786	1.034	1.297	1.742	1.245	0.799	0.706	0.449	0.417	0.416	0.434	0.327	0.412	0.328	0.191	0.384	0.394	0.436	0.570	0.533	0.505	0.450	0.653	0.617	0.522	0.498	0.486	0.478	0.545	0.621	0.532	0.534	0.778	0.515	0.472	1.916
6.239	3.463	3.218	2.998	1.994	1.754	1.587	1.241	1.195	1.630	1.604	1.302	1.047	0.986	1.163	0.750	0.742	0.686	0.571	0.496	0.477	0.517	0.583	0.427	0.431	0.429	0.765	0.587	0.651	0.670	0.689	0.673	0.716	0.638	0.663	0.670	0.653	0.603	0.649	0.894	1.162	1.062	1.757	2.006	2.568	2.455	1.556	1.227	0.659	0.361	0.441	0.209	0.295	0.171	0.029	0.004	0.028	0.207	0.244	0.487	0.680	0.558	0.652	0.760	0.649	0.561	0.623	0.718	0.723	0.610	0.664	0.691	0.648	0.641	0.665	0.888	0.766	0.948	1.268	1.892	1.284	0.762	0.611	0.445	0.512	0.635	0.665	0.477	0.456	0.598	0.533	0.497	0.527	0.551	0.477	0.483	0.484	0.452	0.594	0.527	0.580	0.589	0.596	0.581	0.695	0.749	0.697	0.729	0.899	0.633	0.605	1.728
6.826	4.003	3.508	3.288	2.317	2.286	1.905	1.441	1.340	1.932	1.629	1.491	1.204	1.003	1.231	1.232	0.822	0.456	0.655	0.511	0.433	0.555	0.697	0.471	0.472	0.440	0.844	0.626	0.686	0.706	0.745	0.719	0.759	0.658	0.698	0.703	0.672	0.635	0.669	0.853	1.059	0.914	1.752	1.936	2.507	2.430	1.718	1.353	0.800	0.350	0.452	0.289	0.288	0.364	0.199	0.028	0.004	0.028	0.192	0.226	0.523	0.465	0.416	0.602	0.534	0.482	0.501	0.788	0.616	0.523	0.636	0.602	0.584	0.559	0.598	0.828	0.688	0.835	1.086	2.064	1.296	0.930	0.517	0.411	0.508	0.530	0.599	0.461	0.453	0.536	0.515	0.532	0.500	0.572	0.495	0.502	0.512	0.528	0.644	0.586	0.603	0.547	0.644	0.639	0.725	0.789	0.742	0.754	0.822	0.649	0.617	1.628
6.887	4.088	3.808	3.338	2.282	2.101	1.661	1.180	1.414	1.497	1.422	1.028	0.906	0.679	0.643	1.397	0.680	0.366	0.181	0.750	0.541	0.656	0.366	0.472	0.473	0.603	0.615	0.442	0.570	0.508	0.466	0.491	0.644	0.449	0.473	0.512	0.527	0.461	0.478	0.667	0.972	0.878	1.861	2.061	2.781	2.556	1.713	1.480	1.429	0.711	0.709	0.277	0.362	0.394	0.224	0.207	0.028	0.004	0.029	0.207	0.273	0.389	0.367	0.266	0.341	0.374	0.323	0.585	0.547	0.366	0.358	0.400	0.437	0.376	0.412	0.608	0.487	0.729	0.958	1.956	1.322	0.876	0.569	0.503	0.611	0.785	0.701	0.606	0.841	0.947	0.852	0.909	0.946	0.894	0.806	0.885	0.878	0.754	0.712	0.698	0.565	0.483	0.593	0.583	0.600	0.628	0.612	0.602	0.609	0.527	0.462	1.738
6.614	3.820	3.510	3.186	2.201	2.046	1.574	1.139	1.243	1.595	1.458	1.078	0.862	0.739	0.834	1.108	0.649	0.614	0.649	0.624	0.459	0.660	0.546	0.467	0.532	0.425	0.555	0.486	0.555	0.562	0.553	0.540	0.650	0.537	0.561	0.593	0.588	0.566	0.538	0.664	0.983	0.988	1.794	2.031	2.729	2.504	1.606	1.321	1.101	0.819	0.796	0.502	0.403	0.495	0.569	0.244	0.192	0.029	0.004	0.029	0.214	0.340	0.540	0.423	0.400	0.506	0.499	0.476	0.480	0.456	0.512	0.467	0.432	0.483	0.504	0.564	0.446	0.673	0.931	1.767	1.298	0.845	0.885	0.754	0.843	0.628	0.626	0.806	0.644	0.503	0.622	0.674	0.464	0.505	0.306	0.389	0.474	0.370	0.626	0.542	0.525	0.495	0.528	0.501	0.579	0.625	0.602	0.582	0.632	0.561	0.527	1.794
