0.003	0.029	0.604	0.349	0.924	1.247	1.567	1.118	1.260	1.283	1.320	1.550	1.594	1.405	1.443	1.820	1.747	1.505	1.508	1.514	1.676	1.542	1.495	1.605	1.578	1.487	1.522	1.693	1.499	1.433	1.490	1.520	1.464	1.464	1.578	1.496	1.407	1.544	1.996	1.965	2.345	2.337	2.680	2.582	3.058	3.936	2.159	2.524	2.187	1.319	1.480	1.570	1.741	1.449	1.429	1.532	1.666	1.753	1.540	1.805	1.503	1.434	1.581	1.812	1.710	1.569	1.912	1.851	1.635	1.751	2.256	1.877	1.845	2.116	2.048	2.769	2.612	1.796	4.068	1.868	1.791	2.178	1.769	1.684	1.948	1.738	1.827	1.682	1.734	1.572	1.603	1.744	1.584	1.435	1.450	1.716	1.448	1.395	1.361	1.360	1.331	1.471	1.406	1.373	1.508	1.511	1.465	1.469	1.806	1.591	1.570	1.572
0.029	0.004	0.029	0.460	0.729	1.092	1.491	1.031	1.187	1.215	1.318	1.361	1.272	1.200	1.213	1.335	1.439	1.228	1.209	1.251	1.557	1.297	1.191	1.380	1.472	1.294	1.368	1.486	1.332	1.244	1.273	1.370	1.321	1.169	1.380	1.353	1.234	1.242	1.913	1.556	2.004	2.022	2.148	2.245	2.827	3.717	2.391	2.547	2.445	1.440	1.434	1.498	1.430	1.271	1.298	1.274	1.301	1.499	1.225	1.395	1.098	1.077	1.173	1.373	1.333	1.118	1.386	1.374	1.169	1.222	1.669	1.398	1.305	1.494	1.647	2.255	1.964	1.398	3.363	2.073	2.034	2.228	1.771	1.738	2.077	1.832	1.676	1.670	1.754	1.621	1.408	1.646	1.540	1.388	1.262	1.586	1.353	1.220	1.137	1.215	1.151	1.187	1.127	1.099	1.088	1.053	1.054	1.046	1.197	1.072	1.064	1.206
0.604	0.029	0.004	0.029	0.575	0.540	1.302	1.118	1.365	1.407	1.580	1.592	1.423	1.373	1.380	1.504	1.595	1.467	1.425	1.508	1.920	1.622	1.437	1.797	1.847	1.666	1.629	1.944	1.761	1.622	1.595	1.807	1.753	1.459	1.734	1.755	1.617	1.411	1.946	1.532	1.991	2.089	1.980	2.297	3.055	3.731	2.412	2.409	2.736	1.683	1.635	1.749	1.663	1.487	1.570	1.485	1.513	1.811	1.489	1.567	1.321	1.346	1.394	1.527	1.504	1.313	1.539	1.468	1.305	1.363	1.759	1.422	1.375	1.556	1.788	2.229	1.893	1.445	3.269	2.221	2.067	2.199	1.829	1.906	2.614	2.281	1.770	2.015	2.205	2.012	1.629	2.074	1.949	1.738	1.571	2.094	1.724	1.552	1.492	1.578	1.483	1.404	1.448	1.416	1.348	1.291	1.335	1.323	1.368	1.290	1.287	1.475
0.349	0.460	0.029	0.004	0.029	0.405	0.425	0.812	0.977	1.436	1.468	1.594	1.260	1.048	1.188	1.182	1.085	1.113	1.082	0.998	1.352	1.222	1.094	1.143	1.306	1.154	1.127	1.263	1.178	1.093	1.016	1.178	1.155	0.978	1.144	1.170	1.075	1.066	1.595	1.298	1.776	1.665	1.730	2.039	2.672	3.587	2.491	2.553	2.627	1.620	1.704	1.803	1.659	1.458	1.536	1.474	1.421	1.634	1.336	1.459	1.125	1.106	1.260	1.397	1.234	1.089	1.364	1.292	1.074	1.139	1.554	1.243	1.156	1.347	1.578	2.118	1.696	1.178	3.079	2.267	2.227	2.208	1.856	1.925	2.456	2.185	1.812	1.922	2.066	1.916	1.531	1.842	1.766	1.606	1.289	1.781	1.500	1.395	1.210	1.284	1.244	1.260	1.112	1.132	1.165	1.035	1.043	1.079	1.155	1.014	1.016	1.150
0.924	0.729	0.575	0.029	0.004	0.029	0.308	0.350	0.658	0.685	0.709	0.755	0.849	0.672	0.625	0.689	1.043	1.034	0.862	0.999	1.388	1.253	1.014	1.367	1.456	1.273	1.256	1.505	1.392	1.283	1.258	1.471	1.404	1.257	1.443	1.462	1.379	1.267	1.750	1.503	1.995	1.751	1.843	2.290	2.894	3.787	2.365	2.291	2.790	1.491	1.462	1.686	1.332	1.093	1.465	1.157	1.040	1.583	1.099	1.097	0.931	1.029	0.973	1.027	1.186	0.945	1.024	1.157	1.157	0.982	1.304	1.232	1.100	1.138	1.359	2.042	1.662	1.358	3.077	2.338	2.103	2.147	1.724	1.862	2.560	2.277	1.711	1.937	2.143	1.978	1.479	1.937	1.845	1.648	1.319	1.927	1.575	1.296	1.317	1.397	1.292	1.120	1.222	1.212	1.096	1.049	1.112	1.117	1.056	1.042	1.072	1.323
1.247	1.092	0.540	0.405	0.029	0.004	0.028	0.420	0.568	0.388	0.583	0.503	0.642	0.558	0.545	0.494	0.941	1.019	0.769	0.892	1.262	1.208	0.930	1.372	1.401	1.156	1.183	1.500	1.301	1.205	1.302	1.416	1.305	1.272	1.476	1.439	1.354	1.275	1.807	1.610	1.994	1.765	1.951	2.281	2.757	3.741	2.394	2.370	2.868	1.540	1.535	1.802	1.452	1.108	1.456	1.212	1.059	1.525	1.080	1.066	0.911	0.989	0.980	0.948	1.123	0.920	0.940	1.093	1.211	0.938	1.167	1.230	1.080	1.049	1.274	1.936	1.597	1.397	2.943	2.365	2.130	2.232	1.772	1.875	2.459	2.200	1.718	1.894	2.037	1.897	1.451	1.776	1.717	1.560	1.238	1.682	1.465	1.262	1.222	1.286	1.233	1.108	1.145	1.150	1.081	1.039	1.078	1.094	1.047	1.027	1.054	1.299
1.567	1.491	1.302	0.425	0.308	0.028	0.004	0.028	0.434	0.540	0.679	0.694	0.692	0.482	0.448	0.453	0.776	0.801	0.629	0.688	1.013	0.960	0.705	0.986	1.033	0.855	0.929	1.075	0.906	0.846	0.917	0.950	0.898	0.874	1.002	0.975	0.931	1.063	1.528	1.344	1.709	1.505	1.755	1.904	2.381	3.498	2.342	2.264	2.753	1.299	1.345	1.524	1.200	0.964	1.224	0.999	0.897	1.333	0.889	0.963	0.761	0.789	0.813	0.912	0.946	0.783	0.890	1.025	1.064	0.829	1.161	1.103	0.947	0.982	1.268	1.833	1.440	1.191	2.777	2.213	1.989	2.085	1.539	1.594	2.128	1.855	1.460	1.609	1.730	1.595	1.193	1.495	1.426	1.280	0.996	1.367	1.178	1.040	0.956	1.004	0.966	0.902	0.898	0.898	0.891	0.856	0.855	0.871	0.894	0.846	0.866	1.088
1.118	1.031	1.118	0.812	0.350	0.420	0.028	0.004	0.032	0.224	0.786	0.588	0.532	0.544	0.805	0.568	0.668	1.088	0.816	0.659	0.925	1.193	0.828	0.749	1.109	1.082	0.864	0.905	0.918	0.888	0.735	0.850	0.918	0.799	0.809	0.899	0.868	0.972	1.265	1.104	1.539	1.411	1.584	1.669	2.137	3.250	2.196	2.396	2.555	1.439	1.487	1.647	1.450	1.193	1.440	1.249	1.161	1.578	1.185	1.165	0.964	0.998	1.118	0.974	0.983	0.887	0.954	0.899	0.926	0.841	1.058	0.911	0.840	0.876	1.179	1.718	1.305	1.084	2.672	1.972	1.921	2.273	1.868	1.894	2.298	2.097	1.774	1.909	1.992	1.860	1.466	1.754	1.696	1.552	1.250	1.591	1.452	1.288	1.179	1.256	1.234	1.210	1.088	1.122	1.081	0.944	1.003	1.062	1.008	0.925	0.938	1.031
1.260	1.187	1.365	0.977	0.658	0.568	0.434	0.032	0.004	0.028	0.335	0.239	0.561	0.419	0.417	0.435	0.708	0.614	0.528	0.549	0.781	0.727	0.560	0.720	0.838	0.610	0.793	0.826	0.646	0.599	0.689	0.663	0.660	0.657	0.708	0.692	0.690	0.965	1.328	1.257	1.603	1.441	1.732	1.717	2.165	3.358	1.669	1.988	2.524	0.974	1.112	1.215	0.994	0.840	0.913	0.823	0.862	1.111	0.787	0.963	0.737	0.694	0.772	0.893	0.884	0.758	0.859	0.973	1.023	0.801	1.082	1.041	0.896	0.914	1.134	1.774	1.416	1.146	2.754	1.694	1.479	1.763	1.222	1.230	1.588	1.362	1.204	1.176	1.279	1.166	0.908	1.153	1.063	0.938	0.784	1.107	0.884	0.846	0.765	0.792	0.768	0.802	0.760	0.745	0.809	0.809	0.772	0.774	0.868	0.812	0.829	1.034
1.283	1.215	1.407	1.436	0.685	0.388	0.540	0.224	0.028	0.004	0.032	0.232	0.242	0.218	0.231	0.263	0.518	0.252	0.256	0.254	0.452	0.477	0.538	0.296	0.457	0.363	0.727	0.509	0.327	0.320	0.393	0.341	0.471	0.443	0.384	0.372	0.473	0.959	1.249	1.245	1.747	1.389	1.915	1.767	2.184	3.441	1.737	2.064	1.999	0.971	0.858	0.914	0.733	0.530	0.549	0.552	0.719	0.872	0.668	0.952	0.675	0.618	0.772	0.950	0.700	0.719	1.012	1.036	0.880	0.844	1.342	1.112	0.965	1.218	1.512	1.914	1.490	1.120	2.629	1.708	1.440	1.598	1.072	1.153	1.203	1.027	1.118	0.885	0.918	0.771	0.692	0.804	0.691	0.629	0.598	0.684	0.580	0.685	0.591	0.590	0.629	0.698	0.612	0.598	0.716	0.720	0.674	0.675	0.829	0.760	0.771	0.983
1.320	1.318	1.580	1.468	0.709	0.583	0.679	0.786	0.335	0.032	0.004	0.032	0.176	0.231	0.192	0.257	0.247	0.259	0.332	0.261	0.309	0.581	0.525	0.280	0.443	0.488	0.703	0.437	0.326	0.352	0.363	0.332	0.552	0.403	0.357	0.365	0.485	0.915	1.176	1.111	1.695	1.282	1.734	1.640	2.014	3.215	1.771	2.126	1.686	1.131	0.885	1.031	0.824	0.541	0.583	0.576	0.727	0.851	0.702	0.893	0.665	0.616	0.792	0.781	0.645	0.669	0.774	0.802	0.768	0.691	0.921	0.833	0.742	0.795	1.142	1.593	1.159	1.009	2.423	1.773	1.506	1.636	1.218	1.338	1.306	1.186	1.286	1.036	0.997	0.854	0.720	0.794	0.692	0.669	0.621	0.646	0.604	0.702	0.614	0.618	0.668	0.715	0.618	0.608	0.712	0.699	0.664	0.672	0.786	0.728	0.737	0.956
1.550	1.361	1.592	1.594	0.755	0.503	0.694	0.588	0.239	0.232	0.032	0.004	0.028	0.172	0.311	0.215	0.230	0.261	0.459	0.247	0.259	0.430	0.588	0.278	0.331	0.462	0.784	0.371	0.324	0.400	0.394	0.354	0.585	0.464	0.392	0.386	0.553	1.000	1.268	1.275	1.887	1.390	1.923	1.804	2.150	3.367	1.702	2.116	1.513	1.333	0.791	0.810	0.734	0.627	0.590	0.631	0.736	0.739	0.749	1.057	0.748	0.704	0.872	0.880	0.696	0.767	0.871	0.851	0.815	0.782	0.996	0.912	0.826	0.896	1.170	1.668	1.237	1.079	2.471	1.932	1.628	1.612	1.231	1.328	1.120	1.025	1.281	0.959	0.884	0.809	0.795	0.728	0.659	0.704	0.679	0.649	0.635	0.815	0.682	0.675	0.795	0.791	0.694	0.691	0.799	0.772	0.750	0.746	0.852	0.816	0.831	1.049
1.594	1.272	1.423	1.260	0.849	0.642	0.692	0.532	0.561	0.242	0.176	0.028	0.004	0.029	0.149	0.210	0.179	0.217	0.232	0.228	0.340	0.277	0.531	0.274	0.337	0.293	0.735	0.446	0.303	0.328	0.379	0.324	0.453	0.476	0.373	0.363	0.501	1.034	1.296	1.310	1.782	1.406	1.883	1.757	2.196	3.451	1.478	1.934	1.770	1.038	0.760	0.705	0.644	0.396	0.458	0.499	0.677	0.740	0.628	1.111	0.718	0.674	0.800	1.043	0.733	0.792	1.040	1.035	0.959	0.885	1.251	1.098	0.966	1.081	1.324	1.881	1.457	1.141	2.631	1.662	1.425	1.519	1.032	0.943	0.957	0.773	1.022	0.757	0.747	0.597	0.652	0.668	0.556	0.548	0.595	0.692	0.538	0.734	0.632	0.605	0.661	0.696	0.659	0.649	0.777	0.769	0.730	0.727	0.887	0.816	0.834	1.042
1.405	1.200	1.373	1.048	0.672	0.558	0.482	0.544	0.419	0.218	0.231	0.172	0.029	0.004	0.028	0.150	0.255	0.193	0.206	0.220	0.356	0.387	0.271	0.246	0.454	0.302	0.607	0.504	0.306	0.275	0.344	0.310	0.440	0.324	0.330	0.343	0.431	0.867	1.109	1.049	1.534	1.246	1.570	1.516	1.965	3.153	1.412	1.792	2.159	0.922	1.010	0.873	0.710	0.601	0.629	0.530	0.655	0.839	0.553	0.822	0.556	0.507	0.567	0.671	0.694	0.568	0.630	0.742	0.909	0.592	0.853	0.793	0.678	0.672	0.932	1.505	1.165	0.972	2.507	1.530	1.304	1.567	1.076	0.979	1.114	0.914	0.985	0.793	0.797	0.614	0.644	0.713	0.592	0.530	0.552	0.689	0.527	0.650	0.538	0.547	0.553	0.577	0.562	0.540	0.639	0.635	0.593	0.596	0.707	0.647	0.668	0.902
1.443	1.213	1.380	1.188	0.625	0.545	0.448	0.805	0.417	0.231	0.192	0.311	0.149	0.028	0.004	0.028	0.142	0.222	0.165	0.200	0.210	0.473	0.430	0.232	0.332	0.386	0.639	0.326	0.281	0.299	0.328	0.298	0.520	0.333	0.321	0.327	0.436	0.854	1.100	1.009	1.570	1.203	1.582	1.496	1.879	3.074	1.469	1.791	1.132	1.286	0.890	0.742	0.659	0.268	0.445	0.484	0.676	0.781	0.660	0.799	0.595	0.535	0.705	0.664	0.622	0.565	0.649	0.691	0.799	0.570	0.800	0.712	0.622	0.636	1.002	1.400	1.057	0.937	2.347	1.719	1.471	1.760	1.422	1.454	1.255	1.174	1.377	1.125	1.059	0.891	0.829	0.889	0.794	0.688	0.619	0.652	0.627	0.674	0.570	0.580	0.630	0.647	0.570	0.558	0.655	0.629	0.602	0.605	0.710	0.644	0.661	0.913
1.820	1.335	1.504	1.182	0.689	0.494	0.453	0.568	0.435	0.263	0.257	0.215	0.210	0.150	0.028	0.004	0.029	0.153	0.304	0.176	0.209	0.234	0.733	0.208	0.262	0.298	0.761	0.298	0.257	0.332	0.342	0.281	0.486	0.467	0.339	0.324	0.521	1.158	1.357	1.464	2.010	1.516	2.068	1.908	2.262	3.498	1.370	1.730	1.476	1.106	0.832	0.545	0.646	0.382	0.441	0.638	0.730	0.690	0.787	1.366	0.951	0.884	1.085	1.204	0.867	1.032	1.195	1.081	1.068	1.069	1.252	1.131	1.084	1.128	1.247	1.859	1.460	1.267	2.624	1.592	1.435	1.476	1.093	0.972	0.934	0.766	1.081	0.826	0.728	0.666	0.759	0.615	0.547	0.620	0.629	0.702	0.578	0.881	0.683	0.659	0.819	0.925	0.740	0.766	1.003	0.930	0.869	0.905	1.103	1.004	1.016	1.119
1.747	1.439	1.595	1.085	1.043	0.941	0.776	0.668	0.708	0.518	0.247	0.230	0.179	0.255	0.142	0.029	0.004	0.029	0.138	0.231	0.177	0.240	0.226	0.277	0.327	0.273	0.564	0.486	0.285	0.270	0.362	0.295	0.371	0.379	0.349	0.340	0.443	0.888	1.086	1.080	1.522	1.306	1.550	1.538	2.069	3.263	1.458	1.577	1.919	0.961	0.948	0.603	0.618	0.507	0.653	0.466	0.622	0.709	0.523	0.977	0.603	0.531	0.604	0.810	0.788	0.626	0.746	0.908	1.098	0.688	1.051	0.932	0.789	0.815	1.006	1.680	1.351	1.038	2.690	1.503	1.271	1.467	1.042	0.697	0.825	0.631	0.885	0.732	0.731	0.527	0.606	0.596	0.525	0.491	0.538	0.857	0.514	0.649	0.566	0.570	0.585	0.584	0.619	0.588	0.684	0.690	0.652	0.643	0.757	0.707	0.731	0.935
1.505	1.228	1.467	1.113	1.034	1.019	0.801	1.088	0.614	0.252	0.259	0.261	0.217	0.193	0.222	0.153	0.029	0.004	0.029	0.150	0.210	0.242	0.263	0.272	0.432	0.301	0.361	0.466	0.327	0.310	0.347	0.335	0.468	0.323	0.344	0.365	0.433	0.803	0.966	0.905	1.414	1.182	1.400	1.412	1.870	2.959	1.600	1.157	1.617	1.074	1.492	1.060	0.929	0.972	0.907	0.702	0.738	0.938	0.605	0.702	0.469	0.470	0.480	0.480	0.802	0.482	0.475	0.650	1.080	0.508	0.708	0.682	0.640	0.571	0.733	1.328	1.101	0.943	2.411	1.367	1.284	1.307	1.004	0.700	0.853	0.669	0.939	0.715	0.743	0.684	0.779	0.791	0.711	0.712	0.611	0.813	0.692	0.761	0.549	0.578	0.583	0.560	0.575	0.546	0.622	0.621	0.579	0.580	0.681	0.608	0.630	0.847
1.508	1.209	1.425	1.082	0.862	0.769	0.629	0.816	0.528	0.256	0.332	0.459	0.232	0.206	0.165	0.304	0.138	0.029	0.004	0.028	0.159	0.257	0.155	0.206	0.225	0.281	0.453	0.227	0.235	0.242	0.294	0.260	0.492	0.277	0.278	0.291	0.408	0.825	1.022	0.947	1.477	1.163	1.456	1.388	1.812	2.991	1.347	1.175	0.987	0.913	0.707	0.554	0.711	0.401	0.443	0.482	0.593	0.661	0.612	0.703	0.522	0.509	0.539	0.548	0.745	0.506	0.529	0.632	0.990	0.497	0.720	0.654	0.605	0.548	0.826	1.301	1.056	0.920	2.296	1.353	1.489	1.319	1.178	1.041	1.023	0.922	1.179	1.034	0.861	0.785	0.880	0.784	0.676	0.645	0.656	0.649	0.627	0.732	0.565	0.598	0.651	0.618	0.582	0.560	0.617	0.618	0.600	0.584	0.670	0.622	0.647	0.895
1.514	1.251	1.508	0.998	0.999	0.892	0.688	0.659	0.549	0.254	0.261	0.247	0.228	0.220	0.200	0.176	0.231	0.150	0.028	0.004	0.028	0.157	0.311	0.171	0.224	0.226	0.520	0.257	0.221	0.219	0.286	0.240	0.319	0.313	0.278	0.287	0.408	0.862	1.055	1.047	1.494	1.282	1.487	1.474	1.990	3.118	1.448	1.299	1.436	0.937	0.961	0.550	0.679	0.531	0.525	0.511	0.645	0.676	0.580	0.995	0.738	0.661	0.731	0.734	0.789	0.671	0.696	0.744	1.065	0.654	0.873	0.774	0.718	0.705	0.789	1.458	1.228	0.999	2.600	1.390	1.340	1.329	1.025	0.703	0.782	0.587	0.850	0.804	0.671	0.525	0.622	0.560	0.474	0.484	0.497	0.839	0.486	0.715	0.554	0.570	0.603	0.678	0.633	0.611	0.742	0.708	0.678	0.667	0.797	0.722	0.743	0.946
1.676	1.557	1.920	1.352	1.388	1.262	1.013	0.925	0.781	0.452	0.309	0.259	0.340	0.356	0.210	0.209	0.177	0.210	0.159	0.028	0.004	0.028	0.142	0.228	0.244	0.317	0.302	0.479	0.317	0.319	0.369	0.330	0.386	0.339	0.362	0.372	0.446	0.743	0.853	0.876	1.388	1.250	1.340	1.484	2.008	3.005	1.791	1.231	1.801	1.071	1.211	0.720	0.719	0.795	0.915	0.488	0.597	0.590	0.477	0.784	0.585	0.456	0.509	0.624	0.830	0.529	0.549	0.727	1.259	0.580	0.783	0.731	0.705	0.646	0.727	1.408	1.246	1.033	2.608	1.432	1.287	1.325	1.069	0.715	0.825	0.739	0.813	0.867	0.845	0.591	0.652	0.681	0.600	0.476	0.478	1.005	0.516	0.593	0.526	0.585	0.548	0.544	0.605	0.569	0.625	0.680	0.637	0.621	0.733	0.677	0.706	0.888
1.542	1.297	1.622	1.222	1.253	1.208	0.960	1.193	0.727	0.477	0.581	0.430	0.277	0.387	0.473	0.234	0.240	0.242	0.257	0.157	0.028	0.004	0.028	0.164	0.252	0.252	0.241	0.252	0.272	0.277	0.265	0.285	0.520	0.305	0.300	0.334	0.430	0.734	0.789	0.814	1.356	1.155	1.313	1.349	1.799	2.913	1.915	1.374	1.507	1.307	1.271	0.972	0.995	1.254	1.043	0.706	0.758	0.300	0.580	0.798	0.613	0.498	0.545	0.557	0.754	0.469	0.494	0.632	1.219	0.463	0.562	0.573	0.598	0.510	0.607	1.231	1.066	1.010	2.245	1.391	1.555	1.225	1.037	0.676	0.714	0.557	0.702	0.824	0.643	0.479	0.586	0.532	0.477	0.505	0.571	0.807	0.538	0.651	0.608	0.616	0.614	0.602	0.598	0.600	0.647	0.629	0.599	0.596	0.656	0.608	0.645	0.862
1.495	1.191	1.437	1.094	1.014	0.930	0.705	0.828	0.560	0.538	0.525	0.588	0.531	0.271	0.430	0.733	0.226	0.263	0.155	0.311	0.142	0.028	0.004	0.028	0.164	0.206	0.143	0.190	0.206	0.187	0.215	0.207	0.376	0.229	0.224	0.246	0.393	0.784	0.937	0.927	1.413	1.185	1.368	1.332	1.817	2.990	1.379	1.113	0.946	0.806	0.639	0.592	0.676	0.515	0.544	0.403	0.310	0.294	0.345	0.675	0.330	0.611	0.456	0.394	0.782	0.518	0.434	0.656	1.130	0.524	0.670	0.648	0.627	0.574	0.680	1.285	1.108	0.965	2.322	1.273	1.634	1.068	0.868	0.682	0.674	0.610	0.724	0.802	0.557	0.516	0.610	0.517	0.453	0.454	0.462	0.548	0.528	0.703	0.617	0.610	0.655	0.647	0.619	0.624	0.731	0.645	0.637	0.641	0.704	0.649	0.677	0.921
1.605	1.380	1.797	1.143	1.367	1.372	0.986	0.749	0.720	0.296	0.280	0.278	0.274	0.246	0.232	0.208	0.277	0.272	0.206	0.171	0.228	0.164	0.028	0.004	0.028	0.146	0.260	0.183	0.203	0.222	0.302	0.228	0.235	0.256	0.267	0.290	0.379	0.663	0.890	0.890	1.423	1.301	1.332	1.560	2.127	3.094	1.683	1.161	1.451	0.963	0.928	0.597	0.698	0.819	0.669	0.473	0.507	0.535	0.526	0.718	0.697	0.452	0.546	0.687	0.804	0.555	0.594	0.837	1.143	0.666	0.843	0.800	0.727	0.726	0.798	1.475	1.359	0.982	2.842	1.308	1.348	1.174	0.884	0.625	0.755	0.588	0.599	0.870	0.729	0.459	0.539	0.627	0.507	0.368	0.380	0.797	0.461	0.574	0.410	0.544	0.470	0.578	0.531	0.513	0.557	0.629	0.592	0.575	0.813	0.683	0.692	0.863
1.578	1.472	1.847	1.306	1.456	1.401	1.033	1.109	0.838	0.457	0.443	0.331	0.337	0.454	0.332	0.262	0.327	0.432	0.225	0.224	0.244	0.252	0.164	0.028	0.004	0.029	0.147	0.284	0.191	0.194	0.215	0.227	0.276	0.224	0.241	0.294	0.378	0.590	0.710	0.743	1.420	1.234	1.274	1.578	2.054	2.974	2.000	1.309	1.510	1.255	1.218	0.940	0.876	1.098	1.117	0.669	0.622	0.729	0.668	0.725	0.686	0.520	0.533	0.660	0.693	0.501	0.513	0.706	1.077	0.490	0.513	0.510	0.544	0.477	0.559	1.127	1.047	0.981	2.316	1.420	1.325	1.275	1.111	0.908	0.976	0.985	0.904	1.037	1.014	0.858	0.864	0.924	0.860	0.704	0.715	0.944	0.641	0.619	0.564	0.638	0.537	0.504	0.465	0.465	0.450	0.556	0.503	0.483	0.669	0.564	0.592	0.778
1.487	1.294	1.666	1.154	1.273	1.156	0.855	1.082	0.610	0.363	0.488	0.462	0.293	0.302	0.386	0.298	0.273	0.301	0.281	0.226	0.317	0.252	0.206	0.146	0.029	0.004	0.029	0.150	0.217	0.139	0.168	0.194	0.427	0.186	0.202	0.239	0.383	0.660	0.734	0.773	1.319	1.130	1.235	1.295	1.752	2.908	1.619	1.193	0.774	0.726	0.585	0.464	0.452	0.502	0.576	0.574	0.423	0.363	0.404	0.469	0.440	0.116	0.226	0.289	0.630	0.315	0.361	0.654	1.107	0.423	0.448	0.490	0.547	0.463	0.523	1.059	0.973	0.988	2.032	0.961	1.528	0.759	0.636	0.412	0.456	0.384	0.388	0.442	0.386	0.279	0.280	0.383	0.244	0.179	0.099	0.462	0.235	0.439	0.251	0.333	0.335	0.469	0.422	0.354	0.378	0.530	0.496	0.426	0.549	0.567	0.606	0.841
1.522	1.368	1.629	1.127	1.256	1.183	0.929	0.864	0.793	0.727	0.703	0.784	0.735	0.607	0.639	0.761	0.564	0.361	0.453	0.520	0.302	0.241	0.143	0.260	0.147	0.029	0.004	0.029	0.146	0.238	0.107	0.189	0.192	0.229	0.199	0.222	0.342	0.773	0.895	0.895	1.337	1.276	1.375	1.439	1.941	2.970	1.666	1.165	1.269	0.909	0.827	0.629	0.771	0.726	0.614	0.611	0.566	0.457	0.598	0.838	0.785	0.551	0.628	0.836	0.527	0.623	0.662	0.804	1.219	0.662	0.761	0.817	0.847	0.765	0.800	1.370	1.301	1.041	2.553	1.192	1.393	1.034	0.777	0.567	0.645	0.523	0.518	0.730	0.567	0.381	0.481	0.615	0.412	0.294	0.274	0.616	0.382	0.482	0.333	0.466	0.471	0.685	0.563	0.557	0.681	0.717	0.662	0.660	0.927	0.772	0.772	0.872
1.693	1.486	1.944	1.263	1.505	1.500	1.075	0.905	0.826	0.509	0.437	0.371	0.446	0.504	0.326	0.298	0.486	0.466	0.227	0.257	0.479	0.252	0.190	0.183	0.284	0.150	0.029	0.004	0.029	0.137	0.202	0.203	0.227	0.220	0.230	0.280	0.335	0.494	0.766	0.742	1.606	1.344	1.354	1.847	2.349	3.066	2.135	1.384	1.653	1.100	0.900	0.631	0.721	0.807	0.672	0.557	0.516	0.494	0.594	0.710	0.759	0.491	0.557	0.782	0.681	0.557	0.588	0.817	0.890	0.548	0.594	0.577	0.548	0.526	0.642	1.207	1.154	0.943	2.613	1.582	1.437	1.331	1.007	0.867	1.017	0.830	0.671	0.994	0.906	0.562	0.543	0.865	0.721	0.401	0.379	0.765	0.498	0.433	0.367	0.563	0.401	0.555	0.402	0.408	0.409	0.603	0.506	0.474	0.828	0.665	0.645	0.744
1.499	1.332	1.761	1.178	1.392	1.301	0.906	0.918	0.646	0.327	0.326	0.324	0.303	0.306	0.281	0.257	0.285	0.327	0.235	0.221	0.317	0.272	0.206	0.203	0.191	0.217	0.146	0.029	0.004	0.028	0.154	0.204	0.206	0.205	0.217	0.263	0.377	0.530	0.639	0.748	1.518	1.260	1.331	1.644	2.044	2.932	1.922	1.302	1.177	1.006	0.881	0.667	0.746	0.758	0.659	0.632	0.618	0.581	0.698	0.708	0.724	0.618	0.635	0.687	0.593	0.622	0.591	0.672	0.762	0.540	0.534	0.498	0.525	0.482	0.512	0.937	0.936	1.026	2.048	1.183	1.387	0.987	0.807	0.700	0.812	0.739	0.617	0.686	0.754	0.555	0.515	0.747	0.622	0.475	0.471	0.669	0.549	0.468	0.480	0.621	0.502	0.598	0.454	0.479	0.457	0.644	0.499	0.463	0.757	0.641	0.625	0.735
1.433	1.244	1.622	1.093	1.283	1.205	0.846	0.888	0.599	0.320	0.352	0.400	0.328	0.275	0.299	0.332	0.270	0.310	0.242	0.219	0.319	0.277	0.187	0.222	0.194	0.139	0.238	0.137	0.028	0.004	0.028	0.154	0.207	0.145	0.198	0.207	0.350	0.531	0.692	0.717	1.289	1.146	1.191	1.303	1.777	2.881	1.725	1.171	1.066	0.902	0.771	0.679	0.754	0.708	0.670	0.676	0.627	0.561	0.665	0.748	0.769	0.693	0.675	0.771	0.646	0.621	0.655	0.686	0.905	0.540	0.537	0.479	0.525	0.454	0.492	0.958	0.959	0.990	1.976	1.067	1.392	0.904	0.712	0.567	0.662	0.565	0.513	0.586	0.593	0.423	0.426	0.586	0.440	0.373	0.387	0.576	0.444	0.419	0.383	0.421	0.407	0.558	0.431	0.421	0.496	0.620	0.522	0.515	0.841	0.635	0.639	0.796
1.490	1.273	1.595	1.016	1.258	1.302	0.917	0.735	0.689	0.393	0.363	0.394	0.379	0.344	0.328	0.342	0.362	0.347	0.294	0.286	0.369	0.265	0.215	0.302	0.215	0.168	0.107	0.202	0.154	0.028	0.004	0.029	0.152	0.281	0.202	0.228	0.299	0.386	0.828	0.777	1.632	1.362	1.360	1.816	2.327	3.043	1.782	1.185	1.250	0.925	0.793	0.644	0.738	0.707	0.632	0.634	0.574	0.520	0.641	0.768	0.793	0.673	0.685	0.900	0.644	0.667	0.703	0.943	0.551	0.737	0.764	0.667	0.594	0.608	0.700	1.097	1.162	0.908	2.547	1.174	1.385	0.987	0.754	0.592	0.702	0.591	0.524	0.634	0.624	0.435	0.430	0.641	0.477	0.355	0.366	0.595	0.415	0.382	0.354	0.416	0.353	0.557	0.415	0.413	0.455	0.591	0.510	0.503	0.976	0.738	0.720	0.727
1.520	1.370	1.807	1.178	1.471	1.416	0.950	0.850	0.663	0.341	0.332	0.354	0.324	0.310	0.298	0.281	0.295	0.335	0.260	0.240	0.330	0.285	0.207	0.228	0.227	0.194	0.189	0.203	0.204	0.154	0.029	0.004	0.029	0.149	0.240	0.276	0.309	0.485	0.748	0.817	2.022	1.442	1.621	2.156	2.530	3.097	1.970	1.292	1.279	1.003	0.847	0.651	0.738	0.740	0.658	0.632	0.581	0.549	0.674	0.740	0.770	0.654	0.672	0.801	0.641	0.646	0.675	0.790	0.509	0.654	0.664	0.608	0.531	0.519	0.628	1.007	0.977	0.950	2.289	1.271	1.386	1.053	0.847	0.777	0.908	0.844	0.698	0.746	0.843	0.679	0.613	0.797	0.738	0.582	0.537	0.782	0.608	0.494	0.559	0.643	0.500	0.596	0.411	0.429	0.434	0.662	0.516	0.500	0.834	0.811	0.751	0.747
1.464	1.321	1.753	1.155	1.404	1.305	0.898	0.918	0.660	0.471	0.552	0.585	0.453	0.440	0.520	0.486	0.371	0.468	0.492	0.319	0.386	0.520	0.376	0.235	0.276	0.427	0.192	0.227	0.206	0.207	0.152	0.029	0.004	0.029	0.158	0.217	0.437	0.585	0.595	0.794	1.603	1.286	1.413	1.612	1.943	2.896	1.889	1.252	0.940	0.833	0.718	0.678	0.710	0.669	0.653	0.737	0.634	0.595	0.875	0.764	0.775	0.726	0.810	0.911	0.828	0.964	0.975	0.880	0.757	0.986	0.941	0.712	0.705	0.788	0.699	0.780	0.824	1.074	1.724	1.065	1.430	0.870	0.735	0.634	0.716	0.591	0.536	0.634	0.622	0.464	0.471	0.570	0.504	0.424	0.421	0.606	0.446	0.528	0.481	0.385	0.477	0.684	0.489	0.576	0.667	0.929	0.541	0.660	0.917	0.692	0.633	0.621
1.464	1.169	1.459	0.978	1.257	1.272	0.874	0.799	0.657	0.443	0.403	0.464	0.476	0.324	0.333	0.467	0.379	0.323	0.277	0.313	0.339	0.305	0.229	0.256	0.224	0.186	0.229	0.220	0.205	0.145	0.281	0.149	0.029	0.004	0.028	0.196	0.327	0.228	1.058	0.806	1.421	1.455	1.340	1.471	2.014	2.947	1.698	1.155	1.035	0.872	0.764	0.717	0.781	0.698	0.675	0.764	0.655	0.572	0.810	0.833	0.799	0.789	0.956	0.952	0.642	1.040	0.977	0.887	1.503	1.065	0.983	0.935	0.929	0.954	0.966	1.083	1.306	0.676	2.504	1.015	1.378	0.855	0.687	0.560	0.665	0.596	0.527	0.558	0.608	0.493	0.485	0.537	0.509	0.484	0.467	0.595	0.514	0.527	0.480	0.471	0.601	0.689	0.490	0.557	0.975	0.944	0.669	0.823	1.348	0.980	0.927	0.716
1.578	1.380	1.734	1.144	1.443	1.476	1.002	0.809	0.708	0.384	0.357	0.392	0.373	0.330	0.321	0.339	0.349	0.344	0.278	0.278	0.362	0.300	0.224	0.267	0.241	0.202	0.199	0.230	0.217	0.198	0.202	0.240	0.158	0.028	0.004	0.028	0.225	0.366	1.128	0.960	2.453	1.587	1.828	2.507	2.878	3.261	1.832	1.203	1.169	0.922	0.789	0.683	0.773	0.708	0.654	0.717	0.635	0.576	0.771	0.828	0.837	0.768	0.796	0.919	0.662	0.806	0.826	0.860	0.942	0.822	0.799	0.760	0.584	0.636	0.728	1.001	1.175	0.867	2.642	1.138	1.364	0.947	0.731	0.612	0.751	0.654	0.544	0.611	0.675	0.515	0.490	0.614	0.552	0.487	0.467	0.652	0.531	0.514	0.485	0.490	0.478	0.596	0.482	0.493	0.606	0.700	0.560	0.622	1.026	0.868	0.820	0.700
1.496	1.353	1.755	1.170	1.462	1.439	0.975	0.899	0.692	0.372	0.365	0.386	0.363	0.343	0.327	0.324	0.340	0.365	0.291	0.287	0.372	0.334	0.246	0.290	0.294	0.239	0.222	0.280	0.263	0.207	0.228	0.276	0.217	0.196	0.028	0.004	0.029	0.294	0.916	1.131	2.666	1.681	2.012	2.498	2.729	3.155	1.927	1.342	1.184	1.007	0.844	0.708	0.752	0.745	0.723	0.725	0.632	0.609	0.882	0.764	0.782	0.723	0.737	0.828	0.701	0.721	0.730	0.759	0.788	0.715	0.712	0.694	0.552	0.567	0.610	0.804	0.816	0.881	1.976	1.150	1.436	0.958	0.831	0.816	0.951	0.891	0.743	0.791	0.878	0.741	0.685	0.772	0.757	0.683	0.668	0.884	0.690	0.655	0.656	0.677	0.605	0.630	0.622	0.623	0.589	0.723	0.615	0.620	0.820	0.931	0.946	0.819
1.407	1.234	1.617	1.075	1.379	1.354	0.931	0.868	0.690	0.473	0.485	0.553	0.501	0.431	0.436	0.521	0.443	0.433	0.408	0.408	0.446	0.430	0.393	0.379	0.378	0.383	0.342	0.335	0.377	0.350	0.299	0.309	0.437	0.327	0.225	0.029	0.004	0.029	0.460	1.181	2.028	1.487	1.759	1.855	2.073	2.813	1.891	1.310	1.063	0.925	0.766	0.736	0.735	0.712	0.764	0.794	0.661	0.602	0.818	0.761	0.760	0.711	0.764	0.815	0.907	0.760	0.755	0.739	0.884	0.724	0.692	0.740	0.611	0.609	0.596	0.700	0.731	1.122	1.649	1.074	1.486	0.893	0.768	0.711	0.830	0.766	0.649	0.704	0.779	0.654	0.599	0.680	0.706	0.619	0.590	0.748	0.664	0.604	0.594	0.686	0.590	0.638	0.564	0.641	0.654	0.744	0.689	0.639	0.936	0.969	0.933	0.704
1.544	1.242	1.411	1.066	1.267	1.275	1.063	0.972	0.965	0.959	0.915	1.000	1.034	0.867	0.854	1.158	0.888	0.803	0.825	0.862	0.743	0.734	0.784	0.663	0.590	0.660	0.773	0.494	0.530	0.531	0.386	0.485	0.585	0.228	0.366	0.294	0.029	0.004	0.028	0.551	0.938	1.149	1.046	0.930	1.422	2.820	1.719	1.401	1.095	0.979	0.868	0.854	0.808	0.860	0.903	0.807	0.771	0.737	0.728	0.698	0.667	0.680	0.719	0.656	0.697	0.751	0.606	0.665	0.465	0.711	0.588	0.766	0.498	0.523	0.542	0.724	0.944	1.091	1.542	1.209	1.833	0.911	0.853	0.717	0.756	0.759	0.715	0.721	0.751	0.706	0.680	0.717	0.723	0.694	0.656	0.729	0.778	0.703	0.683	0.830	0.832	0.724	0.873	1.041	1.014	0.677	1.111	1.103	1.331	0.812	0.760	0.411
1.996	1.913	1.946	1.595	1.750	1.807	1.528	1.265	1.328	1.249	1.176	1.268	1.296	1.109	1.100	1.357	1.086	0.966	1.022	1.055	0.853	0.789	0.937	0.890	0.710	0.734	0.895	0.766	0.639	0.692	0.828	0.748	0.595	1.058	1.128	0.916	0.460	0.028	0.004	0.029	0.688	1.674	1.604	1.497	2.044	3.452	1.880	1.539	1.478	1.249	1.175	0.994	1.061	1.154	1.011	0.908	1.041	0.952	0.930	1.079	1.043	0.993	1.166	1.273	1.263	1.146	1.432	1.521	1.269	1.421	1.625	1.690	1.481	1.567	1.577	1.666	1.208	0.472	1.800	1.406	2.016	1.001	0.934	0.820	0.898	0.839	0.757	0.819	0.853	0.740	0.724	0.794	0.769	0.711	0.696	0.783	0.744	0.714	0.678	0.719	0.802	0.786	0.722	0.894	1.042	0.860	1.017	1.341	1.452	1.506	1.648	0.914
1.965	1.556	1.532	1.298	1.503	1.610	1.344	1.104	1.257	1.245	1.111	1.275	1.310	1.049	1.009	1.464	1.080	0.905	0.947	1.047	0.876	0.814	0.927	0.890	0.743	0.773	0.895	0.742	0.748	0.717	0.777	0.817	0.794	0.806	0.960	1.131	1.181	0.551	0.029	0.004	0.028	0.614	0.675	0.521	0.934	2.442	2.016	1.630	1.332	1.183	1.003	1.021	0.955	0.951	1.075	1.023	0.892	0.900	0.945	0.968	0.932	0.933	1.070	1.091	1.053	1.131	1.331	1.371	0.942	1.416	1.597	1.639	1.500	1.740	1.849	1.866	1.785	1.229	1.854	1.349	1.978	1.170	1.141	1.138	1.287	1.323	1.128	1.146	1.355	1.246	1.089	1.228	1.352	1.203	1.112	1.345	1.361	1.136	1.100	1.375	1.259	1.096	1.199	1.410	1.306	1.139	1.649	1.565	1.682	1.634	1.861	1.468
2.345	2.004	1.991	1.776	1.995	1.994	1.709	1.539	1.603	1.747	1.695	1.887	1.782	1.534	1.570	2.010	1.522	1.414	1.477	1.494	1.388	1.356	1.413	1.423	1.420	1.319	1.337	1.606	1.518	1.289	1.632	2.022	1.603	1.421	2.453	2.666	2.028	0.938	0.688	0.028	0.003	0.028	0.524	0.699	0.884	2.000	2.374	1.964	1.779	1.671	1.620	1.785	1.764	1.546	1.675	1.862	1.629	1.530	1.773	1.889	1.739	1.831	2.172	2.143	1.890	2.294	2.676	2.498	1.950	2.889	3.035	2.846	2.836	3.476	3.329	3.046	2.674	2.186	2.154	1.770	2.135	1.725	1.705	1.723	1.827	1.837	1.696	1.692	1.852	1.784	1.643	1.737	1.856	1.770	1.642	1.809	1.874	1.783	1.610	1.854	2.023	1.896	1.725	2.148	2.437	2.052	2.084	2.925	3.140	2.747	2.872	1.765
2.337	2.022	2.089	1.665	1.751	1.765	1.505	1.411	1.441	1.389	1.282	1.390	1.406	1.246	1.203	1.516	1.306	1.182	1.163	1.282	1.250	1.155	1.185	1.301	1.234	1.130	1.276	1.344	1.260	1.146	1.362	1.442	1.286	1.455	1.587	1.681	1.487	1.149	1.674	0.614	0.028	0.004	0.033	0.261	0.637	2.224	2.038	1.537	1.343	1.280	1.087	1.190	1.178	1.056	1.162	1.218	1.080	1.075	1.188	1.156	1.158	1.115	1.244	1.333	1.253	1.287	1.567	1.598	1.405	1.697	1.972	1.964	1.696	2.178	2.304	2.204	2.378	1.974	3.305	1.451	1.729	1.382	1.312	1.357	1.499	1.516	1.350	1.370	1.550	1.453	1.308	1.442	1.569	1.411	1.319	1.564	1.574	1.342	1.278	1.597	1.536	1.304	1.373	1.733	1.621	1.334	1.922	2.069	1.911	1.681	2.173	1.684
2.680	2.148	1.980	1.730	1.843	1.951	1.755	1.584	1.732	1.915	1.734	1.923	1.883	1.570	1.582	2.068	1.550	1.400	1.456	1.487	1.340	1.313	1.368	1.332	1.274	1.235	1.375	1.354	1.331	1.191	1.360	1.621	1.413	1.340	1.828	2.012	1.759	1.046	1.604	0.675	0.524	0.033	0.004	0.029	0.608	1.740	2.408	2.011	1.834	1.762	1.666	1.784	1.777	1.579	1.684	1.774	1.606	1.520	1.707	1.822	1.698	1.700	2.004	2.055	1.850	2.047	2.458	2.371	1.787	2.632	2.943	2.765	2.608	3.392	3.395	3.014	2.917	2.208	2.792	1.824	2.250	1.702	1.699	1.763	1.889	1.977	1.784	1.736	1.958	1.884	1.689	1.788	1.952	1.817	1.672	1.916	1.942	1.746	1.618	1.913	1.895	1.690	1.668	2.041	1.974	1.680	2.187	2.299	2.310	1.834	2.524	1.988
2.582	2.245	2.297	2.039	2.290	2.281	1.904	1.669	1.717	1.767	1.640	1.804	1.757	1.516	1.496	1.908	1.538	1.412	1.388	1.474	1.484	1.349	1.332	1.560	1.578	1.295	1.439	1.847	1.644	1.303	1.816	2.156	1.612	1.471	2.507	2.498	1.855	0.930	1.497	0.521	0.699	0.261	0.029	0.004	0.029	0.741	2.273	2.034	1.883	1.785	1.727	1.900	1.829	1.586	1.754	1.900	1.588	1.484	1.798	1.860	1.628	1.751	2.200	2.108	1.777	2.267	2.707	2.410	1.805	2.981	3.169	2.821	2.838	3.873	3.621	3.059	2.855	2.066	2.523	1.913	2.350	1.854	1.843	1.948	2.107	2.190	1.959	1.889	2.146	2.070	1.828	1.954	2.136	1.987	1.788	2.101	2.119	1.906	1.685	2.063	2.172	1.859	1.746	2.340	2.412	1.874	2.319	2.954	2.869	2.195	3.302	1.990
3.058	2.827	3.055	2.672	2.894	2.757	2.381	2.137	2.165	2.184	2.014	2.150	2.196	1.965	1.879	2.262	2.069	1.870	1.812	1.990	2.008	1.799	1.817	2.127	2.054	1.752	1.941	2.349	2.044	1.777	2.327	2.530	1.943	2.014	2.878	2.729	2.073	1.422	2.044	0.934	0.884	0.637	0.608	0.029	0.004	0.029	2.396	2.179	2.063	1.947	1.896	2.056	1.988	1.763	1.927	2.077	1.781	1.694	1.986	2.018	1.842	1.913	2.311	2.239	1.942	2.374	2.771	2.501	2.052	3.067	3.216	2.890	2.897	3.929	3.659	3.094	2.986	2.297	3.170	2.052	2.396	2.031	2.001	2.114	2.285	2.353	2.121	2.072	2.315	2.241	2.012	2.135	2.314	2.169	1.973	2.261	2.305	2.095	1.870	2.253	2.386	2.044	1.930	2.556	2.589	2.043	2.494	3.167	2.982	2.362	3.538	2.129
3.936	3.717	3.731	3.587	3.787	3.741	3.498	3.250	3.358	3.441	3.215	3.367	3.451	3.153	3.074	3.498	3.263	2.959	2.991	3.118	3.005	2.913	2.990	3.094	2.974	2.908	2.970	3.066	2.932	2.881	3.043	3.097	2.896	2.947	3.261	3.155	2.813	2.820	3.452	2.442	2.000	2.224	1.740	0.741	0.029	0.004	3.745	3.317	3.243	3.104	3.084	3.225	3.198	2.972	3.083	3.250	3.044	2.976	3.226	3.286	3.157	3.185	3.507	3.466	3.263	3.549	3.870	3.703	3.233	4.070	4.248	4.016	3.949	4.791	4.575	4.153	4.090	3.620	4.263	3.329	3.541	3.257	3.183	3.217	3.297	3.356	3.207	3.156	3.310	3.294	3.120	3.170	3.329	3.266	3.090	3.271	3.365	3.224	3.035	3.255	3.457	3.239	3.117	3.564	3.633	3.255	3.474	4.042	3.886	3.443	4.214	3.180
2.159	2.391	2.412	2.491	2.365	2.394	2.342	2.196	1.669	1.737	1.771	1.702	1.478	1.412	1.469	1.370	1.458	1.600	1.347	1.448	1.791	1.915	1.379	1.683	2.000	1.619	1.666	2.135	1.922	1.725	1.782	1.970	1.889	1.698	1.832	1.927	1.891	1.719	1.880	2.016	2.374	2.038	2.408	2.273	2.396	3.745	0.003	0.029	0.554	0.875	0.800	1.491	1.104	1.010	1.086	0.954	1.053	1.426	1.208	1.140	1.291	1.458	1.147	1.169	1.307	1.327	1.152	1.391	1.883	1.288	1.207	1.450	1.450	1.268	1.276	1.947	1.791	1.911	2.636	0.040	0.541	0.633	0.811	0.784	1.198	1.045	0.869	1.486	1.213	1.080	1.315	1.569	1.328	1.210	1.429	1.546	1.362	1.263	1.602	1.576	1.282	1.216	1.524	1.488	1.352	1.510	1.535	1.356	1.428	1.539	1.558	1.889
2.524	2.547	2.409	2.553	2.291	2.370	2.264	2.396	1.988	2.064	2.126	2.116	1.934	1.792	1.791	1.730	1.577	1.157	1.175	1.299	1.231	1.374	1.113	1.161	1.309	1.193	1.165	1.384	1.302	1.171	1.185	1.292	1.252	1.155	1.203	1.342	1.310	1.401	1.539	1.630	1.964	1.537	2.011	2.034	2.179	3.317	0.029	0.004	0.028	0.846	0.827	1.564	1.137	0.875	1.220	1.040	0.920	1.208	1.106	0.951	1.019	1.095	0.931	1.042	1.105	1.060	1.010	1.191	1.314	1.030	1.101	1.084	1.113	1.037	1.234	1.538	1.385	1.264	2.259	0.692	0.957	0.591	1.071	1.154	1.688	1.440	1.177	1.584	1.412	1.306	1.440	1.396	1.324	1.316	1.301	1.316	1.331	1.340	1.271	1.340	1.352	1.059	1.226	1.262	1.217	1.146	1.195	1.287	1.252	1.187	1.222	1.378
2.187	2.445	2.736	2.627	2.790	2.868	2.753	2.555	2.524	1.999	1.686	1.513	1.770	2.159	1.132	1.476	1.919	1.617	0.987	1.436	1.801	1.507	0.946	1.451	1.510	0.774	1.269	1.653	1.177	1.066	1.250	1.279	0.940	1.035	1.169	1.184	1.063	1.095	1.478	1.332	1.779	1.343	1.834	1.883	2.063	3.243	0.554	0.028	0.004	0.029	0.412	0.739	0.555	0.568	1.049	0.542	0.514	0.932	0.629	0.609	0.742	0.722	0.750	0.791	0.880	0.730	0.767	1.034	1.013	0.761	0.971	0.886	0.843	0.809	1.177	1.052	1.013	0.987	1.797	0.812	1.269	1.504	1.425	2.136	1.173	1.619	2.256	1.070	1.151	1.465	1.204	0.874	1.057	1.135	0.768	0.855	0.963	1.017	0.757	0.817	1.022	0.855	0.740	0.763	0.757	0.754	0.730	0.889	0.890	0.765	0.788	1.065
1.319	1.440	1.683	1.620	1.491	1.540	1.299	1.439	0.974	0.971	1.131	1.333	1.038	0.922	1.286	1.106	0.961	1.074	0.913	0.937	1.071	1.307	0.806	0.963	1.255	0.726	0.909	1.100	1.006	0.902	0.925	1.003	0.833	0.872	0.922	1.007	0.925	0.979	1.249	1.183	1.671	1.280	1.762	1.785	1.947	3.104	0.875	0.846	0.029	0.004	0.028	0.415	0.270	0.702	0.303	0.446	0.579	0.935	0.576	0.582	0.621	0.646	0.726	0.689	0.753	0.594	0.634	0.825	0.925	0.605	0.841	0.699	0.691	0.641	0.947	1.195	1.087	1.065	1.958	0.929	1.121	0.935	0.626	0.986	1.180	1.027	1.229	1.239	1.014	0.911	0.686	0.988	0.845	0.741	0.707	0.781	0.741	0.711	0.712	0.723	0.703	0.764	0.670	0.664	0.639	0.677	0.653	0.715	0.783	0.669	0.687	0.966
1.480	1.434	1.635	1.704	1.462	1.535	1.345	1.487	1.112	0.858	0.885	0.791	0.760	1.010	0.890	0.832	0.948	1.492	0.707	0.961	1.211	1.271	0.639	0.928	1.218	0.585	0.827	0.900	0.881	0.771	0.793	0.847	0.718	0.764	0.789	0.844	0.766	0.868	1.175	1.003	1.620	1.087	1.666	1.727	1.896	3.084	0.800	0.827	0.412	0.028	0.004	0.033	0.367	0.194	0.303	0.301	0.308	0.663	0.560	0.465	0.602	0.563	0.729	0.600	0.565	0.514	0.658	0.788	0.690	0.541	0.898	0.589	0.579	0.683	1.147	1.057	0.871	0.945	1.727	1.632	1.777	0.893	0.921	0.875	0.913	0.713	0.917	1.191	0.736	0.549	0.438	0.769	0.592	0.575	0.603	0.605	0.547	0.623	0.579	0.562	0.653	0.735	0.544	0.544	0.580	0.562	0.533	0.684	0.808	0.585	0.598	0.865
1.570	1.498	1.749	1.803	1.686	1.802	1.524	1.647	1.215	0.914	1.031	0.810	0.705	0.873	0.742	0.545	0.603	1.060	0.554	0.550	0.720	0.972	0.592	0.597	0.940	0.464	0.629	0.631	0.667	0.679	0.644	0.651	0.678	0.717	0.683	0.708	0.736	0.854	0.994	1.021	1.785	1.190	1.784	1.900	2.056	3.225	1.491	1.564	0.739	0.415	0.033	0.004	0.030	0.190	0.236	0.353	0.382	0.353	0.595	0.582	0.692	0.557	0.901	0.696	0.616	0.592	0.786	0.756	0.698	0.684	0.952	0.686	0.678	0.810	1.186	1.122	0.977	1.204	1.671	2.411	2.517	1.484	1.482	0.881	0.877	0.680	0.765	1.197	0.635	0.515	0.451	0.546	0.480	0.565	0.475	0.459	0.516	0.619	0.478	0.495	0.725	0.873	0.531	0.540	0.609	0.589	0.551	0.730	0.878	0.621	0.622	0.851
1.741	1.430	1.663	1.659	1.332	1.452	1.200	1.450	0.994	0.733	0.824	0.734	0.644	0.710	0.659	0.646	0.618	0.929	0.711	0.679	0.719	0.995	0.676	0.698	0.876	0.452	0.771	0.721	0.746	0.754	0.738	0.738	0.710	0.781	0.773	0.752	0.735	0.808	1.061	0.955	1.764	1.178	1.777	1.829	1.988	3.198	1.104	1.137	0.555	0.270	0.367	0.030	0.004	0.028	0.183	0.310	0.382	0.345	0.402	0.505	0.579	0.478	0.765	0.575	0.519	0.474	0.637	0.707	0.549	0.534	0.823	0.577	0.549	0.659	1.065	1.142	0.903	1.091	1.762	2.307	2.419	1.232	1.253	0.730	0.821	0.635	0.778	1.027	0.561	0.520	0.459	0.585	0.504	0.584	0.472	0.466	0.483	0.573	0.447	0.450	0.720	0.774	0.508	0.507	0.548	0.535	0.509	0.630	0.722	0.561	0.567	0.840
1.449	1.271	1.487	1.458	1.093	1.108	0.964	1.193	0.840	0.530	0.541	0.627	0.396	0.601	0.268	0.382	0.507	0.972	0.401	0.531	0.795	1.254	0.515	0.819	1.098	0.502	0.726	0.807	0.758	0.708	0.707	0.740	0.669	0.698	0.708	0.745	0.712	0.860	1.154	0.951	1.546	1.056	1.579	1.586	1.763	2.972	1.010	0.875	0.568	0.702	0.194	0.190	0.028	0.004	0.029	0.242	0.319	0.469	0.480	0.349	0.604	0.541	0.526	0.526	0.607	0.544	0.534	0.730	0.775	0.565	0.731	0.597	0.615	0.605	0.944	0.976	0.878	0.894	1.736	1.276	1.556	1.018	0.967	0.952	1.054	0.855	1.027	1.036	0.923	0.685	0.698	0.861	0.634	0.568	0.516	0.536	0.501	0.533	0.489	0.470	0.528	0.665	0.511	0.505	0.573	0.566	0.515	0.605	0.807	0.584	0.593	0.841
1.429	1.298	1.570	1.536	1.465	1.456	1.224	1.440	0.913	0.549	0.583	0.590	0.458	0.629	0.445	0.441	0.653	0.907	0.443	0.525	0.915	1.043	0.544	0.669	1.117	0.576	0.614	0.672	0.659	0.670	0.632	0.658	0.653	0.675	0.654	0.723	0.764	0.903	1.011	1.075	1.675	1.162	1.684	1.754	1.927	3.083	1.086	1.220	1.049	0.303	0.303	0.236	0.183	0.029	0.004	0.029	0.216	0.296	0.760	0.617	0.866	0.739	0.748	0.749	0.799	0.734	0.746	0.868	1.028	0.764	0.856	0.783	0.809	0.814	1.071	1.005	1.023	1.133	1.601	1.163	1.538	0.956	0.916	0.815	0.805	0.697	0.927	0.916	0.648	0.464	0.221	0.661	0.499	0.518	0.419	0.406	0.396	0.543	0.488	0.445	0.561	0.759	0.529	0.511	0.639	0.659	0.567	0.693	1.003	0.667	0.659	0.864
1.532	1.274	1.485	1.474	1.157	1.212	0.999	1.249	0.823	0.552	0.576	0.631	0.499	0.530	0.484	0.638	0.466	0.702	0.482	0.511	0.488	0.706	0.403	0.473	0.669	0.574	0.611	0.557	0.632	0.676	0.634	0.632	0.737	0.764	0.717	0.725	0.794	0.807	0.908	1.023	1.862	1.218	1.774	1.900	2.077	3.250	0.954	1.040	0.542	0.446	0.301	0.353	0.310	0.242	0.029	0.004	0.029	0.239	0.532	0.428	0.699	0.598	0.766	0.577	0.601	0.548	0.590	0.659	0.721	0.562	0.754	0.593	0.610	0.634	1.000	1.001	0.891	1.240	1.535	1.663	2.071	1.016	0.969	0.755	0.762	0.806	0.856	0.876	0.694	0.796	0.776	0.689	0.669	0.712	0.577	0.580	0.596	0.527	0.556	0.536	0.658	0.807	0.584	0.561	0.546	0.564	0.549	0.632	0.818	0.583	0.581	0.867
1.666	1.301	1.513	1.421	1.040	1.059	0.897	1.161	0.862	0.719	0.727	0.736	0.677	0.655	0.676	0.730	0.622	0.738	0.593	0.645	0.597	0.758	0.310	0.507	0.622	0.423	0.566	0.516	0.618	0.627	0.574	0.581	0.634	0.655	0.635	0.632	0.661	0.771	1.041	0.892	1.629	1.080	1.606	1.588	1.781	3.044	1.053	0.920	0.514	0.579	0.308	0.382	0.382	0.319	0.216	0.029	0.004	0.029	0.209	0.199	0.491	0.397	0.359	0.439	0.477	0.423	0.448	0.642	0.603	0.462	0.667	0.501	0.496	0.515	0.850	1.001	0.873	0.965	1.701	1.480	1.882	0.997	0.993	0.871	0.915	0.890	0.977	0.969	0.812	0.769	0.821	0.676	0.580	0.538	0.435	0.435	0.423	0.481	0.375	0.379	0.482	0.600	0.456	0.448	0.499	0.482	0.451	0.499	0.668	0.512	0.523	0.830
1.753	1.499	1.811	1.634	1.583	1.525	1.333	1.578	1.111	0.872	0.851	0.739	0.740	0.839	0.781	0.690	0.709	0.938	0.661	0.676	0.590	0.300	0.294	0.535	0.729	0.363	0.457	0.494	0.581	0.561	0.520	0.549	0.595	0.572	0.576	0.609	0.602	0.737	0.952	0.900	1.530	1.075	1.520	1.484	1.694	2.976	1.426	1.208	0.932	0.935	0.663	0.353	0.345	0.469	0.296	0.239	0.029	0.004	0.029	0.176	0.480	0.341	0.451	0.511	0.652	0.486	0.526	0.657	0.875	0.532	0.613	0.534	0.583	0.559	0.775	0.939	0.885	0.936	1.634	1.014	1.594	0.849	0.757	0.710	0.726	0.901	0.913	0.753	0.844	1.080	0.856	0.776	0.838	0.888	0.269	0.509	0.615	0.870	0.354	0.443	0.600	0.546	0.416	0.419	0.495	0.487	0.423	0.454	0.687	0.490	0.503	0.799
1.540	1.225	1.489	1.336	1.099	1.080	0.889	1.185	0.787	0.668	0.702	0.749	0.628	0.553	0.660	0.787	0.523	0.605	0.612	0.580	0.477	0.580	0.345	0.526	0.668	0.404	0.598	0.594	0.698	0.665	0.641	0.674	0.875	0.810	0.771	0.882	0.818	0.728	0.930	0.945	1.773	1.188	1.707	1.798	1.986	3.226	1.208	1.106	0.629	0.576	0.560	0.595	0.402	0.480	0.760	0.532	0.209	0.029	0.004	0.029	0.187	0.234	0.255	0.294	0.309	0.330	0.325	0.347	0.579	0.332	0.408	0.347	0.431	0.385	0.646	0.831	0.730	1.172	1.349	1.335	1.926	0.859	0.762	0.565	0.587	0.573	0.553	0.628	0.545	0.505	0.547	0.579	0.503	0.521	0.353	0.440	0.450	0.241	0.622	0.595	0.620	0.935	0.761	0.709	0.552	0.482	0.619	0.652	0.657	0.475	0.498	0.846
