0.003	0.028	0.548	0.797	1.049	1.099	1.350	1.651	1.669	3.293	3.371	3.421	1.900	2.283	2.953	2.449	1.955	2.144	2.778	1.706	1.799	2.022	1.838	1.381	1.752	1.888	1.833	1.602	1.705	1.678	1.617	1.679	1.603	1.734	1.725	1.695	1.744	1.819	1.825	1.745	3.014	1.718	2.362	2.075	2.360	3.138	4.670	4.440	4.634	4.577	4.144	3.708	2.680	3.205	3.201	2.454	1.813	2.085	1.818	1.739	1.699	1.695	1.808	1.893	1.741	1.741	1.960	1.933	1.776	1.835	2.138	1.896	1.852	2.096	2.236	2.145	2.241	2.278	2.211	3.691	3.768	4.109	4.233	4.273	4.526	4.234	4.068	3.992	3.790	3.343	3.205	2.873	2.844	2.401	2.827	3.100	2.516	1.959	1.729	1.687	2.074	2.641	1.744	1.812	2.210	2.030	1.856	1.960	2.370	1.950	1.859	2.555
0.028	0.004	0.029	0.591	0.783	1.037	1.329	1.938	1.719	2.902	3.175	3.110	2.271	2.486	2.750	2.358	2.166	2.226	2.524	1.877	1.926	2.024	2.115	1.544	1.886	1.923	2.130	1.828	1.884	1.968	1.907	1.960	1.823	2.128	2.098	2.039	2.146	2.276	2.287	2.156	3.475	2.088	2.817	2.485	2.653	3.547	4.109	3.799	4.193	3.923	3.463	3.469	2.651	2.630	2.772	2.331	1.944	2.025	1.918	2.141	1.974	1.942	2.306	2.297	2.108	2.119	2.480	2.340	2.197	2.335	2.638	2.363	2.343	2.686	2.734	2.620	2.635	2.561	2.544	3.310	3.701	3.805	3.724	3.798	4.073	3.808	3.654	3.491	3.315	3.035	2.849	2.546	2.551	2.252	2.697	2.875	2.378	2.052	1.768	1.659	2.115	2.829	1.788	1.840	2.361	2.221	1.949	2.051	2.651	2.075	1.973	2.839
0.548	0.029	0.004	0.028	0.719	0.926	1.191	1.573	1.530	2.483	2.628	2.712	2.251	2.328	2.436	2.309	2.273	2.259	2.394	2.146	2.150	2.188	2.296	1.989	2.156	2.123	2.294	2.134	2.147	2.210	2.134	2.215	2.077	2.329	2.302	2.257	2.342	2.423	2.439	2.318	3.258	2.081	2.992	2.422	2.713	3.449	3.296	3.056	3.173	3.194	2.608	2.538	2.203	2.264	2.439	2.202	2.190	2.198	2.177	2.674	2.326	2.300	2.695	2.638	2.421	2.444	2.730	2.542	2.422	2.551	2.829	2.520	2.512	2.767	2.845	2.702	2.745	2.626	2.592	2.468	2.660	2.785	2.842	2.889	3.273	3.002	2.896	2.749	2.707	2.513	2.387	2.350	2.299	2.200	2.518	2.644	2.357	2.192	2.104	2.059	2.099	2.641	2.039	2.041	2.242	2.218	2.065	2.114	2.538	2.156	2.044	2.488
0.797	0.591	0.028	0.004	0.029	0.688	1.331	1.953	1.601	2.012	2.711	2.388	1.767	2.085	2.213	1.614	1.694	1.705	1.570	1.313	1.432	1.472	1.459	1.184	1.335	1.335	1.591	1.326	1.310	1.435	1.386	1.391	1.376	1.720	1.545	1.483	1.761	1.820	1.661	1.659	2.348	1.642	2.505	2.277	2.594	3.191	3.388	2.947	3.487	2.774	2.071	2.336	2.067	1.590	1.841	1.809	1.815	1.473	1.755	2.624	1.960	1.919	2.779	2.424	2.079	2.187	2.726	2.177	2.066	2.386	2.725	2.225	2.211	2.637	2.621	2.461	2.478	2.326	2.360	2.587	2.899	2.774	2.568	2.914	3.557	3.190	2.511	2.641	2.686	2.412	1.984	2.258	2.136	1.989	1.838	2.197	1.944	1.921	1.657	1.794	1.732	2.070	1.528	1.608	1.672	1.572	1.517	1.707	1.900	1.612	1.594	1.930
1.049	0.783	0.719	0.029	0.004	0.028	0.495	1.376	0.716	1.734	1.800	1.975	1.724	1.796	1.772	1.789	2.103	1.787	1.721	1.723	1.827	1.719	1.812	1.713	1.791	1.427	1.971	1.895	1.733	1.643	1.833	1.866	1.373	1.717	1.850	1.766	1.636	1.854	2.178	1.735	2.905	1.639	2.203	1.786	2.132	2.731	1.995	1.866	2.202	2.247	1.863	2.013	1.774	1.497	1.754	1.528	1.487	1.541	1.391	1.975	1.548	1.501	2.021	1.878	1.635	1.634	2.004	1.884	1.629	1.768	2.120	1.824	1.743	2.020	2.154	1.977	1.885	2.111	1.875	1.640	2.356	2.142	2.103	2.243	2.764	2.472	2.090	2.151	2.184	1.998	1.716	1.982	1.838	1.689	1.919	2.156	1.749	1.516	1.417	1.543	1.466	2.052	1.410	1.395	1.577	1.670	1.445	1.458	2.007	1.641	1.540	1.961
1.099	1.037	0.926	0.688	0.028	0.004	0.028	0.548	0.517	0.658	0.988	0.893	0.843	0.978	0.801	0.828	1.390	0.874	0.808	0.950	1.086	0.817	1.123	1.095	1.017	0.938	1.414	1.320	1.010	1.129	1.256	1.202	1.010	1.318	1.286	1.173	1.295	1.418	1.539	1.242	1.924	1.359	2.131	2.039	2.553	3.018	1.690	1.191	1.467	1.068	1.619	1.712	2.080	1.613	1.060	1.635	1.931	1.307	1.730	2.486	1.779	1.685	2.446	2.035	1.731	1.836	2.174	1.759	1.597	1.866	2.113	1.693	1.689	1.937	1.944	1.788	1.816	1.965	1.772	2.160	2.388	1.633	1.660	1.670	1.905	1.696	1.638	1.421	1.479	1.441	1.796	1.638	1.434	1.738	0.994	1.203	1.159	1.831	1.298	1.765	1.441	1.439	1.140	1.327	1.195	1.064	1.071	1.382	1.393	1.154	1.317	1.365
1.350	1.329	1.191	1.331	0.495	0.028	0.004	0.029	0.359	0.444	0.437	0.485	0.747	0.939	0.686	0.968	1.422	0.838	0.995	1.008	1.083	0.823	1.301	1.145	1.018	1.227	1.616	1.435	1.090	1.423	1.410	1.281	1.314	1.710	1.483	1.371	1.763	1.779	1.597	1.588	1.899	1.809	2.646	2.599	2.949	3.554	1.276	0.970	1.121	0.815	2.023	1.989	2.927	2.306	1.183	2.315	2.773	1.756	2.447	3.521	2.558	2.362	3.425	2.974	2.454	2.652	3.196	2.409	2.207	2.728	3.016	2.373	2.422	2.807	2.768	2.483	2.477	2.283	2.311	2.263	2.638	1.765	1.913	1.511	1.654	1.450	1.818	1.324	1.344	1.412	2.176	1.602	1.499	1.976	1.156	1.310	1.461	2.383	1.660	1.985	1.778	1.828	1.387	1.610	1.513	1.250	1.332	1.690	1.607	1.389	1.560	1.458
1.651	1.938	1.573	1.953	1.376	0.548	0.029	0.004	0.033	0.237	0.563	0.409	0.655	0.758	0.559	0.701	1.087	0.647	0.800	0.782	0.856	0.607	0.938	0.791	0.783	0.904	1.240	1.023	0.774	0.975	0.960	0.922	0.941	1.126	1.006	0.918	1.188	1.153	1.147	1.047	1.563	1.342	2.215	2.115	2.516	3.080	1.352	0.938	1.200	0.828	1.764	1.694	2.270	2.017	0.896	1.769	2.126	1.374	1.866	2.611	1.885	1.738	2.496	2.089	1.758	1.943	2.212	1.666	1.548	1.914	2.077	1.623	1.687	1.870	1.820	1.653	1.767	1.766	1.746	1.945	2.288	1.643	1.732	1.531	1.786	1.605	1.569	1.448	1.491	1.463	1.892	1.768	1.553	1.869	0.972	1.191	1.228	1.987	1.375	1.898	1.574	1.466	1.177	1.488	1.269	0.991	1.142	1.591	1.277	1.189	1.499	1.229
1.669	1.719	1.530	1.601	0.716	0.517	0.359	0.033	0.004	0.029	0.313	0.245	0.796	1.007	0.674	0.746	1.185	0.898	0.685	0.816	1.086	0.773	0.779	1.015	0.942	0.825	1.055	1.020	0.790	0.810	0.836	0.854	0.963	0.912	0.866	0.774	0.937	0.923	1.030	0.843	1.394	1.146	2.188	2.035	2.474	2.984	1.170	0.855	0.995	0.610	1.464	1.296	1.880	1.895	0.789	1.470	1.868	1.179	1.598	2.224	1.635	1.432	2.050	1.812	1.466	1.645	1.832	1.474	1.307	1.604	1.817	1.375	1.395	1.546	1.649	1.436	1.639	1.746	1.759	1.528	1.795	1.358	1.547	1.301	1.733	1.459	1.352	1.216	1.281	1.218	1.612	1.434	1.279	1.580	0.804	1.207	0.954	1.694	1.101	1.703	1.313	1.207	1.041	1.303	1.053	0.831	1.059	1.400	1.026	1.060	1.502	1.038
3.293	2.902	2.483	2.012	1.734	0.658	0.444	0.237	0.029	0.004	0.032	0.233	0.329	0.546	0.538	0.471	0.715	0.686	1.002	0.800	0.765	0.871	0.887	0.817	0.817	1.196	1.005	0.853	0.883	1.051	0.920	0.877	1.296	1.132	0.973	1.025	1.322	1.138	0.977	1.167	1.387	1.530	2.399	2.225	2.539	3.036	1.098	1.034	1.045	1.046	1.598	1.651	2.221	1.881	1.135	1.856	2.028	1.419	1.885	2.238	1.756	1.778	2.181	1.714	1.656	1.885	1.886	1.452	1.629	1.781	1.759	1.526	1.660	1.670	1.547	1.535	1.828	1.740	1.928	1.690	1.792	1.649	1.861	1.651	1.646	1.679	2.161	1.682	1.712	1.845	2.217	1.986	1.867	2.221	1.254	1.429	1.634	2.172	1.758	2.242	1.911	1.626	1.608	1.835	1.579	1.316	1.540	1.917	1.482	1.529	1.793	1.500
3.371	3.175	2.628	2.711	1.800	0.988	0.437	0.563	0.313	0.032	0.004	0.033	0.245	0.356	0.457	0.350	0.315	0.364	0.490	0.303	0.401	0.551	0.327	0.446	0.570	0.613	0.614	0.447	0.372	0.429	0.406	0.423	0.867	0.452	0.404	0.429	0.621	0.486	0.530	0.504	1.089	1.028	2.132	1.913	2.209	2.764	1.177	0.900	0.868	0.521	1.193	0.940	1.373	1.790	0.826	1.033	1.293	0.821	1.089	1.501	1.075	0.994	1.389	1.171	0.925	1.163	1.205	0.950	0.931	1.080	1.226	0.899	0.962	1.005	1.181	0.941	1.272	1.463	1.566	1.350	1.453	1.191	1.447	1.283	1.794	1.500	1.225	1.132	1.281	1.171	1.299	1.398	1.226	1.368	0.712	1.277	0.946	1.337	0.977	1.696	1.209	0.983	1.020	1.402	1.011	0.773	1.123	1.521	0.844	1.138	1.719	0.938
3.421	3.110	2.712	2.388	1.975	0.893	0.485	0.409	0.245	0.233	0.033	0.004	0.029	0.170	0.222	0.206	0.259	0.229	0.513	0.266	0.262	0.454	0.278	0.357	0.412	0.636	0.592	0.364	0.315	0.422	0.382	0.368	0.873	0.436	0.383	0.410	0.635	0.472	0.493	0.507	1.074	1.062	2.156	1.940	2.239	2.790	0.978	1.247	0.688	0.436	1.035	0.777	1.240	1.687	0.790	0.953	1.197	0.795	1.056	1.308	0.993	1.030	1.231	1.046	0.895	1.139	1.083	0.889	0.943	1.036	1.125	0.856	0.967	0.954	1.118	0.885	1.248	1.459	1.569	1.043	1.193	1.048	1.503	1.336	1.766	1.534	1.348	1.255	1.392	1.288	1.359	1.674	1.422	1.647	0.759	1.111	1.028	1.487	1.121	1.859	1.391	1.044	1.099	1.501	1.112	0.794	1.140	1.622	0.898	1.149	1.662	0.979
1.900	2.271	2.251	1.767	1.724	0.843	0.747	0.655	0.796	0.329	0.245	0.029	0.004	0.028	0.173	0.289	0.184	0.217	0.223	0.215	0.305	0.247	0.235	0.484	0.413	0.475	0.630	0.452	0.297	0.297	0.363	0.382	0.752	0.329	0.347	0.320	0.397	0.355	0.600	0.382	1.109	0.895	2.083	1.964	2.391	2.889	1.148	1.383	0.853	0.499	0.897	0.575	1.215	1.284	0.814	0.875	1.404	0.724	0.937	1.249	0.950	0.759	1.006	0.942	0.730	0.851	0.879	0.802	0.770	0.800	0.956	0.699	0.724	0.734	1.026	0.723	1.091	1.415	1.445	1.135	1.237	1.053	1.482	1.295	1.745	1.464	1.142	1.015	1.196	0.978	1.031	1.045	1.096	1.242	0.659	1.310	0.859	1.119	0.867	1.742	1.160	0.886	1.023	1.247	0.910	0.676	1.093	1.286	0.718	1.071	1.612	0.847
2.283	2.486	2.328	2.085	1.796	0.978	0.939	0.758	1.007	0.546	0.356	0.170	0.028	0.004	0.029	0.155	0.224	0.193	0.203	0.219	0.330	0.317	0.224	0.385	0.603	0.419	0.457	0.473	0.318	0.279	0.335	0.388	0.844	0.301	0.318	0.377	0.379	0.322	0.598	0.419	0.932	0.983	2.223	2.091	2.447	2.961	1.199	1.290	1.264	0.459	0.719	0.598	0.823	1.224	0.800	0.728	1.054	0.592	0.746	0.832	0.731	0.633	0.718	0.683	0.603	0.671	0.658	0.684	0.688	0.631	0.724	0.597	0.639	0.595	0.949	0.619	1.025	1.469	1.516	1.226	1.293	1.096	1.481	1.399	1.886	1.609	1.021	0.944	1.285	0.944	0.805	0.878	1.124	1.129	0.615	1.458	0.944	0.957	0.782	1.746	1.165	0.829	1.033	1.367	0.995	0.743	1.230	1.456	0.755	1.192	1.831	0.960
2.953	2.750	2.436	2.213	1.772	0.801	0.686	0.559	0.674	0.538	0.457	0.222	0.173	0.029	0.004	0.028	0.150	0.202	0.146	0.197	0.198	0.466	0.194	0.230	0.418	0.546	0.405	0.289	0.280	0.303	0.301	0.315	0.861	0.324	0.296	0.375	0.486	0.362	0.452	0.429	0.973	1.014	2.221	2.006	2.280	2.811	1.247	1.435	1.021	0.364	0.563	0.704	0.748	1.289	0.858	0.783	1.057	0.611	0.880	0.890	0.748	0.786	0.855	0.724	0.682	0.838	0.753	0.713	0.752	0.735	0.777	0.672	0.716	0.681	0.938	0.693	1.148	1.520	1.600	1.194	1.382	1.236	1.537	1.455	1.811	1.580	1.111	1.056	1.347	1.094	0.916	1.332	1.208	1.343	0.700	1.264	1.004	1.168	0.960	1.818	1.291	0.892	1.059	1.469	1.048	0.752	1.134	1.599	0.788	1.142	1.707	0.908
2.449	2.358	2.309	1.614	1.789	0.828	0.968	0.701	0.746	0.471	0.350	0.206	0.289	0.155	0.028	0.004	0.028	0.142	0.213	0.171	0.189	0.212	0.220	0.287	0.265	0.511	0.576	0.302	0.255	0.320	0.340	0.341	0.753	0.349	0.332	0.301	0.442	0.375	0.529	0.385	1.174	0.894	2.064	1.947	2.337	2.852	1.147	1.502	0.867	1.328	1.190	0.848	1.024	0.678	0.968	0.811	1.328	0.846	1.055	1.304	1.087	0.913	1.186	1.077	0.815	1.031	1.056	0.850	0.823	0.951	1.086	0.748	0.797	0.844	1.040	0.773	1.137	1.446	1.476	1.065	1.215	1.093	1.652	1.519	1.698	1.419	1.488	1.207	1.323	1.033	1.187	1.148	1.071	1.308	0.682	1.065	0.779	1.282	0.891	1.681	1.124	0.909	1.006	1.121	0.811	0.630	0.949	1.077	0.733	0.971	1.340	0.792
1.955	2.166	2.273	1.694	2.103	1.390	1.422	1.087	1.185	0.715	0.315	0.259	0.184	0.224	0.150	0.028	0.004	0.028	0.138	0.207	0.151	0.212	0.225	0.474	0.348	0.255	0.525	0.487	0.285	0.258	0.339	0.374	0.675	0.281	0.322	0.323	0.318	0.306	0.632	0.392	1.038	0.897	2.152	2.117	2.581	3.067	1.148	1.476	0.817	0.706	0.747	0.523	0.802	0.778	0.722	0.629	1.181	0.622	0.713	0.886	0.701	0.551	0.687	0.689	0.611	0.612	0.623	0.684	0.694	0.604	0.721	0.588	0.634	0.580	0.969	0.611	0.984	1.442	1.450	0.994	1.115	0.985	1.489	1.379	1.679	1.370	1.070	0.984	1.236	0.750	0.890	0.737	0.940	1.020	0.552	1.384	0.791	0.905	0.811	1.734	1.108	0.769	1.027	1.193	0.874	0.658	1.130	1.129	0.679	1.084	1.583	0.849
2.144	2.226	2.259	1.705	1.787	0.874	0.838	0.647	0.898	0.686	0.364	0.229	0.217	0.193	0.202	0.142	0.028	0.004	0.028	0.141	0.201	0.171	0.195	0.229	0.562	0.311	0.254	0.355	0.282	0.259	0.307	0.347	0.825	0.290	0.297	0.360	0.358	0.316	0.548	0.411	0.910	1.005	2.270	2.167	2.502	3.006	1.253	1.165	0.981	0.566	0.512	0.742	0.571	0.796	0.677	0.734	0.860	0.664	0.660	0.666	0.573	0.499	0.546	0.555	0.547	0.528	0.515	0.633	0.670	0.542	0.575	0.570	0.628	0.549	0.888	0.585	1.008	1.529	1.564	1.255	1.329	1.222	1.568	1.517	1.698	1.446	1.073	1.211	1.292	0.970	0.781	0.760	1.282	1.089	0.562	1.620	1.066	0.828	0.761	1.803	1.238	0.784	1.082	1.536	1.074	0.744	1.364	1.616	0.788	1.247	2.027	1.052
2.778	2.524	2.394	1.570	1.721	0.808	0.995	0.800	0.685	1.002	0.490	0.513	0.223	0.203	0.146	0.213	0.138	0.028	0.004	0.028	0.150	0.263	0.156	0.208	0.215	0.473	0.331	0.236	0.222	0.260	0.287	0.291	0.769	0.279	0.276	0.283	0.389	0.310	0.441	0.356	1.109	0.915	2.121	1.969	2.282	2.814	0.773	0.866	0.713	0.679	0.412	0.352	0.404	0.341	0.223	0.527	0.683	0.242	0.570	0.485	0.419	0.616	0.491	0.435	0.622	0.576	0.461	0.624	0.686	0.516	0.576	0.597	0.611	0.522	0.877	0.635	1.090	1.504	1.542	0.907	0.967	0.819	1.135	1.062	1.055	0.926	1.098	0.803	0.879	0.841	1.087	0.889	1.002	1.301	0.685	0.843	0.677	1.101	0.913	1.664	1.125	0.953	0.962	1.131	0.818	0.635	0.887	1.171	0.743	0.963	1.257	0.810
1.706	1.877	2.146	1.313	1.723	0.950	1.008	0.782	0.816	0.800	0.303	0.266	0.215	0.219	0.197	0.171	0.207	0.141	0.028	0.004	0.029	0.146	0.221	0.223	0.265	0.245	0.563	0.301	0.267	0.260	0.349	0.367	0.578	0.283	0.329	0.316	0.314	0.318	0.613	0.386	1.200	0.824	2.032	2.040	2.530	3.009	1.092	1.372	0.671	0.868	0.590	0.430	0.548	0.536	0.584	0.513	0.902	0.601	0.710	0.963	0.762	0.613	0.789	0.740	0.635	0.650	0.678	0.671	0.700	0.604	0.721	0.586	0.637	0.573	0.965	0.614	0.986	1.437	1.413	0.945	1.020	0.881	1.369	1.355	1.509	1.138	1.136	1.028	1.195	0.699	1.024	0.796	0.794	0.969	0.524	1.116	0.614	0.956	0.906	1.598	1.014	0.750	1.006	1.029	0.683	0.576	0.898	0.842	0.711	0.916	1.178	0.725
1.799	1.926	2.150	1.432	1.827	1.086	1.083	0.856	1.086	0.765	0.401	0.262	0.305	0.330	0.198	0.189	0.151	0.201	0.150	0.029	0.004	0.028	0.151	0.262	0.245	0.269	0.279	0.463	0.316	0.297	0.360	0.412	0.611	0.325	0.363	0.384	0.363	0.356	0.665	0.474	0.983	0.940	2.210	2.257	2.718	3.206	1.136	1.348	0.744	0.737	0.522	0.479	0.501	0.499	0.607	0.565	0.796	0.541	0.622	0.705	0.583	0.420	0.466	0.574	0.481	0.414	0.440	0.627	0.652	0.475	0.540	0.543	0.620	0.515	0.933	0.561	0.904	1.523	1.496	1.010	1.060	0.931	1.391	1.449	1.611	1.294	1.128	1.143	1.342	0.685	0.971	0.979	0.919	0.672	0.483	1.471	0.829	0.705	0.950	1.701	1.067	0.699	1.052	1.152	0.866	0.670	1.130	1.024	0.703	1.094	1.483	0.883
2.022	2.024	2.188	1.472	1.719	0.817	0.823	0.607	0.773	0.871	0.551	0.454	0.247	0.317	0.466	0.212	0.212	0.171	0.263	0.146	0.028	0.004	0.029	0.154	0.229	0.171	0.195	0.217	0.206	0.209	0.270	0.287	0.751	0.248	0.261	0.290	0.298	0.277	0.474	0.369	0.976	0.936	2.211	2.136	2.452	2.958	1.185	1.099	0.974	0.711	0.573	0.742	0.621	0.508	0.574	1.086	0.784	0.773	0.842	0.751	0.624	0.474	0.545	0.543	0.453	0.460	0.451	0.599	0.633	0.454	0.464	0.518	0.593	0.488	0.868	0.550	0.967	1.559	1.564	1.222	1.276	1.159	1.346	1.391	1.398	1.119	1.125	1.264	1.115	0.671	0.957	0.968	0.828	0.753	0.542	1.282	0.773	0.763	0.749	1.692	1.088	0.788	0.982	1.171	0.914	0.629	1.028	1.156	0.674	1.022	1.461	0.804
1.838	2.115	2.296	1.459	1.812	1.123	1.301	0.938	0.779	0.887	0.327	0.278	0.235	0.224	0.194	0.220	0.225	0.195	0.156	0.221	0.151	0.029	0.004	0.029	0.157	0.203	0.168	0.219	0.201	0.276	0.258	0.270	0.611	0.445	0.267	0.246	0.533	0.456	0.449	0.389	1.399	0.896	1.947	1.862	2.230	2.745	1.092	1.257	0.626	0.871	0.738	0.458	0.501	0.640	0.482	0.583	0.777	0.244	0.754	1.129	1.141	1.141	1.169	0.948	1.015	1.192	1.060	0.932	1.006	1.100	1.004	0.907	0.974	0.987	1.044	0.881	1.238	1.496	1.487	0.999	0.973	0.914	1.169	1.361	1.430	1.172	1.270	1.208	1.159	0.795	1.271	0.994	0.695	0.733	0.554	0.892	0.514	1.170	0.918	1.443	0.995	1.027	0.972	0.916	0.664	0.523	0.708	0.681	0.826	0.803	0.897	0.846
1.381	1.544	1.989	1.184	1.713	1.095	1.145	0.791	1.015	0.817	0.446	0.357	0.484	0.385	0.230	0.287	0.474	0.229	0.208	0.223	0.262	0.154	0.029	0.004	0.029	0.141	0.289	0.219	0.220	0.229	0.307	0.343	0.354	0.260	0.308	0.311	0.299	0.302	0.620	0.416	1.121	0.850	2.146	2.273	2.813	3.276	1.128	1.319	0.662	0.862	0.702	0.467	0.419	0.634	0.498	0.512	0.599	0.381	0.482	0.718	0.568	0.447	0.474	0.653	0.421	0.377	0.435	0.619	0.607	0.435	0.556	0.520	0.583	0.483	0.963	0.575	0.928	1.547	1.487	1.013	0.995	0.904	1.236	1.386	1.447	1.160	1.207	1.213	1.159	0.688	1.152	1.015	0.730	0.555	0.453	1.191	0.617	0.712	1.152	1.522	0.979	0.580	1.106	1.037	0.636	0.584	0.965	0.848	0.693	0.963	1.137	0.723
1.752	1.886	2.156	1.335	1.791	1.017	1.018	0.783	0.942	0.817	0.570	0.412	0.413	0.603	0.418	0.265	0.348	0.562	0.215	0.265	0.245	0.229	0.157	0.029	0.004	0.029	0.147	0.218	0.167	0.194	0.257	0.294	0.489	0.243	0.260	0.279	0.284	0.270	0.536	0.400	0.890	0.965	2.309	2.365	2.742	3.224	1.332	1.351	0.798	0.714	0.606	0.634	0.459	0.522	0.599	0.889	0.634	0.636	0.785	0.669	0.702	0.464	0.509	0.617	0.373	0.407	0.421	0.597	0.568	0.387	0.417	0.479	0.573	0.454	0.856	0.528	0.896	1.642	1.599	1.281	1.134	1.068	1.286	1.452	1.524	1.251	1.188	1.346	1.249	0.890	0.988	1.191	1.076	0.763	0.745	1.568	1.113	0.700	1.049	1.755	1.161	0.594	1.142	1.263	0.922	0.620	1.196	1.064	0.642	1.048	1.457	0.831
1.888	1.923	2.123	1.335	1.427	0.938	1.227	0.904	0.825	1.196	0.613	0.636	0.475	0.419	0.546	0.511	0.255	0.311	0.473	0.245	0.269	0.171	0.203	0.141	0.029	0.004	0.029	0.143	0.223	0.126	0.234	0.224	0.586	0.179	0.205	0.208	0.229	0.211	0.366	0.299	1.160	0.811	2.017	2.013	2.321	2.792	1.104	0.937	0.696	0.669	0.527	0.490	0.529	0.582	0.496	0.582	0.512	0.300	0.600	0.504	0.601	0.113	0.310	0.352	0.333	0.313	0.281	0.583	0.592	0.375	0.380	0.473	0.547	0.430	0.839	0.514	0.951	1.509	1.523	1.151	0.974	1.058	0.885	1.052	1.108	1.024	1.107	1.086	0.916	0.744	0.994	0.808	0.359	0.319	0.105	0.755	0.447	0.701	0.717	1.033	0.779	0.993	0.769	0.716	0.576	0.475	0.614	0.631	0.666	0.764	0.818	0.644
1.833	2.130	2.294	1.591	1.971	1.414	1.616	1.240	1.055	1.005	0.614	0.592	0.630	0.457	0.405	0.576	0.525	0.254	0.331	0.563	0.279	0.195	0.168	0.289	0.147	0.029	0.004	0.029	0.147	0.241	0.265	0.293	0.237	0.246	0.298	0.290	0.286	0.293	0.554	0.376	1.381	0.731	1.929	2.089	2.583	3.021	1.069	1.234	0.788	0.948	0.896	0.599	0.731	0.953	0.544	0.678	0.757	0.496	0.759	1.146	1.016	0.775	0.899	0.898	0.582	0.635	0.681	0.768	0.583	0.556	0.723	0.483	0.538	0.474	0.994	0.564	0.947	1.509	1.445	1.016	1.015	1.005	0.984	1.190	1.248	1.045	1.122	1.156	0.972	0.714	1.090	0.923	0.616	0.558	0.594	0.930	0.501	0.834	1.207	1.229	0.912	0.614	0.974	0.806	0.476	0.466	0.629	0.566	0.796	0.724	0.755	0.633
1.602	1.828	2.134	1.326	1.895	1.320	1.435	1.023	1.020	0.853	0.447	0.364	0.452	0.473	0.289	0.302	0.487	0.355	0.236	0.301	0.463	0.217	0.219	0.219	0.218	0.143	0.029	0.004	0.028	0.144	0.313	0.392	0.314	0.325	0.353	0.370	0.373	0.352	0.633	0.505	1.032	0.852	2.215	2.456	2.970	3.446	1.114	1.195	0.648	0.754	0.623	0.488	0.501	0.621	0.497	0.559	0.642	0.465	0.600	0.628	0.631	0.468	0.414	0.621	0.298	0.333	0.348	0.568	0.512	0.411	0.473	0.482	0.600	0.467	0.905	0.546	0.826	1.688	1.548	1.099	1.012	0.964	1.026	1.215	1.296	1.044	1.083	1.202	1.019	0.708	0.988	0.985	0.809	0.561	0.663	1.340	0.783	0.608	1.203	1.315	0.873	0.501	1.100	0.967	0.660	0.619	0.898	0.780	0.770	0.885	0.969	0.692
1.705	1.884	2.147	1.310	1.733	1.010	1.090	0.774	0.790	0.883	0.372	0.315	0.297	0.318	0.280	0.255	0.285	0.282	0.222	0.267	0.316	0.206	0.201	0.220	0.167	0.223	0.147	0.028	0.004	0.028	0.160	0.221	0.159	0.238	0.235	0.204	0.229	0.228	0.399	0.349	0.939	0.870	2.206	2.312	2.585	3.021	1.187	1.072	0.612	0.631	0.609	0.658	0.711	0.696	0.586	0.816	0.831	0.611	0.861	0.812	0.801	0.756	0.699	0.614	0.483	0.543	0.506	0.492	0.515	0.438	0.420	0.460	0.593	0.469	0.792	0.523	0.892	1.659	1.657	1.236	1.082	1.056	1.071	1.195	1.268	1.083	1.124	1.239	1.073	0.861	1.043	1.029	0.768	0.684	0.774	1.132	0.886	0.735	1.114	1.198	0.997	0.556	1.118	1.028	0.720	0.465	0.730	0.696	0.679	0.731	0.793	0.582
1.678	1.968	2.210	1.435	1.643	1.129	1.423	0.975	0.810	1.051	0.429	0.422	0.297	0.279	0.303	0.320	0.258	0.259	0.260	0.260	0.297	0.209	0.276	0.229	0.194	0.126	0.241	0.144	0.028	0.004	0.028	0.164	0.286	0.161	0.216	0.214	0.209	0.193	0.275	0.266	1.454	0.690	1.718	1.883	2.204	2.610	1.060	0.994	0.578	0.636	0.564	0.505	0.634	0.719	0.487	0.599	0.743	0.529	0.606	0.686	0.631	0.469	0.498	0.624	0.154	0.348	0.368	0.572	0.521	0.314	0.376	0.454	0.547	0.426	0.812	0.506	0.932	1.409	1.462	1.128	1.025	1.075	0.850	1.012	1.089	1.030	1.084	1.080	0.962	0.856	1.014	0.896	0.640	0.674	0.693	0.910	0.651	0.707	1.276	0.999	0.601	0.552	0.799	0.646	0.495	0.453	0.473	0.428	0.857	0.657	0.618	0.757
1.617	1.907	2.134	1.386	1.833	1.256	1.410	0.960	0.836	0.920	0.406	0.382	0.363	0.335	0.301	0.340	0.339	0.307	0.287	0.349	0.360	0.270	0.258	0.307	0.257	0.234	0.265	0.313	0.160	0.028	0.004	0.028	0.159	0.279	0.258	0.250	0.286	0.276	0.468	0.361	1.217	0.764	1.927	2.325	2.834	3.166	1.100	1.125	0.621	0.742	0.687	0.549	0.682	0.809	0.537	0.603	0.751	0.539	0.628	0.660	0.584	0.473	0.473	0.695	0.323	0.346	0.382	0.623	0.529	0.418	0.503	0.527	0.644	0.534	0.878	0.602	0.999	1.651	1.592	1.117	0.997	0.999	0.936	1.146	1.228	1.071	1.135	1.212	1.032	0.845	1.049	0.975	0.656	0.627	0.710	0.981	0.646	0.684	1.240	1.023	0.635	0.545	0.860	0.753	0.683	0.742	0.766	0.739	0.965	0.784	0.773	0.708
1.679	1.960	2.215	1.391	1.866	1.202	1.281	0.922	0.854	0.877	0.423	0.368	0.382	0.388	0.315	0.341	0.374	0.347	0.291	0.367	0.412	0.287	0.270	0.343	0.294	0.224	0.293	0.392	0.221	0.164	0.028	0.004	0.029	0.156	0.250	0.203	0.218	0.244	0.435	0.381	0.644	0.970	2.291	2.628	2.913	3.295	1.184	1.126	0.612	0.705	0.643	0.562	0.666	0.766	0.534	0.636	0.750	0.558	0.671	0.668	0.617	0.591	0.535	0.628	0.407	0.477	0.296	0.499	0.485	0.383	0.417	0.539	0.691	0.544	0.739	0.564	0.883	1.729	1.743	1.207	1.031	1.018	0.998	1.191	1.318	1.130	1.124	1.267	1.163	0.954	1.095	1.164	0.913	0.809	0.789	1.170	0.979	0.871	1.040	1.280	0.973	0.839	1.118	1.093	0.988	1.027	0.973	0.942	0.909	0.866	0.897	0.737
1.603	1.823	2.077	1.376	1.373	1.010	1.314	0.941	0.963	1.296	0.867	0.873	0.752	0.844	0.861	0.753	0.675	0.825	0.769	0.578	0.611	0.751	0.611	0.354	0.489	0.586	0.237	0.314	0.159	0.286	0.159	0.029	0.004	0.028	0.152	0.213	0.201	0.205	0.230	0.289	1.197	0.733	1.689	1.872	1.990	2.430	1.367	1.185	0.868	0.912	0.618	0.684	0.653	0.602	0.587	0.695	0.732	0.618	0.763	0.721	0.666	0.756	0.761	0.624	0.547	0.912	0.731	0.435	0.503	0.585	0.477	0.509	0.649	0.535	0.644	0.521	0.799	1.250	1.516	1.436	1.310	1.404	1.144	1.043	1.129	1.051	0.993	1.084	1.103	0.986	1.022	1.181	1.041	0.920	1.107	1.117	0.919	0.906	1.345	1.210	0.647	0.324	0.833	0.779	0.427	0.343	0.426	0.367	0.962	0.807	0.769	0.786
1.734	2.128	2.329	1.720	1.717	1.318	1.710	1.126	0.912	1.132	0.452	0.436	0.329	0.301	0.324	0.349	0.281	0.290	0.279	0.283	0.325	0.248	0.445	0.260	0.243	0.179	0.246	0.325	0.238	0.161	0.279	0.156	0.028	0.004	0.028	0.148	0.205	0.141	0.197	0.228	1.708	0.745	1.325	1.640	2.115	2.370	1.068	0.948	0.572	0.589	0.520	0.508	0.611	0.717	0.500	0.558	0.682	0.438	0.429	0.507	0.463	0.428	0.463	0.433	0.408	0.408	0.282	0.244	0.244	0.292	0.427	0.299	0.332	0.369	0.977	0.729	1.237	1.022	1.214	1.134	1.124	1.171	0.808	0.890	0.994	0.948	0.957	0.996	0.929	0.853	0.933	0.975	0.790	0.781	0.787	0.843	0.879	0.854	1.334	1.003	0.829	0.944	0.771	0.750	0.869	0.683	0.609	0.616	1.230	0.892	0.853	1.047
1.725	2.098	2.302	1.545	1.850	1.286	1.483	1.006	0.866	0.973	0.404	0.383	0.347	0.318	0.296	0.332	0.322	0.297	0.276	0.329	0.363	0.261	0.267	0.308	0.260	0.205	0.298	0.353	0.235	0.216	0.258	0.250	0.152	0.028	0.004	0.029	0.149	0.242	0.157	0.356	1.080	0.774	1.803	2.471	2.797	3.062	1.069	0.983	0.572	0.620	0.550	0.513	0.649	0.745	0.491	0.594	0.733	0.506	0.556	0.638	0.595	0.569	0.509	0.518	0.494	0.493	0.261	0.325	0.325	0.295	0.397	0.450	0.740	0.500	0.783	0.551	0.831	1.537	1.628	1.153	1.074	1.102	0.856	0.923	1.020	0.942	0.958	1.024	0.934	0.846	0.939	0.985	0.804	0.789	0.795	0.861	0.906	0.918	1.290	1.080	0.906	0.976	0.933	0.928	0.999	0.988	0.941	0.924	1.294	0.966	0.911	0.880
1.695	2.039	2.257	1.483	1.766	1.173	1.371	0.918	0.774	1.025	0.429	0.410	0.320	0.377	0.375	0.301	0.323	0.360	0.283	0.316	0.384	0.290	0.246	0.311	0.279	0.208	0.290	0.370	0.204	0.214	0.250	0.203	0.213	0.148	0.029	0.004	0.028	0.166	0.358	0.382	0.437	0.842	1.791	2.233	2.250	2.672	1.317	1.027	0.680	0.707	0.510	0.614	0.573	0.607	0.512	0.623	0.691	0.526	0.665	0.642	0.610	0.643	0.578	0.513	0.578	0.620	0.332	0.314	0.490	0.388	0.461	0.519	0.836	0.595	0.602	0.619	0.724	1.184	1.715	1.417	1.246	1.304	1.051	0.862	0.931	0.933	0.873	0.902	0.920	0.912	0.890	1.021	0.945	0.934	0.995	0.957	1.051	1.099	1.036	1.139	1.186	1.222	1.070	1.134	1.234	1.197	1.065	1.101	1.320	0.798	0.830	0.781
1.744	2.146	2.342	1.761	1.636	1.295	1.763	1.188	0.937	1.322	0.621	0.635	0.397	0.379	0.486	0.442	0.318	0.358	0.389	0.314	0.363	0.298	0.533	0.299	0.284	0.229	0.286	0.373	0.229	0.209	0.286	0.218	0.201	0.205	0.149	0.028	0.004	0.029	0.199	0.374	1.836	0.985	0.901	1.411	1.557	1.947	1.336	1.004	0.737	0.732	0.549	0.639	0.535	0.579	0.589	0.554	0.637	0.465	0.517	0.561	0.518	0.516	0.517	0.478	0.563	0.510	0.416	0.417	0.340	0.444	0.566	0.588	0.658	0.621	0.594	0.587	0.690	0.883	1.401	1.431	1.345	1.439	1.021	0.780	0.828	0.958	0.862	0.792	0.875	0.916	0.817	0.954	0.914	0.918	0.952	0.961	1.104	1.033	0.930	0.911	1.019	1.244	0.714	0.917	1.040	0.828	0.912	1.066	1.312	1.250	1.191	1.170
1.819	2.276	2.423	1.820	1.854	1.418	1.779	1.153	0.923	1.138	0.486	0.472	0.355	0.322	0.362	0.375	0.306	0.316	0.310	0.318	0.356	0.277	0.456	0.302	0.270	0.211	0.293	0.352	0.228	0.193	0.276	0.244	0.205	0.141	0.242	0.166	0.029	0.004	0.029	0.277	2.171	1.115	1.150	1.806	2.013	2.249	1.167	0.933	0.596	0.603	0.492	0.542	0.604	0.677	0.518	0.552	0.684	0.452	0.506	0.580	0.528	0.514	0.513	0.512	0.544	0.437	0.369	0.341	0.381	0.433	0.718	0.242	0.478	0.583	0.452	0.899	0.796	0.346	1.101	1.281	1.217	1.293	0.886	0.779	0.859	0.921	0.869	0.856	0.869	0.874	0.853	0.966	0.867	0.871	0.867	0.905	1.052	1.009	1.082	0.932	0.978	1.191	0.826	0.883	0.995	0.922	0.847	0.969	1.447	1.146	1.073	1.370
1.825	2.287	2.439	1.661	2.178	1.539	1.597	1.147	1.030	0.977	0.530	0.493	0.600	0.598	0.452	0.529	0.632	0.548	0.441	0.613	0.665	0.474	0.449	0.620	0.536	0.366	0.554	0.633	0.399	0.275	0.468	0.435	0.230	0.197	0.157	0.358	0.199	0.029	0.004	0.028	0.637	1.120	1.610	2.849	3.126	3.467	1.148	0.979	0.600	0.648	0.498	0.537	0.602	0.715	0.497	0.557	0.710	0.479	0.515	0.602	0.566	0.519	0.509	0.496	0.564	0.451	0.317	0.314	0.345	0.326	0.449	0.371	0.801	0.551	0.607	0.682	0.706	1.183	1.879	1.274	1.194	1.246	0.905	0.789	0.876	0.911	0.855	0.865	0.866	0.882	0.845	0.968	0.902	0.900	0.915	0.961	1.081	1.061	1.065	1.075	1.098	1.256	1.014	1.107	1.148	1.092	1.067	1.090	1.367	1.094	1.089	1.274
1.745	2.156	2.318	1.659	1.735	1.242	1.588	1.047	0.843	1.167	0.504	0.507	0.382	0.419	0.429	0.385	0.392	0.411	0.356	0.386	0.474	0.369	0.389	0.416	0.400	0.299	0.376	0.505	0.349	0.266	0.361	0.381	0.289	0.228	0.356	0.382	0.374	0.277	0.028	0.004	0.028	0.567	1.134	1.452	1.391	1.962	1.345	1.019	0.704	0.727	0.538	0.630	0.547	0.612	0.556	0.562	0.680	0.489	0.519	0.589	0.555	0.510	0.527	0.509	0.593	0.492	0.441	0.422	0.442	0.568	0.589	0.550	0.939	0.664	0.642	0.775	0.603	0.896	1.693	1.479	1.359	1.432	1.082	0.815	0.835	0.999	0.874	0.778	0.877	0.963	0.792	0.931	0.985	0.989	1.030	1.122	1.174	1.100	0.932	1.006	1.159	1.257	0.874	1.084	1.205	0.978	0.888	1.038	1.386	1.014	0.964	1.197
3.014	3.475	3.258	2.348	2.905	1.924	1.899	1.563	1.394	1.387	1.089	1.074	1.109	0.932	0.973	1.174	1.038	0.910	1.109	1.200	0.983	0.976	1.399	1.121	0.890	1.160	1.381	1.032	0.939	1.454	1.217	0.644	1.197	1.708	1.080	0.437	1.836	2.171	0.637	0.028	0.003	0.029	0.507	0.652	0.798	1.470	1.345	1.175	1.261	1.131	1.480	1.497	1.966	1.844	1.399	1.814	2.265	1.857	1.843	2.400	2.232	2.169	2.509	2.587	2.103	2.497	2.733	2.786	2.305	2.709	3.233	3.242	2.241	2.870	3.362	3.068	2.885	2.454	1.879	1.443	1.502	1.458	1.341	1.291	1.245	1.318	1.339	1.322	1.180	1.230	1.377	1.359	1.080	1.047	0.889	1.208	1.125	1.020	0.882	0.971	1.044	0.999	0.899	1.113	1.096	0.909	1.264	1.706	0.822	1.643	1.834	2.166
1.718	2.088	2.081	1.642	1.639	1.359	1.809	1.342	1.146	1.530	1.028	1.062	0.895	0.983	1.014	0.894	0.897	1.005	0.915	0.824	0.940	0.936	0.896	0.850	0.965	0.811	0.731	0.852	0.870	0.690	0.764	0.970	0.733	0.745	0.774	0.842	0.985	1.115	1.120	0.567	0.029	0.004	0.032	0.288	0.878	1.706	1.662	1.327	1.135	1.173	0.988	1.050	1.066	0.990	1.042	1.065	1.198	0.936	1.028	1.310	1.096	1.172	1.529	1.478	0.958	1.599	1.866	1.666	1.380	2.155	2.226	2.066	1.820	2.637	2.863	2.988	2.879	1.322	1.560	1.717	1.582	1.679	1.386	1.193	1.156	1.398	1.274	1.043	1.186	1.293	1.042	1.002	1.236	1.166	1.398	1.540	1.311	1.230	1.155	1.178	1.201	1.363	1.174	1.281	1.196	1.172	1.527	1.636	1.048	1.626	2.358	2.288
2.362	2.817	2.992	2.505	2.203	2.131	2.646	2.215	2.188	2.399	2.132	2.156	2.083	2.223	2.221	2.064	2.152	2.270	2.121	2.032	2.210	2.211	1.947	2.146	2.309	2.017	1.929	2.215	2.206	1.718	1.927	2.291	1.689	1.325	1.803	1.791	0.901	1.150	1.610	1.134	0.507	0.032	0.004	0.028	0.709	1.076	2.120	1.970	1.967	1.995	1.624	1.623	1.169	1.286	1.704	1.290	1.203	1.388	1.180	1.147	1.219	1.044	1.083	1.191	1.347	1.027	1.415	1.293	0.974	1.713	2.039	1.623	1.417	2.766	2.743	3.533	2.743	1.806	1.812	2.123	2.151	2.347	1.952	1.948	2.061	2.296	2.013	1.880	2.208	2.222	1.814	1.901	2.418	2.208	2.600	2.778	2.325	2.310	2.523	2.562	2.386	2.476	2.653	2.504	2.322	2.589	2.687	2.317	1.919	2.714	2.426	2.130
2.075	2.485	2.422	2.277	1.786	2.039	2.599	2.115	2.035	2.225	1.913	1.940	1.964	2.091	2.006	1.947	2.117	2.167	1.969	2.040	2.257	2.136	1.862	2.273	2.365	2.013	2.089	2.456	2.312	1.883	2.325	2.628	1.872	1.640	2.471	2.233	1.411	1.806	2.849	1.452	0.652	0.288	0.028	0.004	0.030	0.578	1.916	1.719	1.568	1.656	1.310	1.300	1.195	1.245	1.485	1.234	1.283	1.294	1.149	1.343	1.269	1.169	1.500	1.508	1.292	1.542	1.908	1.662	1.380	2.298	2.394	1.961	2.125	3.409	2.894	3.837	2.537	2.039	2.021	1.924	1.724	1.964	1.432	1.275	1.364	1.541	1.341	1.253	1.511	1.489	1.258	1.347	1.706	1.553	2.060	2.173	1.767	1.666	2.081	1.875	1.580	2.045	2.109	1.688	1.463	1.973	2.143	1.663	1.121	2.270	2.150	2.065
2.360	2.653	2.713	2.594	2.132	2.553	2.949	2.516	2.474	2.539	2.209	2.239	2.391	2.447	2.280	2.337	2.581	2.502	2.282	2.530	2.718	2.452	2.230	2.813	2.742	2.321	2.583	2.970	2.585	2.204	2.834	2.913	1.990	2.115	2.797	2.250	1.557	2.013	3.126	1.391	0.798	0.878	0.709	0.030	0.004	0.028	2.035	1.843	1.789	1.845	1.572	1.553	1.620	1.634	1.729	1.621	1.708	1.597	1.523	1.748	1.577	1.567	1.989	1.858	1.543	2.060	2.343	1.940	1.784	2.808	2.676	2.165	2.618	3.831	3.014	3.877	2.363	2.605	2.511	2.005	1.758	1.907	1.536	1.421	1.438	1.586	1.496	1.393	1.498	1.498	1.426	1.456	1.578	1.459	1.888	1.918	1.560	1.517	1.900	1.690	1.446	1.825	1.948	1.612	1.409	1.803	2.100	1.841	1.300	2.304	2.539	2.416
3.138	3.547	3.449	3.191	2.731	3.018	3.554	3.080	2.984	3.036	2.764	2.790	2.889	2.961	2.811	2.852	3.067	3.006	2.814	3.009	3.206	2.958	2.745	3.276	3.224	2.792	3.021	3.446	3.021	2.610	3.166	3.295	2.430	2.370	3.062	2.672	1.947	2.249	3.467	1.962	1.470	1.706	1.076	0.578	0.028	0.004	2.535	2.395	2.412	2.428	2.308	2.341	2.367	2.328	2.454	2.401	2.386	2.276	2.289	2.402	2.193	2.251	2.649	2.445	2.168	2.646	2.864	2.359	2.302	3.268	3.042	2.402	2.992	4.209	3.192	3.918	2.310	2.391	2.462	2.505	2.365	2.375	2.232	2.337	2.356	2.554	2.471	2.288	2.395	2.440	2.326	2.290	2.440	2.351	2.600	2.680	2.450	2.325	2.620	2.530	2.345	2.522	2.697	2.468	2.285	2.521	2.878	2.605	2.081	3.073	3.040	2.831
4.670	4.109	3.296	3.388	1.995	1.690	1.276	1.352	1.170	1.098	1.177	0.978	1.148	1.199	1.247	1.147	1.148	1.253	0.773	1.092	1.136	1.185	1.092	1.128	1.332	1.104	1.069	1.114	1.187	1.060	1.100	1.184	1.367	1.068	1.069	1.317	1.336	1.167	1.148	1.345	1.345	1.662	2.120	1.916	2.035	2.535	0.003	0.029	0.488	0.233	0.979	1.179	1.051	0.918	1.061	1.069	0.894	0.931	1.117	0.996	0.928	1.233	1.405	0.997	1.085	1.376	1.199	0.969	1.287	1.323	1.127	1.139	1.418	1.325	1.093	1.189	1.423	1.413	1.705	0.041	0.578	0.466	1.555	2.491	2.648	2.631	2.091	1.815	2.442	2.326	1.876	2.220	2.231	2.103	1.740	1.924	2.018	1.897	1.734	2.150	2.018	1.702	1.769	2.226	1.936	1.667	1.928	2.421	1.823	2.042	2.590	1.845
4.440	3.799	3.056	2.947	1.866	1.191	0.970	0.938	0.855	1.034	0.900	1.247	1.383	1.290	1.435	1.502	1.476	1.165	0.866	1.372	1.348	1.099	1.257	1.319	1.351	0.937	1.234	1.195	1.072	0.994	1.125	1.126	1.185	0.948	0.983	1.027	1.004	0.933	0.979	1.019	1.175	1.327	1.970	1.719	1.843	2.395	0.029	0.004	0.029	0.283	0.740	0.817	0.734	0.855	1.103	0.918	0.868	0.890	0.885	0.840	0.831	0.944	1.001	0.822	0.876	1.007	0.885	0.908	0.985	0.940	0.850	0.863	1.031	0.938	1.027	0.902	1.175	1.286	1.528	0.616	1.092	0.695	1.090	1.361	1.840	1.682	1.187	1.417	1.714	1.589	1.267	1.936	1.685	1.647	1.182	1.328	1.335	1.454	1.311	1.847	1.483	1.233	1.323	1.824	1.405	1.198	1.461	1.976	1.267	1.557	2.115	1.277
4.634	4.193	3.173	3.487	2.202	1.467	1.121	1.200	0.995	1.045	0.868	0.688	0.853	1.264	1.021	0.867	0.817	0.981	0.713	0.671	0.744	0.974	0.626	0.662	0.798	0.696	0.788	0.648	0.612	0.578	0.621	0.612	0.868	0.572	0.572	0.680	0.737	0.596	0.600	0.704	1.261	1.135	1.967	1.568	1.789	2.412	0.488	0.029	0.004	0.029	0.291	0.617	0.457	1.168	0.566	0.486	0.597	0.645	0.781	0.844	0.685	0.866	1.007	0.740	0.703	0.922	0.801	0.781	0.867	0.811	0.812	0.725	0.878	0.768	0.894	0.777	1.165	1.287	1.500	1.340	1.710	1.293	1.628	1.357	1.694	1.515	1.274	1.352	1.493	1.330	1.138	1.896	1.466	1.463	0.843	0.980	1.032	1.328	1.176	1.787	1.270	1.047	1.114	1.623	1.094	0.926	1.207	1.687	1.036	1.252	1.794	1.049
4.577	3.923	3.194	2.774	2.247	1.068	0.815	0.828	0.610	1.046	0.521	0.436	0.499	0.459	0.364	1.328	0.706	0.566	0.679	0.868	0.737	0.711	0.871	0.862	0.714	0.669	0.948	0.754	0.631	0.636	0.742	0.705	0.912	0.589	0.620	0.707	0.732	0.603	0.648	0.727	1.131	1.173	1.995	1.656	1.845	2.428	0.233	0.283	0.029	0.004	0.028	0.603	0.304	0.609	0.490	0.455	0.552	0.621	0.681	0.589	0.568	0.815	0.730	0.585	0.626	0.816	0.621	0.717	0.826	0.692	0.634	0.619	0.822	0.668	0.836	0.656	1.065	1.256	1.456	0.789	1.023	0.758	1.349	1.050	1.370	1.310	1.379	1.359	1.500	1.424	1.356	2.084	1.700	1.800	0.894	1.103	1.194	1.421	1.238	1.977	1.493	1.046	1.236	1.800	1.263	1.003	1.324	1.888	1.101	1.357	1.879	1.126
4.144	3.463	2.608	2.071	1.863	1.619	2.023	1.764	1.464	1.598	1.193	1.035	0.897	0.719	0.563	1.190	0.747	0.512	0.412	0.590	0.522	0.573	0.738	0.702	0.606	0.527	0.896	0.623	0.609	0.564	0.687	0.643	0.618	0.520	0.550	0.510	0.549	0.492	0.498	0.538	1.480	0.988	1.624	1.310	1.572	2.308	0.979	0.740	0.291	0.028	0.004	0.033	0.356	0.194	0.327	0.309	0.398	0.523	0.539	0.625	0.586	0.597	0.803	0.601	0.520	0.709	0.611	0.705	0.652	0.610	0.619	0.541	0.698	0.599	0.751	0.585	0.935	1.143	1.292	1.375	1.323	1.322	1.020	0.908	1.028	1.032	1.504	0.989	1.028	1.086	1.278	1.349	1.107	1.252	0.875	0.861	0.948	1.154	0.899	1.218	0.997	1.199	0.751	1.100	0.812	0.786	0.781	1.201	1.000	0.955	1.072	1.088
3.708	3.469	2.538	2.336	2.013	1.712	1.989	1.694	1.296	1.651	0.940	0.777	0.575	0.598	0.704	0.848	0.523	0.742	0.352	0.430	0.479	0.742	0.458	0.467	0.634	0.490	0.599	0.488	0.658	0.505	0.549	0.562	0.684	0.508	0.513	0.614	0.639	0.542	0.537	0.630	1.497	1.050	1.623	1.300	1.553	2.341	1.179	0.817	0.617	0.603	0.033	0.004	0.030	0.210	0.237	0.265	0.383	0.365	0.535	0.732	0.573	0.595	0.970	0.608	0.547	0.779	0.723	0.642	0.687	0.730	0.691	0.634	0.805	0.706	0.790	0.717	1.111	1.275	1.478	1.051	0.988	1.278	0.249	0.569	0.650	0.824	1.436	0.733	0.706	0.862	0.985	1.139	0.896	0.944	0.982	0.814	0.936	1.029	0.789	0.905	0.862	1.201	0.620	0.868	0.710	0.742	0.655	1.005	0.948	0.844	0.827	1.122
2.680	2.651	2.203	2.067	1.774	2.080	2.927	2.270	1.880	2.221	1.373	1.240	1.215	0.823	0.748	1.024	0.802	0.571	0.404	0.548	0.501	0.621	0.501	0.419	0.459	0.529	0.731	0.501	0.711	0.634	0.682	0.666	0.653	0.611	0.649	0.573	0.535	0.604	0.602	0.547	1.966	1.066	1.169	1.195	1.620	2.367	1.051	0.734	0.457	0.304	0.356	0.030	0.004	0.028	0.177	0.378	0.418	0.427	0.327	0.674	0.629	0.463	0.765	0.696	0.545	0.478	0.604	0.761	0.548	0.501	0.653	0.554	0.543	0.567	0.772	0.557	0.794	1.110	1.075	1.066	1.195	1.475	0.414	0.626	0.646	0.893	1.438	0.674	0.643	0.841	0.951	1.011	0.735	0.842	1.071	0.896	0.758	0.822	0.743	0.760	0.866	1.481	0.601	0.606	0.904	0.983	0.708	0.793	1.206	0.956	0.806	1.527
3.205	2.630	2.264	1.590	1.497	1.613	2.306	2.017	1.895	1.881	1.790	1.687	1.284	1.224	1.289	0.678	0.778	0.796	0.341	0.536	0.499	0.508	0.640	0.634	0.522	0.582	0.953	0.621	0.696	0.719	0.809	0.766	0.602	0.717	0.745	0.607	0.579	0.677	0.715	0.612	1.844	0.990	1.286	1.245	1.634	2.328	0.918	0.855	1.168	0.609	0.194	0.210	0.028	0.004	0.029	0.199	0.315	0.596	0.454	0.504	0.703	0.598	0.573	0.712	0.669	0.582	0.628	0.885	0.657	0.604	0.719	0.648	0.642	0.670	0.889	0.603	0.718	1.126	1.013	1.320	1.287	1.307	0.625	0.676	0.834	0.909	1.448	0.794	0.837	0.939	1.165	1.066	0.829	1.056	0.976	0.880	0.691	1.043	0.814	1.036	0.867	1.478	0.714	0.762	0.904	0.992	0.777	0.870	1.254	1.024	0.916	1.414
3.201	2.772	2.439	1.841	1.754	1.060	1.183	0.896	0.789	1.135	0.826	0.790	0.814	0.800	0.858	0.968	0.722	0.677	0.223	0.584	0.607	0.574	0.482	0.498	0.599	0.496	0.544	0.497	0.586	0.487	0.537	0.534	0.587	0.500	0.491	0.512	0.589	0.518	0.497	0.556	1.399	1.042	1.704	1.485	1.729	2.454	1.061	1.103	0.566	0.490	0.327	0.237	0.177	0.029	0.004	0.028	0.214	0.301	0.786	0.713	0.666	0.727	0.811	0.722	0.675	0.870	0.784	0.739	0.732	0.802	0.767	0.699	0.800	0.784	0.813	0.718	1.046	1.315	1.423	1.070	1.110	1.039	1.090	0.815	0.777	0.956	1.262	0.423	1.003	1.302	1.372	1.519	1.428	1.526	0.851	0.850	0.839	1.243	0.869	1.116	0.991	1.333	0.726	0.900	0.873	0.857	0.767	1.038	1.093	0.990	0.981	1.192
2.454	2.331	2.202	1.809	1.528	1.635	2.315	1.769	1.470	1.856	1.033	0.953	0.875	0.728	0.783	0.811	0.629	0.734	0.527	0.513	0.565	1.086	0.583	0.512	0.889	0.582	0.678	0.559	0.816	0.599	0.603	0.636	0.695	0.558	0.594	0.623	0.554	0.552	0.557	0.562	1.814	1.065	1.290	1.234	1.621	2.401	1.069	0.918	0.486	0.455	0.309	0.265	0.378	0.199	0.028	0.004	0.029	0.204	0.242	0.745	0.662	0.472	0.725	0.642	0.577	0.545	0.626	0.677	0.570	0.552	0.661	0.565	0.600	0.567	0.770	0.619	1.010	1.277	1.335	1.047	1.037	1.251	0.826	1.129	1.107	1.474	1.615	1.018	1.180	1.222	1.216	0.978	0.826	0.845	1.234	1.038	0.653	0.812	0.730	0.736	0.824	1.473	0.579	0.593	0.894	0.969	0.695	0.782	1.182	0.945	0.807	1.505
1.813	1.944	2.190	1.815	1.487	1.931	2.773	2.126	1.868	2.028	1.293	1.197	1.404	1.054	1.057	1.328	1.181	0.860	0.683	0.902	0.796	0.784	0.777	0.599	0.634	0.512	0.757	0.642	0.831	0.743	0.751	0.750	0.732	0.682	0.733	0.691	0.637	0.684	0.710	0.680	2.265	1.198	1.203	1.283	1.708	2.386	0.894	0.868	0.597	0.552	0.398	0.383	0.418	0.315	0.214	0.029	0.004	0.028	0.215	0.243	0.625	0.530	0.427	0.580	0.589	0.506	0.554	0.754	0.599	0.544	0.617	0.600	0.592	0.618	0.808	0.576	0.802	1.157	1.082	0.948	1.079	1.222	0.786	1.015	0.952	1.182	1.544	0.864	0.903	1.002	1.167	0.886	0.635	0.797	1.063	0.973	0.583	0.912	0.769	0.760	0.802	1.707	0.751	0.714	1.219	1.259	0.961	0.924	1.528	1.252	1.139	1.785
2.085	2.025	2.198	1.473	1.541	1.307	1.756	1.374	1.179	1.419	0.821	0.795	0.724	0.592	0.611	0.846	0.622	0.664	0.242	0.601	0.541	0.773	0.244	0.381	0.636	0.300	0.496	0.465	0.611	0.529	0.539	0.558	0.618	0.438	0.506	0.526	0.465	0.452	0.479	0.489	1.857	0.936	1.388	1.294	1.597	2.276	0.931	0.890	0.645	0.621	0.523	0.365	0.427	0.596	0.301	0.204	0.028	0.004	0.028	0.202	0.294	0.444	0.373	0.340	0.374	0.433	0.412	0.526	0.529	0.430	0.466	0.395	0.471	0.434	0.762	0.460	0.891	1.195	1.258	0.966	0.933	1.019	0.842	1.067	1.018	0.964	1.155	0.946	0.741	0.814	1.147	0.661	0.743	0.902	0.930	0.971	0.793	1.025	0.924	1.300	0.904	1.499	0.785	0.861	0.891	0.947	0.781	0.840	1.203	1.009	0.904	1.358
1.818	1.918	2.177	1.755	1.391	1.730	2.447	1.866	1.598	1.885	1.089	1.056	0.937	0.746	0.880	1.055	0.713	0.660	0.570	0.710	0.622	0.842	0.754	0.482	0.785	0.600	0.759	0.600	0.861	0.606	0.628	0.671	0.763	0.429	0.556	0.665	0.517	0.506	0.515	0.519	1.843	1.028	1.180	1.149	1.523	2.289	1.117	0.885	0.781	0.681	0.539	0.535	0.327	0.454	0.786	0.242	0.215	0.028	0.004	0.029	0.184	0.195	0.309	0.293	0.272	0.354	0.348	0.333	0.424	0.328	0.393	0.325	0.409	0.365	0.669	0.440	0.941	1.190	1.283	1.182	1.064	1.260	0.772	1.002	1.083	1.283	1.285	0.950	1.138	1.129	1.225	0.865	0.787	0.862	1.276	1.195	0.739	0.952	0.625	0.588	0.986	1.540	0.816	0.775	1.011	1.064	0.906	0.872	1.175	1.031	0.943	1.529
