0.002	0.029	0.856	0.354	2.568	2.510	3.192	3.147	3.129	3.663	4.223	3.661	2.777	2.630	2.662	2.700	2.746	2.724	2.194	2.387	3.072	2.996	2.568	3.168	3.815	3.033	2.750	3.812	3.760	3.302	3.050	3.820	3.870	3.188	3.432	3.805	3.445	3.062	3.220	3.523	4.275	5.368	4.985	5.325	6.209	6.310	4.860	5.258	3.038	2.791	2.205	2.432	2.738	2.161	2.237	2.382	2.368	2.638	2.193	2.417	2.202	2.334	2.165	2.295	2.420	2.210	2.154	2.224	2.677	2.213	2.238	2.337	2.534	2.227	2.318	2.714	2.458	2.437	3.373	2.851	2.264	2.396	3.684	2.893	3.077	3.141	2.535	2.286	3.852	3.575	2.788	3.749	4.758	3.983	3.463	5.481	4.656	3.774	3.955	5.036	4.596	3.672	4.265	5.231	4.395	3.800	4.541	5.322	4.149	4.139	4.122	4.579
0.029	0.004	0.028	0.433	1.505	1.145	1.305	1.362	1.485	1.602	2.057	1.847	2.133	2.610	1.953	1.932	3.187	2.922	2.201	2.551	3.336	3.012	2.778	3.357	3.696	2.921	2.918	3.758	3.537	3.237	3.160	3.696	3.527	3.167	3.449	3.661	3.341	3.098	3.315	3.457	4.194	4.806	4.502	4.817	5.605	5.686	4.057	4.482	2.723	2.417	1.986	2.012	1.954	2.165	2.070	1.867	1.859	2.646	2.024	1.783	1.941	2.193	1.873	1.850	2.454	2.091	1.874	2.144	2.614	2.102	1.954	2.355	2.446	2.128	2.337	2.686	2.412	2.462	3.326	2.264	1.923	2.374	2.995	2.307	2.212	2.408	2.031	2.033	2.838	2.612	2.266	2.961	3.389	2.950	2.861	4.226	3.413	2.856	3.326	3.941	3.530	3.032	3.505	3.968	3.425	3.153	3.629	3.985	3.185	3.313	3.207	4.039
0.856	0.028	0.004	0.028	0.598	0.808	1.194	1.835	1.544	2.136	2.608	2.648	2.506	2.858	2.550	2.405	3.075	3.152	2.474	2.677	3.267	3.137	2.855	3.265	3.663	3.047	2.870	3.621	3.503	3.184	3.047	3.596	3.529	3.050	3.303	3.548	3.229	2.951	3.153	3.329	4.145	4.750	4.416	4.805	5.655	5.743	5.433	5.391	3.725	3.300	2.798	2.918	2.874	2.743	2.741	2.726	2.583	2.936	2.597	2.524	2.438	2.582	2.441	2.360	2.565	2.453	2.350	2.290	2.701	2.380	2.279	2.409	2.555	2.334	2.355	2.627	2.477	2.469	3.454	3.614	3.052	3.510	4.386	3.520	3.260	3.559	3.062	3.017	3.776	3.525	3.024	3.548	4.110	3.604	3.259	4.599	3.914	3.306	3.520	4.200	3.849	3.271	3.658	4.306	3.679	3.302	3.801	4.348	3.483	3.501	3.406	4.045
0.354	0.433	0.028	0.004	0.029	0.493	1.033	1.289	1.304	1.259	1.501	1.632	2.245	2.780	2.194	1.985	3.139	3.029	2.338	2.628	3.213	2.962	2.749	3.244	3.408	2.890	2.771	3.551	3.274	3.013	2.977	3.398	3.252	2.865	3.217	3.358	3.041	2.829	3.032	3.161	3.781	4.451	4.205	4.398	5.193	5.297	4.515	4.967	3.414	3.080	2.540	2.444	2.110	2.568	2.462	2.037	1.973	2.858	2.225	1.685	2.018	2.230	1.877	1.812	2.367	2.095	1.829	2.103	2.478	2.037	1.872	2.222	2.265	1.984	2.207	2.429	2.221	2.269	3.273	2.856	2.516	3.068	3.799	3.031	2.919	3.076	2.654	2.679	3.399	3.167	2.740	3.282	3.655	3.276	2.986	4.104	3.470	2.941	3.281	3.761	3.470	3.034	3.308	3.725	3.296	2.984	3.365	3.773	3.102	3.105	2.948	3.747
2.568	1.505	0.598	0.029	0.004	0.030	0.723	1.249	0.939	1.096	1.666	1.724	1.768	2.010	1.982	1.631	2.075	2.246	1.773	1.854	2.124	2.165	1.945	2.075	2.207	2.136	1.927	2.283	2.106	1.999	2.002	2.137	2.154	1.907	2.072	2.114	1.975	1.895	2.155	2.003	2.759	3.050	2.778	2.806	3.501	3.834	4.205	4.429	3.611	3.265	2.791	2.965	2.505	2.434	2.575	2.372	2.105	2.487	2.226	2.074	1.980	2.048	1.998	1.866	1.791	1.936	1.865	1.748	1.900	1.837	1.857	1.806	1.814	1.757	1.882	1.846	1.776	1.982	2.427	3.596	3.978	4.457	4.406	3.943	3.679	3.589	3.331	3.167	3.539	3.375	2.968	3.018	3.392	3.124	2.573	3.073	2.909	2.617	2.396	2.719	2.668	2.383	2.302	2.711	2.483	2.176	2.321	2.864	2.520	2.254	2.246	2.921
2.510	1.145	0.808	0.493	0.030	0.004	0.029	0.716	0.718	0.696	1.282	1.161	1.436	2.170	1.742	1.363	2.273	2.277	1.753	1.843	2.301	2.251	1.990	2.185	2.415	2.126	1.910	2.447	2.258	2.070	1.989	2.246	2.254	1.859	2.087	2.220	1.988	1.792	2.113	2.006	2.547	3.244	3.058	3.083	3.854	4.045	3.803	4.670	3.187	2.906	2.379	2.447	1.874	2.170	2.137	1.685	1.542	2.300	1.756	1.339	1.502	1.637	1.423	1.378	1.693	1.501	1.361	1.433	1.750	1.429	1.405	1.499	1.532	1.367	1.533	1.610	1.499	1.485	2.648	2.363	2.849	3.490	3.944	3.106	3.034	2.960	2.577	2.633	3.146	2.940	2.497	2.855	3.156	2.846	2.374	3.422	2.853	2.317	2.615	3.060	2.806	2.395	2.555	2.881	2.573	2.221	2.536	3.011	2.404	2.289	2.083	2.935
3.192	1.305	1.194	1.033	0.723	0.029	0.004	0.029	0.518	0.443	1.115	1.189	1.328	2.277	2.263	1.592	2.142	2.326	2.038	1.894	2.149	2.378	2.068	1.998	2.291	2.188	1.888	2.021	2.089	1.966	1.799	2.005	2.153	1.700	1.844	1.991	1.808	1.612	2.094	1.844	2.587	2.538	2.464	2.765	3.524	3.528	3.658	4.640	3.527	3.393	3.135	3.495	2.991	2.504	2.689	2.632	2.118	2.204	2.231	1.901	1.835	1.898	1.905	1.623	1.957	1.706	1.637	1.410	1.859	1.602	1.570	1.480	1.636	1.537	1.457	1.524	1.553	1.767	2.656	2.566	3.208	3.896	4.382	3.779	3.807	3.580	3.317	3.504	3.401	3.371	3.150	3.086	3.270	3.083	2.534	3.376	2.917	2.480	2.640	2.989	2.795	2.500	2.569	2.788	2.556	2.280	2.532	2.991	2.303	2.247	1.928	2.483
3.147	1.362	1.835	1.289	1.249	0.716	0.029	0.004	0.034	0.578	1.037	0.745	1.324	1.659	1.314	1.252	2.367	2.077	1.695	1.954	2.346	1.972	1.977	2.305	2.246	1.971	2.062	2.137	2.172	2.028	2.062	2.226	2.151	1.913	2.143	2.245	1.986	1.874	2.418	2.103	2.703	2.759	2.632	2.913	3.653	3.644	2.299	3.213	1.889	1.855	1.730	1.883	1.735	1.410	1.412	1.397	1.163	1.584	1.236	0.991	1.154	1.267	1.051	1.105	1.722	1.211	1.062	1.267	1.680	1.234	1.216	1.456	1.454	1.250	1.480	1.576	1.460	1.661	2.518	2.509	3.323	3.236	2.683	2.340	2.366	1.903	1.695	1.751	1.987	1.895	1.785	1.960	2.191	1.977	1.811	2.501	2.018	1.657	2.077	2.398	2.108	1.872	2.224	2.258	2.028	1.944	2.209	2.422	1.784	1.949	1.654	2.410
3.129	1.485	1.544	1.304	0.939	0.718	0.518	0.034	0.004	0.029	0.647	0.321	1.446	1.417	1.220	1.158	1.503	1.482	1.256	1.378	1.488	1.445	1.382	1.537	1.459	1.434	1.426	1.333	1.395	1.323	1.291	1.359	1.387	1.262	1.302	1.367	1.236	1.212	1.801	1.309	1.986	1.959	1.945	1.984	2.758	2.927	2.167	2.941	2.032	2.011	2.029	2.167	1.980	1.284	1.478	1.717	1.266	1.186	1.267	1.407	1.190	1.191	1.341	1.349	1.418	1.170	1.333	1.224	1.314	1.203	1.401	1.208	1.214	1.273	1.341	1.192	1.220	1.823	1.995	2.846	3.843	3.657	2.938	2.826	2.695	1.996	1.978	2.022	1.994	1.994	1.949	1.980	2.133	1.984	1.695	2.071	1.848	1.637	1.707	1.951	1.764	1.622	1.738	1.772	1.611	1.504	1.671	1.937	1.411	1.446	1.273	1.635
3.663	1.602	2.136	1.259	1.096	0.696	0.443	0.578	0.029	0.004	0.033	0.204	0.334	0.634	0.563	0.858	0.767	0.683	1.034	1.049	0.894	0.965	1.118	1.377	1.066	1.136	1.216	1.024	1.080	1.108	1.125	1.126	1.117	1.166	1.150	1.147	1.117	1.196	1.622	1.194	1.807	1.778	1.834	1.457	2.103	2.480	1.678	2.563	1.515	1.443	1.622	1.788	1.699	0.867	1.151	1.740	1.311	1.086	1.365	1.703	1.312	1.300	1.629	1.442	1.225	1.315	1.500	1.244	1.230	1.326	1.446	1.253	1.258	1.379	1.415	1.282	1.268	1.757	1.714	2.449	3.632	3.340	2.641	2.470	2.172	1.556	1.492	1.633	1.434	1.415	1.403	1.516	1.540	1.472	1.348	1.284	1.370	1.645	1.284	1.360	1.310	1.412	1.262	1.279	1.289	1.224	1.209	1.287	1.406	1.218	1.487	1.380
4.223	2.057	2.608	1.501	1.666	1.282	1.115	1.037	0.647	0.033	0.004	0.033	0.267	0.439	0.571	0.316	0.330	0.444	0.534	0.364	0.441	0.643	0.446	0.501	0.532	0.683	0.659	0.633	0.450	0.467	0.496	0.448	0.660	0.509	0.474	0.491	0.489	0.597	1.023	0.580	1.577	1.776	1.542	1.283	2.138	2.489	1.638	2.507	1.510	1.522	1.608	1.863	1.645	0.788	1.022	1.367	0.815	0.815	0.824	1.036	0.799	0.742	0.919	1.091	0.795	0.761	0.994	0.928	0.709	0.804	1.147	0.786	0.732	0.862	0.978	0.751	0.767	1.238	1.979	2.493	3.737	3.399	2.641	2.478	2.224	1.619	1.541	1.624	1.504	1.499	1.471	1.418	1.583	1.437	1.095	1.404	1.255	1.248	1.090	1.281	1.158	1.165	1.057	1.101	1.020	0.894	0.968	1.291	1.079	0.855	0.893	1.523
3.661	1.847	2.648	1.632	1.724	1.161	1.189	0.745	0.321	0.204	0.033	0.004	0.029	0.173	0.249	0.188	0.229	0.229	0.475	0.265	0.237	0.420	0.327	0.436	0.350	0.521	0.641	0.425	0.338	0.382	0.458	0.396	0.550	0.472	0.441	0.451	0.429	0.569	1.010	0.542	1.541	1.673	1.470	1.191	2.036	2.361	1.507	2.209	1.316	1.300	1.498	1.641	1.527	0.530	0.824	1.325	0.749	0.581	0.747	0.998	0.754	0.688	0.891	1.061	0.723	0.730	0.969	0.895	0.629	0.775	1.117	0.754	0.701	0.839	0.939	0.726	0.738	1.198	1.983	2.447	3.755	3.263	2.446	2.389	2.041	1.428	1.341	1.463	1.248	1.233	1.196	1.241	1.260	1.167	0.892	1.081	0.977	1.175	0.891	1.049	0.916	1.041	0.886	0.883	0.819	0.767	0.782	1.011	0.949	0.711	0.859	1.405
2.777	2.133	2.506	2.245	1.768	1.436	1.328	1.324	1.446	0.334	0.267	0.029	0.004	0.029	0.184	0.295	0.182	0.219	0.224	0.231	0.296	0.251	0.255	0.514	0.386	0.329	0.547	0.725	0.321	0.307	0.433	0.365	0.447	0.457	0.424	0.404	0.390	0.569	1.009	0.525	1.531	1.769	1.639	1.286	2.156	2.531	1.393	2.091	1.081	0.926	1.269	1.436	1.374	0.574	0.534	0.949	0.574	0.794	0.488	0.909	0.698	0.626	0.744	1.123	0.633	0.727	0.983	1.033	0.609	0.782	1.204	0.802	0.689	0.834	1.039	0.740	0.736	1.213	1.704	2.167	3.297	2.906	2.091	1.989	1.683	1.061	0.914	1.160	0.969	0.906	0.900	0.946	1.124	0.947	0.797	1.095	0.866	0.995	0.914	1.080	0.885	0.950	0.832	0.854	0.776	0.707	0.734	0.981	0.886	0.646	0.860	1.490
2.630	2.610	2.858	2.780	2.010	2.170	2.277	1.659	1.417	0.634	0.439	0.173	0.029	0.004	0.028	0.149	0.252	0.219	0.236	0.237	0.349	0.350	0.274	0.311	0.499	0.441	0.412	0.700	0.383	0.356	0.378	0.358	0.569	0.373	0.367	0.394	0.389	0.449	0.860	0.474	1.558	1.915	1.655	1.359	2.227	2.557	1.471	2.281	1.259	1.020	1.253	1.385	1.124	0.589	0.525	0.641	0.541	0.963	0.527	0.753	0.731	0.658	0.694	0.986	0.662	0.719	0.839	1.004	0.652	0.738	1.084	0.726	0.656	0.737	0.920	0.685	0.666	1.033	1.866	2.192	3.166	2.819	2.168	2.000	1.803	1.217	0.898	1.150	1.001	0.930	0.892	0.927	1.193	1.007	0.897	1.201	0.969	1.026	0.999	1.168	1.006	1.054	0.957	0.994	0.921	0.807	0.864	1.180	1.023	0.767	0.908	1.546
2.662	1.953	2.550	2.194	1.982	1.742	2.263	1.314	1.220	0.563	0.571	0.249	0.184	0.028	0.004	0.029	0.151	0.235	0.163	0.208	0.212	0.484	0.252	0.227	0.348	0.499	0.453	0.321	0.319	0.309	0.333	0.320	0.565	0.335	0.327	0.373	0.363	0.410	0.809	0.435	1.541	1.764	1.458	1.217	2.051	2.352	1.366	2.007	1.209	1.085	1.205	1.272	1.345	0.258	0.588	0.965	0.698	0.692	0.634	0.827	0.719	0.637	0.728	0.968	0.651	0.677	0.814	0.944	0.593	0.699	1.033	0.667	0.612	0.701	0.841	0.638	0.631	0.982	1.989	2.212	3.513	3.023	2.329	2.139	1.776	1.164	1.018	1.170	1.142	1.076	1.037	1.156	1.242	1.109	0.868	1.044	0.985	1.113	0.871	1.017	0.902	1.025	0.886	0.872	0.814	0.752	0.785	1.016	0.967	0.704	0.857	1.472
2.700	1.932	2.405	1.985	1.631	1.363	1.592	1.252	1.158	0.858	0.316	0.188	0.295	0.149	0.029	0.004	0.029	0.148	0.300	0.194	0.206	0.245	0.277	0.340	0.291	0.325	0.547	0.363	0.281	0.304	0.383	0.335	0.456	0.424	0.371	0.384	0.389	0.527	0.942	0.488	1.509	1.665	1.499	1.149	1.973	2.334	1.207	1.761	0.953	0.874	1.193	1.127	1.102	0.633	0.619	0.915	0.750	0.690	0.662	1.153	0.770	0.687	0.948	1.192	0.631	0.751	1.071	0.956	0.590	0.781	1.128	0.754	0.679	0.828	0.947	0.710	0.713	1.201	1.816	1.990	3.243	2.789	1.954	1.939	1.569	0.936	0.909	1.049	0.918	0.841	0.914	0.913	0.911	0.754	0.687	0.853	0.707	0.988	0.835	0.949	0.761	0.897	0.786	0.763	0.693	0.699	0.690	0.801	0.840	0.642	0.880	1.432
2.746	3.187	3.075	3.139	2.075	2.273	2.142	2.367	1.503	0.767	0.330	0.229	0.182	0.252	0.151	0.029	0.004	0.028	0.144	0.244	0.129	0.219	0.227	0.417	0.359	0.328	0.404	0.777	0.317	0.306	0.366	0.313	0.443	0.365	0.360	0.354	0.338	0.455	0.925	0.474	1.536	1.842	1.696	1.328	2.186	2.590	1.464	1.726	0.950	0.793	1.104	0.978	1.008	0.661	0.428	0.515	0.476	0.908	0.466	0.800	0.741	0.648	0.696	1.039	0.590	0.759	0.903	1.046	0.636	0.773	1.144	0.775	0.654	0.772	0.975	0.692	0.686	1.100	1.676	1.995	2.846	2.490	1.696	1.660	1.396	0.736	0.599	0.776	0.724	0.575	0.644	0.633	0.850	0.652	0.674	0.955	0.711	0.883	0.955	1.065	0.859	0.944	0.825	0.847	0.780	0.727	0.744	0.944	0.871	0.649	0.877	1.529
2.724	2.922	3.152	3.029	2.246	2.277	2.326	2.077	1.482	0.683	0.444	0.229	0.219	0.219	0.235	0.148	0.028	0.004	0.029	0.144	0.245	0.198	0.233	0.251	0.425	0.373	0.301	0.443	0.362	0.354	0.336	0.343	0.576	0.355	0.352	0.389	0.388	0.403	0.741	0.473	1.578	1.875	1.533	1.309	2.154	2.439	1.308	1.436	0.990	0.681	0.966	0.653	0.532	0.313	0.554	0.455	0.565	1.028	0.734	0.764	0.857	0.752	0.763	1.041	0.697	0.811	0.901	1.058	0.703	0.800	1.043	0.757	0.699	0.770	0.907	0.700	0.707	0.969	1.902	1.777	2.692	2.384	1.535	1.565	1.368	0.724	0.588	0.625	0.737	0.707	0.809	0.736	1.105	0.973	0.933	1.301	1.046	1.046	0.986	1.182	1.063	1.008	0.887	0.975	0.883	0.773	0.803	1.184	0.986	0.726	0.882	1.563
2.194	2.201	2.474	2.338	1.773	1.753	2.038	1.695	1.256	1.034	0.534	0.475	0.224	0.236	0.163	0.300	0.144	0.029	0.004	0.028	0.155	0.333	0.213	0.212	0.275	0.418	0.347	0.249	0.289	0.269	0.298	0.296	0.529	0.315	0.302	0.344	0.352	0.394	0.722	0.410	1.502	1.714	1.401	1.116	1.921	2.254	1.190	1.257	0.785	0.883	0.832	0.663	0.813	0.551	0.528	0.323	0.306	0.331	0.377	0.562	0.652	0.668	0.642	0.820	0.632	0.682	0.744	0.944	0.586	0.666	0.924	0.679	0.606	0.667	0.823	0.655	0.633	0.954	2.052	1.798	3.009	2.551	1.562	1.688	1.242	0.720	0.821	0.744	0.726	0.746	0.882	0.859	0.880	0.859	0.834	0.814	0.839	1.087	0.820	0.899	0.783	0.928	0.803	0.772	0.712	0.711	0.708	0.808	0.870	0.657	0.850	1.479
2.387	2.551	2.677	2.628	1.854	1.843	1.894	1.954	1.378	1.049	0.364	0.265	0.231	0.237	0.208	0.194	0.244	0.144	0.028	0.004	0.028	0.162	0.268	0.174	0.244	0.244	0.399	0.262	0.230	0.234	0.297	0.267	0.353	0.322	0.285	0.319	0.302	0.413	0.834	0.431	1.504	1.686	1.519	1.140	1.944	2.317	1.300	1.389	0.955	0.983	1.183	0.850	0.988	0.867	0.560	0.406	0.424	0.850	0.417	0.747	0.635	0.563	0.658	1.021	0.558	0.715	0.905	1.009	0.606	0.745	1.109	0.746	0.626	0.742	0.932	0.657	0.659	1.079	1.620	1.782	2.801	2.455	1.597	1.663	1.359	0.750	0.674	0.811	0.765	0.573	0.684	0.743	0.761	0.500	0.509	0.701	0.572	0.817	0.825	0.958	0.723	0.863	0.755	0.746	0.667	0.691	0.679	0.732	0.760	0.608	0.876	1.442
3.072	3.336	3.267	3.213	2.124	2.301	2.149	2.346	1.488	0.894	0.441	0.237	0.296	0.349	0.212	0.206	0.129	0.245	0.155	0.028	0.004	0.028	0.152	0.288	0.278	0.417	0.364	0.539	0.359	0.393	0.384	0.341	0.488	0.375	0.370	0.389	0.370	0.408	0.763	0.505	1.577	1.847	1.598	1.300	2.134	2.441	1.629	1.266	1.216	0.957	1.171	0.744	0.890	0.847	0.550	0.347	0.390	0.755	0.488	0.676	0.707	0.661	0.668	1.008	0.684	0.802	0.885	1.059	0.734	0.810	1.004	0.789	0.723	0.777	0.922	0.701	0.724	1.042	1.670	1.894	2.568	2.340	1.499	1.667	1.455	0.839	0.594	0.658	0.784	0.532	0.569	0.654	0.827	0.523	0.569	0.756	0.656	0.777	0.924	1.061	0.841	0.962	0.840	0.860	0.799	0.791	0.787	0.932	0.831	0.688	0.903	1.525
2.996	3.012	3.137	2.962	2.165	2.251	2.378	1.972	1.445	0.965	0.643	0.420	0.251	0.350	0.484	0.245	0.219	0.198	0.333	0.162	0.028	0.004	0.029	0.162	0.265	0.318	0.316	0.294	0.334	0.349	0.333	0.343	0.569	0.358	0.365	0.394	0.388	0.387	0.630	0.472	1.557	1.834	1.419	1.211	2.021	2.312	1.662	1.300	1.595	1.302	1.381	0.897	0.987	1.322	0.754	0.514	0.475	0.263	0.604	0.664	0.929	0.848	0.823	0.996	0.762	0.848	0.899	1.035	0.748	0.804	0.889	0.744	0.723	0.759	0.843	0.702	0.724	0.921	1.830	1.792	2.500	2.387	1.454	1.760	1.526	0.961	0.681	0.814	0.918	0.545	0.583	0.715	0.728	0.565	0.721	0.787	0.606	0.876	0.906	0.985	0.849	0.969	0.815	0.821	0.788	0.745	0.722	0.917	0.905	0.664	0.853	1.547
2.568	2.778	2.855	2.749	1.945	1.990	2.068	1.977	1.382	1.118	0.446	0.327	0.255	0.274	0.252	0.277	0.227	0.233	0.213	0.268	0.152	0.029	0.004	0.028	0.182	0.239	0.168	0.223	0.218	0.207	0.257	0.239	0.425	0.385	0.268	0.294	0.440	0.576	0.642	0.409	1.455	1.686	1.381	1.016	1.775	2.189	1.438	1.181	1.092	1.120	1.115	0.910	1.041	1.140	0.805	0.568	0.512	1.068	0.594	0.426	0.326	0.652	0.425	0.820	0.452	0.545	0.695	1.102	0.609	0.684	1.034	0.790	0.670	0.739	0.968	0.789	0.720	1.097	1.782	1.707	2.473	2.197	1.366	1.495	1.258	0.785	0.786	0.760	0.792	0.658	0.876	0.816	0.711	0.525	0.538	0.587	0.542	0.949	0.790	0.804	0.661	0.877	0.760	0.713	0.701	0.717	0.666	0.667	0.914	0.700	0.902	1.457
3.168	3.357	3.265	3.244	2.075	2.185	1.998	2.305	1.537	1.377	0.501	0.436	0.514	0.311	0.227	0.340	0.417	0.251	0.212	0.174	0.288	0.162	0.028	0.004	0.028	0.155	0.237	0.144	0.204	0.213	0.277	0.225	0.243	0.214	0.245	0.301	0.221	0.302	0.843	0.445	1.541	1.668	1.507	1.131	1.904	2.279	1.640	1.207	1.165	1.120	1.150	0.763	0.934	1.126	0.704	0.450	0.433	0.995	0.456	0.545	0.510	0.451	0.499	0.986	0.501	0.620	0.744	0.927	0.576	0.621	0.950	0.631	0.523	0.589	0.880	0.552	0.541	1.043	1.368	1.864	2.510	2.225	1.395	1.540	1.306	0.810	0.679	0.721	0.823	0.537	0.661	0.814	0.732	0.406	0.407	0.704	0.591	0.627	0.673	0.993	0.711	0.835	0.734	0.760	0.673	0.734	0.725	0.719	0.650	0.630	0.925	1.355
3.815	3.696	3.663	3.408	2.207	2.415	2.291	2.246	1.459	1.066	0.532	0.350	0.386	0.499	0.348	0.291	0.359	0.425	0.275	0.244	0.278	0.265	0.182	0.028	0.004	0.028	0.146	0.290	0.202	0.207	0.228	0.246	0.415	0.232	0.272	0.341	0.277	0.269	0.614	0.474	1.649	1.858	1.488	1.214	2.028	2.317	1.847	1.399	1.457	1.228	1.089	0.746	0.737	1.006	1.015	0.497	0.428	0.714	0.625	0.490	0.511	0.424	0.369	0.774	0.370	0.407	0.456	0.724	0.518	0.444	0.484	0.438	0.503	0.430	0.583	0.501	0.499	0.829	1.323	2.161	2.387	2.116	1.402	1.668	1.530	1.208	0.998	1.077	1.114	0.879	0.838	1.135	1.042	0.645	0.551	0.921	0.757	0.571	0.634	1.056	0.747	0.763	0.720	0.817	0.695	0.725	0.732	0.872	0.642	0.615	0.854	1.432
3.033	2.921	3.047	2.890	2.136	2.126	2.188	1.971	1.434	1.136	0.683	0.521	0.329	0.441	0.499	0.325	0.328	0.373	0.418	0.244	0.417	0.318	0.239	0.155	0.028	0.004	0.028	0.146	0.237	0.171	0.190	0.222	0.491	0.208	0.239	0.273	0.284	0.252	0.443	0.370	1.480	1.755	1.327	1.009	1.720	2.138	1.412	0.924	0.908	0.864	0.601	0.526	0.657	0.842	0.656	0.454	0.516	0.499	0.488	0.296	0.378	0.116	0.188	0.349	0.387	0.359	0.327	0.630	0.509	0.425	0.444	0.439	0.490	0.434	0.554	0.551	0.487	0.771	1.410	1.836	2.126	1.715	1.026	1.082	0.676	0.534	0.537	0.500	0.465	0.348	0.453	0.528	0.298	0.210	0.114	0.429	0.333	0.688	0.730	0.731	0.648	0.826	0.733	0.693	0.612	0.676	0.654	0.668	0.807	0.583	0.863	1.457
2.750	2.918	2.870	2.771	1.927	1.910	1.888	2.062	1.426	1.216	0.659	0.641	0.547	0.412	0.453	0.547	0.404	0.301	0.347	0.399	0.364	0.316	0.168	0.237	0.146	0.028	0.004	0.028	0.143	0.249	0.112	0.194	0.195	0.211	0.209	0.240	0.218	0.265	0.611	0.379	1.361	1.533	1.369	0.912	1.555	2.090	1.607	1.078	1.128	1.068	0.962	0.840	1.053	1.077	0.740	0.770	0.810	0.945	0.628	0.698	0.649	0.516	0.692	0.904	0.306	0.698	0.822	0.938	0.582	0.740	0.948	0.799	0.695	0.777	0.935	0.556	0.710	1.051	1.563	1.847	2.320	2.005	1.226	1.388	1.090	0.731	0.657	0.684	0.695	0.499	0.626	0.776	0.593	0.362	0.382	0.596	0.483	0.622	0.665	0.805	0.667	0.832	0.738	0.728	0.643	0.739	0.695	0.683	0.671	0.656	1.004	1.269
3.812	3.758	3.621	3.551	2.283	2.447	2.021	2.137	1.333	1.024	0.633	0.425	0.725	0.700	0.321	0.363	0.777	0.443	0.249	0.262	0.539	0.294	0.223	0.144	0.290	0.146	0.028	0.004	0.029	0.143	0.219	0.207	0.233	0.222	0.236	0.306	0.247	0.253	0.688	0.499	1.546	1.645	1.514	1.099	1.807	2.223	2.100	1.313	1.395	1.076	1.026	0.770	0.972	1.148	0.760	0.568	0.614	0.937	0.491	0.452	0.432	0.394	0.380	0.776	0.450	0.436	0.498	0.749	0.590	0.479	0.603	0.434	0.511	0.425	0.567	0.471	0.489	0.974	0.996	2.176	2.500	2.263	1.583	1.692	1.344	0.865	0.683	0.738	0.838	0.597	0.618	0.858	0.826	0.453	0.423	0.952	0.630	0.540	0.552	0.920	0.681	0.775	0.674	0.735	0.651	0.782	0.762	0.715	0.651	0.727	1.073	1.247
3.760	3.537	3.503	3.274	2.106	2.258	2.089	2.172	1.395	1.080	0.450	0.338	0.321	0.383	0.319	0.281	0.317	0.362	0.289	0.230	0.359	0.334	0.218	0.204	0.202	0.237	0.143	0.029	0.004	0.028	0.151	0.229	0.218	0.233	0.265	0.310	0.276	0.270	0.465	0.458	1.571	1.804	1.371	1.037	1.713	2.102	1.862	1.227	1.339	1.030	0.889	0.715	0.887	1.122	0.799	0.581	0.640	0.749	0.589	0.494	0.511	0.482	0.456	0.557	0.482	0.453	0.413	0.584	0.523	0.441	0.400	0.386	0.538	0.434	0.425	0.479	0.542	0.901	1.025	2.053	2.156	1.948	1.377	1.554	1.135	0.878	0.697	0.767	0.839	0.658	0.660	0.788	0.781	0.571	0.544	1.013	0.676	0.615	0.626	0.871	0.715	0.819	0.711	0.753	0.699	0.788	0.728	0.718	0.642	0.694	0.991	1.322
3.302	3.237	3.184	3.013	1.999	2.070	1.966	2.028	1.323	1.108	0.467	0.382	0.307	0.356	0.309	0.304	0.306	0.354	0.269	0.234	0.393	0.349	0.207	0.213	0.207	0.171	0.249	0.143	0.028	0.004	0.029	0.154	0.275	0.148	0.195	0.219	0.220	0.197	0.343	0.321	1.299	1.511	1.206	0.792	1.348	1.956	1.697	1.088	1.169	0.992	0.805	0.686	0.858	0.952	0.688	0.625	0.711	0.755	0.496	0.507	0.501	0.452	0.414	0.498	0.449	0.421	0.404	0.531	0.575	0.430	0.408	0.396	0.499	0.415	0.426	0.465	0.463	0.852	1.149	1.960	2.166	1.854	1.176	1.331	0.952	0.693	0.623	0.647	0.686	0.521	0.562	0.670	0.594	0.440	0.478	0.801	0.552	0.607	0.522	0.761	0.610	0.698	0.725	0.693	0.593	0.740	0.666	0.659	0.599	0.627	0.974	1.261
3.050	3.160	3.047	2.977	2.002	1.989	1.799	2.062	1.291	1.125	0.496	0.458	0.433	0.378	0.333	0.383	0.366	0.336	0.298	0.297	0.384	0.333	0.257	0.277	0.228	0.190	0.112	0.219	0.151	0.029	0.004	0.029	0.147	0.207	0.191	0.241	0.210	0.215	0.589	0.430	1.194	1.376	1.383	0.872	1.369	2.025	1.766	1.116	1.198	1.029	0.895	0.737	0.969	1.046	0.712	0.655	0.734	0.844	0.494	0.560	0.515	0.435	0.470	0.743	0.457	0.439	0.518	0.782	0.595	0.467	0.531	0.441	0.501	0.454	0.526	0.461	0.463	1.039	0.968	1.965	2.248	1.937	1.243	1.406	1.027	0.742	0.627	0.679	0.721	0.542	0.569	0.713	0.648	0.448	0.453	0.859	0.565	0.540	0.517	0.798	0.622	0.659	0.689	0.683	0.586	0.711	0.726	0.651	0.600	0.731	1.206	1.058
3.820	3.696	3.596	3.398	2.137	2.246	2.005	2.226	1.359	1.126	0.448	0.396	0.365	0.358	0.320	0.335	0.313	0.343	0.296	0.267	0.341	0.343	0.239	0.225	0.246	0.222	0.194	0.207	0.229	0.154	0.029	0.004	0.028	0.146	0.225	0.281	0.236	0.280	0.539	0.557	1.472	1.570	1.424	0.939	1.490	2.007	1.930	1.269	1.341	1.049	0.939	0.730	0.944	1.127	0.762	0.609	0.692	0.835	0.504	0.505	0.486	0.444	0.420	0.602	0.442	0.430	0.452	0.663	0.566	0.426	0.435	0.379	0.510	0.377	0.420	0.455	0.500	1.180	0.689	2.094	2.172	1.950	1.467	1.604	1.185	0.946	0.724	0.791	0.905	0.743	0.696	0.841	0.871	0.656	0.586	1.140	0.745	0.650	0.693	0.871	0.754	0.709	0.735	0.827	0.684	0.699	0.801	0.703	0.683	0.849	1.247	1.127
3.870	3.527	3.529	3.252	2.154	2.254	2.153	2.151	1.387	1.117	0.660	0.550	0.447	0.569	0.565	0.456	0.443	0.576	0.529	0.353	0.488	0.569	0.425	0.243	0.415	0.491	0.195	0.233	0.218	0.275	0.147	0.028	0.004	0.028	0.153	0.207	0.170	0.188	0.297	0.352	1.308	1.625	1.118	0.866	1.549	1.995	1.637	1.203	1.204	0.995	0.883	0.746	0.918	1.106	0.827	0.717	0.799	0.813	0.645	0.635	0.637	0.633	0.552	0.499	0.628	0.515	0.400	0.451	0.487	0.419	0.335	0.368	0.514	0.396	0.377	0.433	0.520	1.144	0.691	2.165	1.958	1.637	1.159	1.324	1.004	0.855	0.709	0.773	0.822	0.695	0.701	0.800	0.752	0.627	0.660	0.883	0.614	0.591	0.663	0.676	0.609	0.635	0.639	0.696	0.650	0.815	0.715	0.708	0.705	0.765	1.008	1.288
3.188	3.167	3.050	2.865	1.907	1.859	1.700	1.913	1.262	1.166	0.509	0.472	0.457	0.373	0.335	0.424	0.365	0.355	0.315	0.322	0.375	0.358	0.385	0.214	0.232	0.208	0.211	0.222	0.233	0.148	0.207	0.146	0.028	0.004	0.029	0.151	0.220	0.151	0.287	0.280	0.774	1.184	1.076	0.687	0.995	1.825	1.726	1.114	1.169	0.985	0.791	0.631	0.785	0.889	0.647	0.602	0.655	0.682	0.465	0.502	0.480	0.438	0.476	0.491	0.582	0.381	0.336	0.312	0.461	0.397	0.418	0.262	0.426	0.363	0.293	0.193	0.351	1.002	0.847	2.014	2.119	1.783	1.170	1.316	0.936	0.731	0.622	0.670	0.723	0.572	0.582	0.687	0.657	0.503	0.511	0.892	0.547	0.514	0.560	0.683	0.548	0.511	0.649	0.609	0.516	0.554	0.702	0.611	0.663	0.709	1.153	1.061
3.432	3.449	3.303	3.217	2.072	2.087	1.844	2.143	1.302	1.150	0.474	0.441	0.424	0.367	0.327	0.371	0.360	0.352	0.302	0.285	0.370	0.365	0.268	0.245	0.272	0.239	0.209	0.236	0.265	0.195	0.191	0.225	0.153	0.029	0.004	0.029	0.157	0.330	0.447	0.564	0.722	1.184	1.301	0.856	1.133	1.908	1.840	1.184	1.255	1.031	0.881	0.714	0.917	1.031	0.719	0.649	0.727	0.805	0.494	0.549	0.528	0.473	0.507	0.545	0.545	0.471	0.487	0.524	0.493	0.444	0.430	0.423	0.507	0.401	0.568	0.468	0.437	1.309	0.758	2.042	2.185	1.877	1.292	1.419	1.024	0.775	0.637	0.704	0.770	0.597	0.602	0.730	0.707	0.521	0.521	0.982	0.576	0.522	0.578	0.692	0.556	0.514	0.651	0.621	0.516	0.599	0.804	0.618	0.636	0.812	1.273	0.831
3.805	3.661	3.548	3.358	2.114	2.220	1.991	2.245	1.367	1.147	0.491	0.451	0.404	0.394	0.373	0.384	0.354	0.389	0.344	0.319	0.389	0.394	0.294	0.301	0.341	0.273	0.240	0.306	0.310	0.219	0.241	0.281	0.207	0.151	0.029	0.004	0.028	0.164	0.400	0.511	0.934	1.374	1.049	0.668	1.139	1.800	1.784	1.232	1.262	1.009	0.893	0.713	0.928	1.101	0.772	0.639	0.735	0.805	0.503	0.534	0.521	0.492	0.479	0.507	0.538	0.461	0.449	0.440	0.442	0.421	0.353	0.391	0.516	0.370	0.470	0.460	0.486	1.564	0.798	2.164	2.044	1.699	1.279	1.387	1.049	0.860	0.709	0.769	0.835	0.698	0.697	0.804	0.772	0.625	0.656	0.940	0.630	0.599	0.657	0.703	0.603	0.560	0.649	0.668	0.591	0.692	0.858	0.678	0.710	0.918	1.337	0.973
3.445	3.341	3.229	3.041	1.975	1.988	1.808	1.986	1.236	1.117	0.489	0.429	0.390	0.389	0.363	0.389	0.338	0.388	0.352	0.302	0.370	0.388	0.440	0.221	0.277	0.284	0.218	0.247	0.276	0.220	0.210	0.236	0.170	0.220	0.157	0.028	0.004	0.028	0.214	0.386	0.788	1.146	0.756	0.695	0.994	1.796	1.652	1.100	1.097	0.936	0.718	0.586	0.710	0.813	0.659	0.584	0.611	0.633	0.463	0.466	0.453	0.427	0.452	0.456	0.602	0.420	0.423	0.438	0.426	0.440	0.379	0.431	0.529	0.418	0.441	0.394	0.498	1.445	0.667	2.092	1.999	1.606	1.073	1.181	0.909	0.762	0.683	0.692	0.738	0.630	0.641	0.733	0.685	0.583	0.612	0.829	0.565	0.560	0.602	0.611	0.519	0.509	0.564	0.563	0.508	0.565	0.727	0.603	0.681	0.729	1.186	0.906
3.062	3.098	2.951	2.829	1.895	1.792	1.612	1.874	1.212	1.196	0.597	0.569	0.569	0.449	0.410	0.527	0.455	0.403	0.394	0.413	0.408	0.387	0.576	0.302	0.269	0.252	0.265	0.253	0.270	0.197	0.215	0.280	0.188	0.151	0.330	0.164	0.028	0.004	0.028	0.266	0.320	1.185	0.859	0.911	1.001	1.864	1.738	1.133	1.166	0.977	0.766	0.614	0.753	0.843	0.638	0.586	0.625	0.655	0.457	0.476	0.470	0.412	0.470	0.471	0.578	0.455	0.551	0.450	0.414	0.614	0.628	0.542	0.546	0.672	0.344	0.312	0.660	1.484	1.129	2.047	2.115	1.746	1.148	1.277	0.919	0.737	0.643	0.671	0.729	0.595	0.602	0.705	0.672	0.543	0.545	0.866	0.548	0.530	0.596	0.621	0.520	0.507	0.576	0.562	0.509	0.573	0.742	0.587	0.713	0.731	1.176	0.865
3.220	3.315	3.153	3.032	2.155	2.113	2.094	2.418	1.801	1.622	1.023	1.010	1.009	0.860	0.809	0.942	0.925	0.741	0.722	0.834	0.763	0.630	0.642	0.843	0.614	0.443	0.611	0.688	0.465	0.343	0.589	0.539	0.297	0.287	0.447	0.400	0.214	0.028	0.003	0.028	0.352	1.364	1.120	1.044	1.153	2.005	2.118	1.418	1.481	1.117	1.020	0.767	1.021	1.182	0.752	0.663	0.796	0.876	0.518	0.566	0.568	0.479	0.499	0.527	0.648	0.450	0.472	0.482	0.454	0.446	0.474	0.454	0.487	0.483	0.642	0.546	0.595	1.484	1.027	2.166	2.284	1.975	1.448	1.498	1.064	0.800	0.654	0.737	0.813	0.624	0.626	0.779	0.734	0.564	0.588	0.971	0.596	0.545	0.619	0.689	0.540	0.495	0.630	0.649	0.498	0.579	0.896	0.618	0.742	0.855	1.077	0.797
3.523	3.457	3.329	3.161	2.003	2.006	1.844	2.103	1.309	1.194	0.580	0.542	0.525	0.474	0.435	0.488	0.474	0.473	0.410	0.431	0.505	0.472	0.409	0.445	0.474	0.370	0.379	0.499	0.458	0.321	0.430	0.557	0.352	0.280	0.564	0.511	0.386	0.266	0.028	0.004	0.028	0.570	0.600	0.477	0.763	1.624	1.771	1.251	1.236	1.004	0.820	0.643	0.804	0.950	0.694	0.604	0.661	0.722	0.484	0.489	0.481	0.446	0.496	0.485	0.606	0.491	0.516	0.496	0.486	0.597	0.566	0.515	0.652	0.640	0.636	0.694	0.896	1.827	1.137	2.176	2.073	1.692	1.207	1.308	0.997	0.828	0.725	0.733	0.813	0.702	0.686	0.806	0.775	0.676	0.674	0.901	0.690	0.693	0.677	0.718	0.688	0.700	0.673	0.708	0.702	0.776	0.908	0.725	0.850	0.911	1.078	0.877
4.275	4.194	4.145	3.781	2.759	2.547	2.587	2.703	1.986	1.807	1.577	1.541	1.531	1.558	1.541	1.509	1.536	1.578	1.502	1.504	1.577	1.557	1.455	1.541	1.649	1.480	1.361	1.546	1.571	1.299	1.194	1.472	1.308	0.774	0.722	0.934	0.788	0.320	0.352	0.028	0.003	0.028	0.436	0.567	0.893	1.685	2.371	2.198	2.092	1.889	1.790	1.598	1.618	1.888	1.611	1.408	1.457	1.637	1.420	1.293	1.312	1.357	1.240	1.147	1.350	1.244	1.100	1.021	1.226	1.206	0.952	0.922	1.274	1.132	0.828	0.904	1.353	2.110	1.481	2.428	2.232	2.286	2.221	2.183	2.046	1.824	1.661	1.742	1.878	1.673	1.693	1.930	1.828	1.598	1.722	1.943	1.577	1.529	1.688	1.599	1.378	1.396	1.445	1.376	1.282	1.411	1.478	1.267	1.336	1.420	1.267	0.913
5.368	4.806	4.750	4.451	3.050	3.244	2.538	2.759	1.959	1.778	1.776	1.673	1.769	1.915	1.764	1.665	1.842	1.875	1.714	1.686	1.847	1.834	1.686	1.668	1.858	1.755	1.533	1.645	1.804	1.511	1.376	1.570	1.625	1.184	1.184	1.374	1.146	1.185	1.364	0.570	0.028	0.004	0.033	0.272	0.588	1.417	2.729	2.207	2.168	1.995	1.833	1.734	1.749	1.873	1.866	1.704	1.621	1.791	1.662	1.495	1.497	1.624	1.432	1.372	1.619	1.432	1.244	1.246	1.362	1.229	1.150	1.170	1.264	1.188	1.417	1.144	1.313	2.078	1.442	3.458	3.172	2.544	2.229	2.151	2.119	1.903	1.879	1.896	1.936	1.890	1.845	1.924	1.941	1.850	1.861	2.038	1.905	1.791	1.825	1.982	1.729	1.586	1.748	1.887	1.418	1.370	1.832	1.580	1.401	1.484	1.579	1.215
4.985	4.502	4.416	4.205	2.778	3.058	2.464	2.632	1.945	1.834	1.542	1.470	1.639	1.655	1.458	1.499	1.696	1.533	1.401	1.519	1.598	1.419	1.381	1.507	1.488	1.327	1.369	1.514	1.371	1.206	1.383	1.424	1.118	1.076	1.301	1.049	0.756	0.859	1.120	0.600	0.436	0.033	0.004	0.029	0.572	1.269	2.225	1.749	1.603	1.377	1.283	1.170	1.290	1.408	1.310	1.220	1.214	1.244	1.064	1.057	1.072	1.028	0.981	1.009	1.271	0.943	0.917	0.958	0.921	0.927	0.917	0.901	0.980	1.040	1.068	0.949	1.329	2.138	1.938	3.110	2.746	1.977	1.648	1.538	1.482	1.196	1.183	1.201	1.221	1.173	1.147	1.225	1.214	1.152	1.142	1.279	1.229	1.153	1.130	1.277	1.258	1.151	1.193	1.395	1.450	1.257	1.640	1.769	1.834	1.936	2.037	1.719
5.325	4.817	4.805	4.398	2.806	3.083	2.765	2.913	1.984	1.457	1.283	1.191	1.286	1.359	1.217	1.149	1.328	1.309	1.116	1.140	1.300	1.211	1.016	1.131	1.214	1.009	0.912	1.099	1.037	0.792	0.872	0.939	0.866	0.687	0.856	0.668	0.695	0.911	1.044	0.477	0.567	0.272	0.029	0.004	0.029	0.656	2.220	1.940	1.704	1.631	1.486	1.355	1.347	1.593	1.449	1.224	1.161	1.309	1.225	0.983	0.952	1.143	1.019	0.873	0.960	1.078	0.967	0.878	1.020	1.176	1.063	1.005	1.287	1.303	1.233	1.073	1.586	2.397	2.274	3.183	2.756	2.282	2.134	2.045	2.100	1.852	1.736	1.633	1.789	1.761	1.635	1.724	1.808	1.702	1.584	1.747	1.790	1.678	1.569	1.779	1.866	1.709	1.705	1.981	2.081	1.896	2.072	2.348	2.323	2.290	2.430	2.052
6.209	5.605	5.655	5.193	3.501	3.854	3.524	3.653	2.758	2.103	2.138	2.036	2.156	2.227	2.051	1.973	2.186	2.154	1.921	1.944	2.134	2.021	1.775	1.904	2.028	1.720	1.555	1.807	1.713	1.348	1.369	1.490	1.549	0.995	1.133	1.139	0.994	1.001	1.153	0.763	0.893	0.588	0.572	0.029	0.004	0.029	3.169	2.844	2.561	2.447	2.311	2.118	2.077	2.333	2.199	1.886	1.831	2.037	1.877	1.572	1.558	1.811	1.530	1.334	1.506	1.567	1.284	1.174	1.432	1.511	1.250	1.190	1.602	1.546	1.357	1.256	1.883	2.573	2.601	4.203	3.831	3.236	2.900	2.850	2.881	2.600	2.451	2.407	2.573	2.491	2.343	2.473	2.548	2.384	2.273	2.463	2.481	2.278	2.173	2.469	2.446	2.206	2.228	2.618	2.536	2.292	2.632	2.976	2.741	2.595	2.813	2.284
6.310	5.686	5.743	5.297	3.834	4.045	3.528	3.644	2.927	2.480	2.489	2.361	2.531	2.557	2.352	2.334	2.590	2.439	2.254	2.317	2.441	2.312	2.189	2.279	2.317	2.138	2.090	2.223	2.102	1.956	2.025	2.007	1.995	1.825	1.908	1.800	1.796	1.864	2.005	1.624	1.685	1.417	1.269	0.656	0.029	0.004	3.298	2.870	2.602	2.604	2.415	2.377	2.250	2.337	2.512	2.311	2.155	2.255	2.352	2.107	2.069	2.232	2.141	2.022	2.093	2.177	2.059	1.985	2.089	2.221	2.103	2.038	2.306	2.339	2.254	2.028	2.553	3.156	3.257	4.413	4.129	3.584	3.199	3.062	3.194	2.930	2.849	2.694	2.812	2.843	2.678	2.691	2.835	2.769	2.576	2.684	2.853	2.715	2.511	2.796	2.945	2.701	2.656	3.055	3.140	2.824	3.023	3.628	3.473	3.264	3.443	2.780
4.860	4.057	5.433	4.515	4.205	3.803	3.658	2.299	2.167	1.678	1.638	1.507	1.393	1.471	1.366	1.207	1.464	1.308	1.190	1.300	1.629	1.662	1.438	1.640	1.847	1.412	1.607	2.100	1.862	1.697	1.766	1.930	1.637	1.726	1.840	1.784	1.652	1.738	2.118	1.771	2.371	2.729	2.225	2.220	3.169	3.298	0.003	0.028	0.648	0.603	0.652	0.851	0.719	0.911	1.093	0.753	0.812	1.546	1.012	0.926	1.101	1.261	1.053	1.170	1.418	1.174	1.198	1.580	1.426	1.255	1.349	1.521	1.349	1.320	1.641	1.674	1.388	1.593	1.776	0.042	0.624	1.126	0.820	1.120	1.383	1.029	0.974	0.911	0.850	0.859	0.894	1.296	1.271	1.158	1.349	1.903	1.449	1.380	1.509	1.713	1.508	1.466	1.634	1.745	1.548	1.560	1.671	1.826	1.598	1.564	1.832	2.291
5.258	4.482	5.391	4.967	4.429	4.670	4.640	3.213	2.941	2.563	2.507	2.209	2.091	2.281	2.007	1.761	1.726	1.436	1.257	1.389	1.266	1.300	1.181	1.207	1.399	0.924	1.078	1.313	1.227	1.088	1.116	1.269	1.203	1.114	1.184	1.232	1.100	1.133	1.418	1.251	2.198	2.207	1.749	1.940	2.844	2.870	0.028	0.004	0.028	0.349	0.769	0.629	0.859	1.113	0.794	0.750	0.874	1.097	1.024	0.975	0.974	1.024	0.922	0.986	0.971	0.912	0.932	1.088	0.945	0.890	0.905	0.959	0.912	0.879	1.006	1.139	0.935	1.125	1.943	0.630	1.464	1.945	1.202	1.645	1.490	1.277	1.041	0.712	1.044	1.051	0.920	0.936	1.372	1.170	1.040	1.526	1.361	1.199	1.122	1.321	1.297	1.152	1.198	1.487	1.260	1.204	1.340	1.654	1.380	1.270	1.602	2.149
3.038	2.723	3.725	3.414	3.611	3.187	3.527	1.889	2.032	1.515	1.510	1.316	1.081	1.259	1.209	0.953	0.950	0.990	0.785	0.955	1.216	1.595	1.092	1.165	1.457	0.908	1.128	1.395	1.339	1.169	1.198	1.341	1.204	1.169	1.255	1.262	1.097	1.166	1.481	1.236	2.092	2.168	1.603	1.704	2.561	2.602	0.648	0.028	0.004	0.028	0.396	0.763	0.594	0.506	0.637	0.449	0.425	1.071	0.691	0.557	0.579	0.863	0.600	0.615	0.851	0.712	0.672	0.954	0.867	0.709	0.746	0.884	0.809	0.732	0.893	1.099	0.811	0.940	1.922	1.331	2.087	1.823	1.550	1.162	1.474	1.219	1.073	0.924	0.973	0.897	0.666	0.835	1.017	0.828	0.840	1.219	0.946	0.852	0.910	1.045	0.914	0.937	0.972	1.112	0.919	0.932	1.010	1.252	1.090	0.960	1.256	1.884
2.791	2.417	3.300	3.080	3.265	2.906	3.393	1.855	2.011	1.443	1.522	1.300	0.926	1.020	1.085	0.874	0.793	0.681	0.883	0.983	0.957	1.302	1.120	1.120	1.228	0.864	1.068	1.076	1.030	0.992	1.029	1.049	0.995	0.985	1.031	1.009	0.936	0.977	1.117	1.004	1.889	1.995	1.377	1.631	2.447	2.604	0.603	0.349	0.028	0.004	0.028	0.416	0.349	0.657	0.744	0.594	0.589	1.020	0.978	0.731	0.706	1.071	0.815	0.762	0.901	0.943	0.869	0.907	0.932	0.899	0.874	0.908	0.950	0.902	0.894	0.989	0.947	1.061	2.357	1.272	2.203	2.076	1.416	1.252	1.052	0.572	0.330	0.220	0.470	0.435	0.533	0.487	0.665	0.537	0.602	0.921	0.592	0.586	0.776	0.694	0.588	0.783	0.660	0.738	0.618	0.695	0.658	0.875	0.922	0.699	0.850	1.806
2.205	1.986	2.798	2.540	2.791	2.379	3.135	1.730	2.029	1.622	1.608	1.498	1.269	1.253	1.205	1.193	1.104	0.966	0.832	1.183	1.171	1.381	1.115	1.150	1.089	0.601	0.962	1.026	0.889	0.805	0.895	0.939	0.883	0.791	0.881	0.893	0.718	0.766	1.020	0.820	1.790	1.833	1.283	1.486	2.311	2.415	0.652	0.769	0.396	0.028	0.004	0.032	0.381	0.211	0.332	0.351	0.349	0.515	0.474	0.458	0.414	0.554	0.461	0.447	0.646	0.483	0.461	0.634	0.597	0.449	0.490	0.494	0.545	0.461	0.468	0.656	0.538	0.659	2.307	1.369	2.869	2.362	1.507	1.506	1.073	0.598	0.471	0.530	0.510	0.447	0.615	0.654	0.646	0.551	0.541	0.760	0.547	0.685	0.746	0.693	0.591	0.863	0.668	0.685	0.573	0.678	0.627	0.850	0.834	0.602	0.753	1.540
2.432	2.012	2.918	2.444	2.965	2.447	3.495	1.883	2.167	1.788	1.863	1.641	1.436	1.385	1.272	1.127	0.978	0.653	0.663	0.850	0.744	0.897	0.910	0.763	0.746	0.526	0.840	0.770	0.715	0.686	0.737	0.730	0.746	0.631	0.714	0.713	0.586	0.614	0.767	0.643	1.598	1.734	1.170	1.355	2.118	2.377	0.851	0.629	0.763	0.416	0.032	0.004	0.028	0.201	0.258	0.243	0.286	0.270	0.385	0.433	0.426	0.372	0.571	0.471	0.495	0.431	0.486	0.561	0.525	0.430	0.522	0.422	0.492	0.448	0.434	0.520	0.493	0.646	2.459	1.311	2.808	2.357	1.686	1.616	1.180	0.642	0.804	0.331	0.418	0.457	0.753	0.646	0.512	0.515	0.560	0.591	0.552	0.756	0.761	0.650	0.647	0.914	0.619	0.633	0.666	0.707	0.596	0.794	0.980	0.710	0.855	1.632
2.738	1.954	2.874	2.110	2.505	1.874	2.991	1.735	1.980	1.699	1.645	1.527	1.374	1.124	1.345	1.102	1.008	0.532	0.813	0.988	0.890	0.987	1.041	0.934	0.737	0.657	1.053	0.972	0.887	0.858	0.969	0.944	0.918	0.785	0.917	0.928	0.710	0.753	1.021	0.804	1.618	1.749	1.290	1.347	2.077	2.250	0.719	0.859	0.594	0.349	0.381	0.028	0.004	0.029	0.164	0.298	0.305	0.306	0.306	0.404	0.424	0.363	0.426	0.497	0.544	0.369	0.442	0.719	0.600	0.405	0.620	0.441	0.491	0.431	0.452	0.489	0.501	0.685	2.379	1.482	3.073	2.462	1.667	1.620	1.106	0.587	0.689	0.449	0.429	0.439	0.717	0.840	0.627	0.594	0.653	0.703	0.676	0.895	0.872	0.853	0.748	1.035	0.855	0.832	0.730	0.845	0.789	0.902	0.932	0.723	0.799	1.473
2.161	2.165	2.743	2.568	2.434	2.170	2.504	1.410	1.284	0.867	0.788	0.530	0.574	0.589	0.258	0.633	0.661	0.313	0.551	0.867	0.847	1.322	1.140	1.126	1.006	0.842	1.077	1.148	1.122	0.952	1.046	1.127	1.106	0.889	1.031	1.101	0.813	0.843	1.182	0.950	1.888	1.873	1.408	1.593	2.333	2.337	0.911	1.113	0.506	0.657	0.211	0.201	0.029	0.004	0.028	0.158	0.277	0.257	0.326	0.272	0.345	0.391	0.350	0.374	0.716	0.437	0.385	0.682	0.674	0.446	0.534	0.496	0.595	0.479	0.476	0.607	0.584	0.744	2.281	1.673	2.965	2.381	1.524	1.564	1.165	0.711	0.750	0.622	0.930	0.932	0.876	1.270	1.300	1.228	0.929	1.184	1.189	0.976	0.989	1.204	1.071	1.115	1.085	1.124	0.897	0.935	0.994	1.296	0.910	0.799	0.854	1.378
2.237	2.070	2.741	2.462	2.575	2.137	2.689	1.412	1.478	1.151	1.022	0.824	0.534	0.525	0.588	0.619	0.428	0.554	0.528	0.560	0.550	0.754	0.805	0.704	1.015	0.656	0.740	0.760	0.799	0.688	0.712	0.762	0.827	0.647	0.719	0.772	0.659	0.638	0.752	0.694	1.611	1.866	1.310	1.449	2.199	2.512	1.093	0.794	0.637	0.744	0.332	0.258	0.164	0.028	0.004	0.029	0.189	0.262	0.300	0.406	0.381	0.439	0.379	0.410	0.489	0.373	0.386	0.512	0.522	0.368	0.427	0.389	0.481	0.393	0.385	0.564	0.468	0.660	2.372	1.563	2.350	2.076	1.545	1.491	1.058	0.532	0.609	0.285	0.567	0.438	0.269	0.427	0.433	0.451	0.592	0.602	0.512	0.833	0.896	0.706	0.682	0.935	0.691	0.673	0.793	0.792	0.702	0.759	1.125	0.852	0.994	1.790
2.382	1.867	2.726	2.037	2.372	1.685	2.632	1.397	1.717	1.740	1.367	1.325	0.949	0.641	0.965	0.915	0.515	0.455	0.323	0.406	0.347	0.514	0.568	0.450	0.497	0.454	0.770	0.568	0.581	0.625	0.655	0.609	0.717	0.602	0.649	0.639	0.584	0.586	0.663	0.604	1.408	1.704	1.220	1.224	1.886	2.311	0.753	0.750	0.449	0.594	0.351	0.243	0.298	0.158	0.029	0.004	0.028	0.192	0.342	0.340	0.468	0.421	0.539	0.480	0.452	0.451	0.492	0.576	0.575	0.467	0.581	0.473	0.514	0.483	0.481	0.502	0.519	0.663	2.464	1.307	2.604	2.085	1.470	1.405	0.934	0.580	0.881	0.661	0.528	0.548	0.760	0.738	0.544	0.602	0.531	0.548	0.551	0.920	0.848	0.715	0.753	0.993	0.754	0.729	0.823	0.846	0.770	0.793	1.083	0.834	0.913	1.761
2.368	1.859	2.583	1.973	2.105	1.542	2.118	1.163	1.266	1.311	0.815	0.749	0.574	0.541	0.698	0.750	0.476	0.565	0.306	0.424	0.390	0.475	0.512	0.433	0.428	0.516	0.810	0.614	0.640	0.711	0.734	0.692	0.799	0.655	0.727	0.735	0.611	0.625	0.796	0.661	1.457	1.621	1.214	1.161	1.831	2.155	0.812	0.874	0.425	0.589	0.349	0.286	0.305	0.277	0.189	0.028	0.004	0.028	0.164	0.258	0.337	0.302	0.285	0.363	0.420	0.333	0.347	0.667	0.546	0.370	0.576	0.402	0.466	0.400	0.412	0.433	0.477	0.722	2.301	1.484	2.826	2.233	1.466	1.450	0.945	0.538	0.817	0.628	0.536	0.559	0.752	0.792	0.635	0.663	0.565	0.618	0.648	0.988	0.898	0.833	0.751	0.996	0.880	0.835	0.771	0.854	0.806	0.821	0.919	0.751	0.790	1.514
2.638	2.646	2.936	2.858	2.487	2.300	2.204	1.584	1.186	1.086	0.815	0.581	0.794	0.963	0.692	0.690	0.908	1.028	0.331	0.850	0.755	0.263	1.068	0.995	0.714	0.499	0.945	0.937	0.749	0.755	0.844	0.835	0.813	0.682	0.805	0.805	0.633	0.655	0.876	0.722	1.637	1.791	1.244	1.309	2.037	2.255	1.546	1.097	1.071	1.020	0.515	0.270	0.306	0.257	0.262	0.192	0.028	0.004	0.028	0.176	0.258	0.174	0.255	0.198	0.411	0.269	0.248	0.458	0.470	0.262	0.294	0.279	0.393	0.288	0.268	0.442	0.379	0.563	2.190	1.744	2.633	2.307	1.468	1.572	1.158	0.855	0.826	0.759	0.922	0.863	0.859	1.094	0.926	0.870	0.649	0.722	0.779	1.058	0.852	0.849	0.810	1.052	0.827	0.814	0.758	0.809	0.763	0.894	0.923	0.693	0.784	1.438
2.193	2.024	2.597	2.225	2.226	1.756	2.231	1.236	1.267	1.365	0.824	0.747	0.488	0.527	0.634	0.662	0.466	0.734	0.377	0.417	0.488	0.604	0.594	0.456	0.625	0.488	0.628	0.491	0.589	0.496	0.494	0.504	0.645	0.465	0.494	0.503	0.463	0.457	0.518	0.484	1.420	1.662	1.064	1.225	1.877	2.352	1.012	1.024	0.691	0.978	0.474	0.385	0.306	0.326	0.300	0.342	0.164	0.028	0.004	0.029	0.175	0.356	0.205	0.223	0.243	0.280	0.254	0.266	0.460	0.250	0.307	0.265	0.358	0.281	0.269	0.339	0.328	0.548	2.330	1.652	2.224	1.691	1.537	1.347	1.199	1.172	1.466	0.965	1.035	1.097	1.133	1.144	0.967	0.926	0.811	0.887	0.884	0.876	0.934	0.833	0.787	0.896	0.685	0.707	0.773	0.738	0.682	0.771	1.044	0.805	0.901	1.727
