0.002	0.029	0.462	0.755	1.340	0.840	0.889	1.084	1.188	1.838	2.381	2.383	1.421	1.489	1.942	1.507	1.691	1.509	1.742	1.482	1.700	1.538	1.341	1.589	1.542	1.449	1.360	1.501	1.445	1.286	1.241	1.335	1.347	1.196	1.200	1.240	1.247	1.183	1.174	1.178	1.114	1.301	1.325	1.365	1.546	1.679	2.860	2.638	2.674	2.755	2.711	2.863	2.655	2.050	2.401	2.770	2.210	2.116	2.354	2.190	1.798	1.859	2.174	1.538	1.481	1.570	1.499	1.344	1.283	1.370	1.288	1.176	1.211	1.427	1.298	1.286	1.204	1.676	1.438	3.273	3.266	3.004	2.779	3.050	2.901	3.039	3.052	2.561	2.684	2.683	2.404	2.313	2.435	2.410	1.983	2.123	2.358	1.984	1.767	1.912	2.356	1.805	1.718	1.807	1.762	1.769	1.689	1.897	1.897	1.839	1.869	1.755
0.029	0.004	0.029	0.385	0.384	0.936	1.377	1.443	1.920	1.518	1.508	1.332	1.540	1.665	1.466	1.269	2.280	1.773	1.355	1.752	2.205	1.852	1.529	2.069	2.025	1.741	1.739	2.234	1.947	1.623	1.763	1.889	1.813	1.594	1.785	1.807	1.695	1.692	1.722	1.731	1.690	1.594	1.615	1.797	1.984	2.122	2.378	2.176	1.944	1.647	1.345	1.382	1.337	1.460	1.312	1.450	1.275	1.312	1.276	1.372	1.250	1.260	1.412	1.370	1.371	1.305	1.497	1.623	1.465	1.473	1.742	1.669	1.633	1.887	1.890	1.916	1.759	2.528	1.883	2.136	2.228	2.030	1.403	1.935	1.772	1.799	1.810	1.778	1.654	1.486	1.502	1.755	1.510	1.363	1.478	1.432	1.313	1.293	1.518	1.339	1.616	1.373	1.377	1.344	1.373	1.679	1.478	1.534	1.489	1.703	1.643	1.808
0.462	0.029	0.004	0.028	0.465	0.525	0.928	0.996	1.343	1.050	1.021	0.927	1.340	1.462	1.284	1.158	2.092	1.628	1.315	1.570	1.978	1.693	1.417	1.826	1.847	1.606	1.640	2.155	1.755	1.521	1.654	1.733	1.672	1.543	1.679	1.686	1.606	1.615	1.671	1.639	1.682	1.596	1.641	1.857	2.097	2.235	2.318	2.072	1.770	1.488	1.146	1.120	1.099	1.321	1.163	1.276	1.173	1.241	1.190	1.353	1.226	1.227	1.390	1.438	1.339	1.336	1.571	1.655	1.508	1.541	1.846	1.734	1.703	1.979	1.960	1.965	1.842	2.648	2.003	2.174	2.290	2.097	1.276	1.986	1.750	1.806	1.812	1.748	1.654	1.477	1.448	1.789	1.517	1.309	1.436	1.396	1.243	1.261	1.466	1.295	1.505	1.372	1.350	1.320	1.371	1.669	1.471	1.524	1.501	1.719	1.715	1.789
0.755	0.385	0.028	0.004	0.029	0.434	0.590	0.826	0.627	0.795	1.112	0.887	0.851	0.815	0.791	0.861	1.001	0.845	0.805	1.015	1.115	0.889	1.010	1.414	1.052	0.912	1.342	1.262	1.020	0.950	1.130	1.076	0.999	1.075	1.111	1.069	1.027	1.122	1.258	1.067	1.256	1.405	1.509	1.701	1.976	1.988	2.020	1.562	1.425	1.972	1.583	1.354	1.113	0.865	0.966	1.203	0.920	0.877	0.997	1.253	0.978	0.967	1.361	1.262	1.018	1.122	1.396	1.370	1.233	1.301	1.583	1.402	1.389	1.707	1.602	1.555	1.493	2.061	1.732	2.225	2.213	1.957	1.301	1.743	1.552	1.650	1.653	1.267	1.321	1.330	1.096	1.161	1.144	1.125	0.951	0.989	1.096	1.052	1.033	0.971	1.491	1.180	1.047	1.066	1.178	1.462	1.231	1.357	1.483	1.524	1.674	1.469
1.340	0.384	0.465	0.029	0.004	0.029	0.298	0.573	0.729	0.676	1.053	0.877	0.765	1.070	1.069	0.872	1.195	0.982	0.875	0.877	1.067	0.981	0.816	1.166	1.027	0.875	1.114	1.154	0.931	0.838	0.971	0.951	0.885	0.902	0.940	0.927	0.884	0.947	1.091	0.926	1.228	1.398	1.506	1.628	1.914	1.936	2.969	2.495	2.177	1.933	1.635	1.641	1.297	1.178	1.230	1.358	1.004	0.998	1.108	1.262	0.946	0.918	1.257	1.190	0.885	0.992	1.291	1.335	1.043	1.151	1.536	1.264	1.231	1.597	1.522	1.429	1.388	2.080	1.644	2.825	2.923	2.793	2.026	2.603	2.353	2.359	2.282	1.994	2.005	1.877	1.368	1.716	1.637	1.382	1.214	1.315	1.244	1.057	1.212	1.089	1.247	1.230	1.102	1.064	1.170	1.557	1.303	1.263	1.495	1.614	1.646	1.534
0.840	0.936	0.525	0.434	0.029	0.004	0.029	0.321	0.811	0.661	0.824	0.635	0.789	1.169	1.006	0.825	1.498	1.142	0.979	1.069	1.314	1.165	1.031	1.323	1.297	1.094	1.233	1.449	1.180	1.048	1.161	1.218	1.123	1.002	1.167	1.189	1.089	1.099	1.356	1.164	1.567	1.807	1.907	1.980	2.218	2.271	2.929	2.468	2.103	1.850	1.484	1.433	1.152	1.152	1.134	1.233	0.954	0.979	1.010	1.122	0.917	0.911	1.083	1.130	0.926	0.965	1.147	1.375	1.078	1.088	1.328	1.233	1.196	1.323	1.372	1.573	1.306	2.087	1.474	2.818	2.948	2.796	1.953	2.592	2.282	2.275	2.193	1.997	1.949	1.781	1.335	1.733	1.588	1.294	1.235	1.291	1.166	1.009	1.189	1.068	1.207	1.132	1.045	1.011	1.066	1.379	1.161	1.140	1.253	1.398	1.399	1.468
0.889	1.377	0.928	0.590	0.298	0.029	0.004	0.029	0.451	0.328	0.714	0.623	0.883	1.628	1.256	0.824	1.863	1.532	1.237	1.285	1.772	1.624	1.297	1.600	1.788	1.448	1.341	1.769	1.563	1.354	1.379	1.553	1.464	1.195	1.421	1.510	1.371	1.279	1.616	1.459	1.922	2.213	2.307	2.363	2.614	2.686	3.319	2.917	2.402	2.010	1.725	1.519	1.254	1.434	1.335	1.307	1.047	1.171	1.135	1.172	0.965	0.981	1.091	1.085	0.981	0.958	1.082	1.332	1.093	1.021	1.235	1.155	1.109	1.191	1.257	1.499	1.212	1.983	1.405	2.919	3.013	2.970	2.344	2.847	2.586	2.496	2.365	2.392	2.274	2.053	1.589	2.125	1.911	1.536	1.564	1.630	1.441	1.185	1.484	1.351	1.253	1.310	1.273	1.211	1.207	1.562	1.358	1.237	1.398	1.569	1.497	1.650
1.084	1.443	0.996	0.826	0.573	0.321	0.029	0.004	0.032	0.283	0.434	0.468	0.927	1.258	1.069	0.857	1.626	1.320	1.131	1.221	1.531	1.347	1.195	1.382	1.475	1.262	1.291	1.504	1.347	1.221	1.296	1.377	1.273	1.124	1.289	1.341	1.235	1.210	1.474	1.307	1.725	1.976	2.081	2.124	2.345	2.381	2.408	2.103	1.858	1.938	1.466	1.312	1.148	1.218	1.152	1.241	1.047	1.095	1.097	1.134	1.006	1.011	1.060	1.106	1.040	1.009	1.079	1.338	1.124	1.062	1.234	1.170	1.137	1.171	1.240	1.451	1.225	1.848	1.409	2.291	2.610	2.342	1.643	2.304	1.947	2.026	2.058	1.897	1.833	1.720	1.381	1.762	1.619	1.385	1.375	1.413	1.287	1.154	1.362	1.238	1.238	1.323	1.237	1.185	1.233	1.580	1.361	1.256	1.430	1.588	1.523	1.644
1.188	1.920	1.343	0.627	0.729	0.811	0.451	0.032	0.004	0.029	0.370	0.245	0.441	0.748	0.510	0.612	1.043	0.742	0.553	0.815	0.955	0.732	0.842	1.204	0.922	0.756	1.205	1.138	0.879	0.786	1.008	0.979	0.859	0.889	0.990	0.964	0.888	0.991	1.172	0.950	1.318	1.583	1.701	1.819	2.063	2.041	1.826	1.428	1.187	1.807	1.166	0.821	0.704	0.552	0.590	1.011	0.700	0.627	0.789	1.205	0.811	0.774	1.219	1.183	0.892	0.979	1.259	1.377	1.118	1.166	1.431	1.275	1.267	1.485	1.387	1.562	1.363	2.091	1.531	1.800	1.966	1.644	0.902	1.475	1.195	1.369	1.413	1.097	1.056	1.093	0.845	1.057	0.948	0.910	0.736	0.774	0.859	0.841	0.839	0.754	1.243	0.992	0.825	0.855	1.015	1.239	1.026	1.196	1.261	1.344	1.377	1.319
1.838	1.518	1.050	0.795	0.676	0.661	0.328	0.283	0.029	0.004	0.032	0.214	0.261	0.378	0.597	0.518	0.717	0.749	0.822	0.830	0.823	0.848	0.884	0.921	0.850	0.822	1.139	0.793	0.800	0.753	0.790	0.783	0.805	0.793	0.781	0.784	0.796	0.815	1.068	0.769	1.210	1.529	1.654	1.724	1.932	1.903	1.352	0.990	0.959	2.058	1.359	1.159	1.172	1.013	1.048	1.197	0.931	0.930	0.973	1.088	0.884	0.887	1.122	1.052	0.847	0.940	1.097	1.241	0.966	1.005	1.189	0.989	1.019	1.232	1.079	1.159	1.054	1.426	1.317	1.558	1.796	1.365	1.186	1.151	1.065	1.186	1.270	1.014	1.039	1.127	1.050	1.016	1.042	1.075	0.902	0.950	1.088	0.980	0.904	0.912	1.409	1.012	0.886	0.937	1.023	1.288	1.053	1.178	1.370	1.381	1.475	1.311
2.381	1.508	1.021	1.112	1.053	0.824	0.714	0.434	0.370	0.032	0.004	0.032	0.201	0.335	0.555	0.329	0.306	0.369	0.378	0.326	0.405	0.566	0.379	0.422	0.525	0.436	0.710	0.425	0.403	0.498	0.486	0.430	0.552	0.608	0.485	0.466	0.531	0.621	0.758	0.513	1.070	1.308	1.419	1.464	1.677	1.780	1.396	1.080	1.019	1.854	1.350	0.892	0.792	0.672	0.715	0.968	0.764	0.706	0.812	1.104	0.791	0.755	1.085	1.023	0.704	0.817	1.042	1.101	0.769	0.872	1.139	0.845	0.853	1.069	0.971	0.925	0.911	1.273	1.213	1.652	1.891	1.459	0.945	1.494	1.190	1.462	1.544	1.122	1.184	1.256	0.950	1.121	1.107	1.037	0.888	0.949	0.939	0.887	0.981	0.871	1.101	1.212	0.980	0.945	1.132	1.502	1.214	1.219	1.580	1.535	1.585	1.420
2.383	1.332	0.927	0.887	0.877	0.635	0.623	0.468	0.245	0.214	0.032	0.004	0.029	0.162	0.226	0.198	0.235	0.220	0.258	0.247	0.258	0.350	0.280	0.325	0.332	0.320	0.685	0.339	0.300	0.424	0.447	0.370	0.449	0.586	0.435	0.401	0.477	0.601	0.735	0.450	1.023	1.259	1.385	1.431	1.622	1.727	1.229	0.874	0.865	1.798	1.261	0.739	0.624	0.412	0.519	0.783	0.696	0.603	0.719	1.028	0.817	0.768	1.019	1.067	0.751	0.862	1.062	1.126	0.787	0.912	1.156	0.869	0.878	1.043	0.998	0.906	0.933	1.218	1.216	1.548	1.705	1.231	1.034	1.064	0.842	1.084	1.170	0.787	0.819	0.931	0.788	0.855	0.841	0.853	0.732	0.767	0.803	0.849	0.905	0.794	1.053	1.264	0.986	0.951	1.183	1.562	1.266	1.256	1.675	1.607	1.646	1.448
1.421	1.540	1.340	0.851	0.765	0.789	0.883	0.927	0.441	0.261	0.201	0.029	0.004	0.028	0.174	0.296	0.207	0.242	0.239	0.251	0.355	0.280	0.275	0.495	0.395	0.304	0.676	0.479	0.334	0.313	0.424	0.380	0.357	0.383	0.376	0.378	0.374	0.403	0.642	0.404	1.067	1.323	1.425	1.474	1.708	1.763	1.197	0.801	0.801	2.001	0.767	0.607	0.555	0.423	0.395	0.690	0.479	0.461	0.429	0.703	0.509	0.488	0.579	0.878	0.613	0.587	0.792	0.887	0.675	0.682	0.949	0.686	0.709	0.779	0.838	0.865	0.791	1.555	1.035	1.391	1.723	1.211	0.843	1.219	0.857	1.023	1.148	0.898	0.827	0.783	0.735	0.913	0.758	0.658	0.606	0.608	0.559	0.589	0.722	0.559	0.790	0.827	0.664	0.602	0.754	1.235	0.919	0.790	1.145	1.276	1.207	1.357
1.489	1.665	1.462	0.815	1.070	1.169	1.628	1.258	0.748	0.378	0.335	0.162	0.028	0.004	0.028	0.150	0.254	0.198	0.200	0.223	0.353	0.318	0.228	0.311	0.549	0.290	0.461	0.447	0.319	0.289	0.332	0.319	0.388	0.324	0.307	0.328	0.345	0.344	0.535	0.370	1.130	1.323	1.398	1.420	1.649	1.803	1.259	0.988	0.957	2.064	0.774	0.760	0.595	0.472	0.467	0.525	0.522	0.542	0.446	0.602	0.493	0.482	0.505	0.704	0.643	0.530	0.586	0.819	0.645	0.595	0.758	0.594	0.636	0.606	0.748	0.753	0.729	1.482	1.003	1.329	1.795	1.351	0.917	1.419	0.986	1.137	1.261	1.015	0.963	0.928	0.806	1.015	0.895	0.771	0.705	0.740	0.688	0.658	0.798	0.656	0.772	0.914	0.750	0.674	0.827	1.281	0.982	0.812	1.209	1.296	1.218	1.400
1.942	1.466	1.284	0.791	1.069	1.006	1.256	1.069	0.510	0.597	0.555	0.226	0.174	0.028	0.004	0.028	0.147	0.234	0.152	0.183	0.205	0.380	0.200	0.222	0.332	0.261	0.437	0.262	0.261	0.315	0.327	0.283	0.434	0.411	0.328	0.311	0.367	0.416	0.574	0.365	1.051	1.210	1.317	1.334	1.512	1.705	1.253	0.837	0.881	1.724	0.867	0.524	0.594	0.288	0.412	0.686	0.643	0.501	0.583	0.789	0.653	0.576	0.684	0.810	0.582	0.593	0.700	0.849	0.595	0.615	0.800	0.579	0.597	0.610	0.724	0.691	0.688	1.251	1.017	1.374	1.666	1.183	0.949	1.172	0.816	1.086	1.214	0.812	0.854	0.961	0.755	0.927	0.899	0.866	0.702	0.785	0.765	0.743	0.820	0.700	0.902	1.051	0.811	0.759	0.964	1.366	1.054	0.978	1.402	1.378	1.329	1.360
1.507	1.269	1.158	0.861	0.872	0.825	0.824	0.857	0.612	0.518	0.329	0.198	0.296	0.150	0.028	0.004	0.028	0.141	0.210	0.158	0.202	0.214	0.231	0.250	0.251	0.234	0.634	0.273	0.255	0.288	0.351	0.299	0.305	0.391	0.323	0.316	0.338	0.411	0.641	0.357	0.986	1.251	1.362	1.399	1.584	1.675	1.073	0.650	0.678	1.810	0.694	0.568	0.610	0.390	0.402	0.793	0.598	0.425	0.551	0.776	0.627	0.634	0.712	0.921	0.638	0.766	0.874	1.150	0.792	0.873	0.998	0.902	0.922	0.969	0.990	0.977	1.008	1.556	1.220	1.298	1.560	0.996	1.005	0.937	0.702	0.837	0.959	0.728	0.654	0.692	0.735	0.770	0.642	0.646	0.522	0.525	0.584	0.676	0.668	0.544	1.025	0.874	0.660	0.661	0.857	1.201	0.916	0.954	1.230	1.268	1.244	1.290
1.691	2.280	2.092	1.001	1.195	1.498	1.863	1.626	1.043	0.717	0.306	0.235	0.207	0.254	0.147	0.028	0.004	0.028	0.139	0.233	0.184	0.239	0.242	0.428	0.359	0.290	0.501	0.516	0.316	0.289	0.373	0.336	0.342	0.311	0.332	0.348	0.354	0.330	0.558	0.388	1.089	1.335	1.418	1.441	1.674	1.768	1.110	0.730	0.740	1.785	0.538	0.420	0.431	0.346	0.307	0.427	0.388	0.610	0.302	0.534	0.443	0.434	0.420	0.695	0.723	0.554	0.584	0.766	0.749	0.650	0.758	0.626	0.723	0.647	0.790	0.802	0.802	1.761	1.023	1.211	1.577	1.045	0.890	1.019	0.782	0.828	0.956	0.808	0.716	0.635	0.749	0.889	0.662	0.557	0.551	0.547	0.498	0.542	0.666	0.518	0.663	0.679	0.593	0.527	0.633	1.137	0.848	0.658	0.972	1.196	1.146	1.485
1.509	1.773	1.628	0.845	0.982	1.142	1.532	1.320	0.742	0.749	0.369	0.220	0.242	0.198	0.234	0.141	0.028	0.004	0.028	0.143	0.220	0.183	0.200	0.233	0.487	0.258	0.254	0.326	0.287	0.273	0.275	0.289	0.367	0.295	0.289	0.308	0.328	0.331	0.474	0.364	1.132	1.292	1.354	1.353	1.548	1.755	1.040	0.693	0.831	1.863	0.611	0.490	0.388	0.253	0.421	0.351	0.345	0.554	0.329	0.360	0.413	0.418	0.382	0.552	0.695	0.495	0.492	0.706	0.649	0.570	0.626	0.544	0.672	0.552	0.721	0.684	0.755	1.534	1.045	1.148	1.559	1.111	0.846	1.325	0.965	1.130	1.324	1.089	1.059	1.007	0.815	1.098	0.955	0.713	0.610	0.676	0.610	0.598	0.736	0.588	0.622	0.807	0.684	0.601	0.723	1.210	0.926	0.736	1.089	1.233	1.189	1.476
1.742	1.355	1.315	0.805	0.875	0.979	1.237	1.131	0.553	0.822	0.378	0.258	0.239	0.200	0.152	0.210	0.139	0.028	0.004	0.028	0.152	0.246	0.135	0.215	0.214	0.209	0.304	0.220	0.221	0.260	0.268	0.248	0.368	0.414	0.269	0.266	0.345	0.373	0.517	0.321	0.996	1.206	1.306	1.300	1.447	1.658	1.033	0.720	0.696	1.304	0.527	0.443	0.580	0.243	0.295	0.249	0.245	0.294	0.283	0.454	0.378	0.416	0.388	0.573	0.562	0.456	0.465	0.819	0.559	0.491	0.678	0.533	0.533	0.507	0.660	0.635	0.645	1.132	1.090	1.365	1.431	0.923	1.447	0.675	0.691	0.622	0.724	0.677	0.568	0.545	0.680	0.647	0.539	0.559	0.525	0.508	0.514	0.586	0.740	0.559	0.779	0.989	0.744	0.658	0.855	1.373	1.015	0.829	1.385	1.358	1.247	1.303
1.482	1.752	1.570	1.015	0.877	1.069	1.285	1.221	0.815	0.830	0.326	0.247	0.251	0.223	0.183	0.158	0.233	0.143	0.028	0.004	0.027	0.156	0.317	0.191	0.236	0.241	0.452	0.259	0.236	0.236	0.317	0.275	0.273	0.279	0.281	0.293	0.303	0.299	0.564	0.337	0.968	1.263	1.369	1.385	1.555	1.660	1.045	0.686	0.712	1.512	0.512	0.396	0.454	0.329	0.312	0.299	0.341	0.620	0.321	0.450	0.449	0.457	0.450	0.646	0.668	0.563	0.576	0.726	0.771	0.632	0.687	0.594	0.712	0.618	0.755	0.742	0.781	1.735	1.001	1.254	1.456	0.941	1.106	0.716	0.663	0.640	0.764	0.657	0.565	0.510	0.722	0.767	0.486	0.462	0.445	0.419	0.410	0.520	0.626	0.461	0.735	0.616	0.548	0.491	0.597	1.124	0.840	0.644	0.950	1.214	1.174	1.558
1.700	2.205	1.978	1.115	1.067	1.314	1.772	1.531	0.955	0.823	0.405	0.258	0.355	0.353	0.205	0.202	0.184	0.220	0.152	0.027	0.004	0.028	0.146	0.277	0.248	0.322	0.317	0.498	0.336	0.340	0.378	0.353	0.356	0.352	0.366	0.368	0.380	0.377	0.503	0.418	1.137	1.331	1.391	1.392	1.582	1.738	1.091	0.817	0.898	1.826	0.578	0.403	0.443	0.374	0.460	0.311	0.359	0.707	0.377	0.390	0.400	0.504	0.403	0.613	0.757	0.618	0.584	0.704	0.834	0.730	0.672	0.675	0.877	0.702	0.849	0.788	0.930	1.876	1.126	1.191	1.521	1.083	0.959	0.884	0.773	0.647	0.840	0.772	0.628	0.522	0.693	0.832	0.563	0.451	0.501	0.513	0.473	0.594	0.715	0.557	0.533	0.671	0.631	0.569	0.627	1.097	0.889	0.726	0.917	1.212	1.235	1.703
1.538	1.852	1.693	0.889	0.981	1.165	1.624	1.347	0.732	0.848	0.566	0.350	0.280	0.318	0.380	0.214	0.239	0.183	0.246	0.156	0.028	0.004	0.028	0.163	0.257	0.216	0.228	0.236	0.244	0.253	0.245	0.261	0.329	0.281	0.277	0.281	0.310	0.326	0.414	0.350	1.111	1.262	1.328	1.295	1.434	1.701	1.190	1.009	0.936	1.624	0.877	0.517	0.476	0.504	0.634	0.440	0.426	0.297	0.503	0.525	0.533	0.584	0.518	0.621	0.753	0.628	0.609	0.697	0.727	0.707	0.641	0.595	0.835	0.652	0.719	0.674	0.874	1.594	1.130	1.202	1.318	0.953	1.109	0.698	0.713	0.656	0.815	0.709	0.623	0.619	0.740	0.868	0.674	0.576	0.600	0.602	0.559	0.665	0.730	0.617	0.612	0.751	0.647	0.587	0.672	1.125	0.893	0.730	0.980	1.177	1.193	1.567
1.341	1.529	1.417	1.010	0.816	1.031	1.297	1.195	0.842	0.884	0.379	0.280	0.275	0.228	0.200	0.231	0.242	0.200	0.135	0.317	0.146	0.028	0.004	0.029	0.154	0.193	0.127	0.209	0.204	0.257	0.247	0.227	0.263	0.637	0.296	0.247	0.469	0.627	0.564	0.368	0.847	1.165	1.270	1.255	1.361	1.604	1.070	0.789	0.760	1.336	0.600	0.513	0.489	0.482	0.787	0.589	0.506	0.644	0.681	0.423	0.364	0.675	0.476	0.859	0.549	0.598	0.574	0.777	0.734	0.610	0.691	0.571	0.582	0.549	0.699	0.730	0.676	1.137	1.023	1.282	1.408	0.948	1.181	0.760	0.753	0.880	1.014	0.735	0.748	0.919	1.145	0.782	0.891	1.004	0.838	0.884	0.961	0.971	0.982	0.893	1.035	0.961	0.918	0.881	0.944	1.439	1.141	0.956	1.268	1.465	1.374	1.512
1.589	2.069	1.826	1.414	1.166	1.323	1.600	1.382	1.204	0.921	0.422	0.325	0.495	0.311	0.222	0.250	0.428	0.233	0.215	0.191	0.277	0.163	0.029	0.004	0.028	0.146	0.262	0.235	0.211	0.244	0.344	0.255	0.258	0.261	0.276	0.285	0.306	0.285	0.517	0.349	0.957	1.262	1.363	1.378	1.529	1.636	1.052	0.792	0.763	1.389	0.610	0.450	0.479	0.476	0.562	0.402	0.383	0.794	0.367	0.390	0.388	0.388	0.400	0.782	0.632	0.619	0.650	0.797	0.927	0.760	0.849	0.760	0.917	0.757	1.010	0.829	0.956	2.066	1.112	1.233	1.413	0.970	1.123	0.682	0.659	0.556	0.755	0.712	0.519	0.418	0.698	0.715	0.405	0.332	0.368	0.363	0.346	0.530	0.626	0.445	0.515	0.515	0.541	0.481	0.517	0.967	0.820	0.662	0.778	1.228	1.259	1.860
1.542	2.025	1.847	1.052	1.027	1.297	1.788	1.475	0.922	0.850	0.525	0.332	0.395	0.549	0.332	0.251	0.359	0.487	0.214	0.236	0.248	0.257	0.154	0.028	0.004	0.029	0.145	0.276	0.187	0.202	0.220	0.238	0.235	0.220	0.241	0.261	0.272	0.260	0.407	0.338	1.107	1.294	1.340	1.312	1.424	1.715	1.405	1.277	1.104	1.785	1.111	0.638	0.519	0.672	0.771	0.445	0.384	0.790	0.477	0.410	0.424	0.511	0.486	0.654	0.650	0.654	0.621	0.721	0.814	0.769	0.655	0.627	0.999	0.705	0.765	0.663	0.981	1.857	1.188	1.402	1.548	1.176	1.177	0.830	0.811	0.683	0.768	0.866	0.726	0.594	0.696	0.839	0.615	0.438	0.524	0.554	0.448	0.660	0.683	0.487	0.418	0.543	0.615	0.515	0.524	0.916	0.830	0.685	0.743	1.156	1.252	1.868
1.449	1.741	1.606	0.912	0.875	1.094	1.448	1.262	0.756	0.822	0.436	0.320	0.304	0.290	0.261	0.234	0.290	0.258	0.209	0.241	0.322	0.216	0.193	0.146	0.029	0.004	0.029	0.154	0.244	0.151	0.184	0.221	0.285	0.194	0.226	0.231	0.241	0.257	0.373	0.288	0.965	1.150	1.230	1.168	1.241	1.661	0.993	0.857	0.654	0.827	0.895	0.886	0.475	0.500	1.011	0.670	0.410	0.404	0.429	0.301	0.287	0.109	0.172	0.244	0.621	0.482	0.419	0.646	0.599	0.666	0.587	0.591	0.945	0.662	0.651	0.621	0.937	1.620	1.326	1.062	1.113	0.755	1.277	0.629	0.607	0.500	0.588	0.638	0.486	0.382	0.634	0.495	0.255	0.244	0.106	0.175	0.222	0.647	0.579	0.409	0.431	0.775	0.540	0.481	0.632	0.956	0.725	0.613	1.014	0.989	1.013	1.243
1.360	1.739	1.640	1.342	1.114	1.233	1.341	1.291	1.205	1.139	0.710	0.685	0.676	0.461	0.437	0.634	0.501	0.254	0.304	0.452	0.317	0.228	0.127	0.262	0.145	0.029	0.004	0.029	0.146	0.251	0.109	0.205	0.206	0.196	0.196	0.209	0.226	0.241	0.449	0.275	0.689	1.089	1.203	1.197	1.269	1.540	1.098	0.882	0.759	1.249	0.677	0.541	0.629	0.502	0.679	0.698	0.653	0.881	0.719	0.707	0.696	0.621	0.668	0.779	0.274	0.544	0.557	0.937	0.690	0.576	0.833	0.740	0.701	0.672	1.020	0.760	0.844	1.561	1.098	1.300	1.374	0.954	1.302	0.647	0.615	0.511	0.585	0.693	0.513	0.450	0.626	0.580	0.383	0.443	0.380	0.375	0.402	0.706	0.748	0.461	0.525	0.632	0.596	0.567	0.721	1.263	1.028	0.915	1.041	1.498	1.496	1.994
1.501	2.234	2.155	1.262	1.154	1.449	1.769	1.504	1.138	0.793	0.425	0.339	0.479	0.447	0.262	0.273	0.516	0.326	0.220	0.259	0.498	0.236	0.209	0.235	0.276	0.154	0.029	0.004	0.028	0.142	0.246	0.225	0.234	0.237	0.255	0.260	0.277	0.261	0.435	0.339	0.898	1.217	1.304	1.321	1.492	1.631	1.249	1.128	0.869	1.429	0.769	0.515	0.509	0.514	0.686	0.528	0.484	0.909	0.491	0.431	0.433	0.442	0.443	0.726	0.546	0.568	0.559	0.811	0.850	0.678	0.612	0.627	0.990	0.668	0.931	0.689	1.016	2.028	1.161	1.302	1.384	0.986	1.256	0.676	0.659	0.516	0.576	0.714	0.541	0.434	0.597	0.648	0.403	0.380	0.413	0.472	0.385	0.653	0.585	0.457	0.401	0.465	0.672	0.518	0.504	0.789	0.865	0.740	0.664	1.322	1.391	2.284
1.445	1.947	1.755	1.020	0.931	1.180	1.563	1.347	0.879	0.800	0.403	0.300	0.334	0.319	0.261	0.255	0.316	0.287	0.221	0.236	0.336	0.244	0.204	0.211	0.187	0.244	0.146	0.028	0.004	0.028	0.153	0.246	0.203	0.207	0.234	0.242	0.244	0.242	0.339	0.315	0.948	1.182	1.223	1.159	1.208	1.715	1.214	1.109	0.852	1.277	0.903	0.592	0.529	0.554	0.764	0.540	0.480	0.802	0.817	0.567	0.541	0.685	0.698	0.664	0.672	0.792	0.683	0.828	0.805	0.831	0.707	0.640	1.115	0.795	0.661	0.606	1.193	1.851	1.359	1.288	1.306	0.973	1.261	0.724	0.730	0.580	0.584	0.655	0.628	0.534	0.625	0.685	0.516	0.523	0.538	0.604	0.501	0.694	0.564	0.467	0.433	0.463	0.644	0.500	0.460	0.650	0.769	0.653	0.615	1.094	1.248	2.062
1.286	1.623	1.521	0.950	0.838	1.048	1.354	1.221	0.786	0.753	0.498	0.424	0.313	0.289	0.315	0.288	0.289	0.273	0.260	0.236	0.340	0.253	0.257	0.244	0.202	0.151	0.251	0.142	0.028	0.004	0.028	0.150	0.234	0.140	0.202	0.204	0.204	0.207	0.264	0.249	0.586	0.968	1.083	1.002	1.074	1.702	1.055	0.923	0.723	0.971	0.806	0.633	0.496	0.536	0.803	0.614	0.484	0.511	0.605	0.473	0.470	0.486	0.518	0.580	0.620	0.754	0.699	0.808	0.795	0.900	0.821	0.678	1.099	0.825	0.608	0.585	1.165	1.780	1.327	1.185	1.231	0.856	1.222	0.639	0.617	0.526	0.551	0.614	0.568	0.473	0.557	0.569	0.438	0.452	0.447	0.427	0.402	0.622	0.626	0.429	0.419	0.443	0.610	0.482	0.475	0.757	0.851	0.696	0.645	1.169	1.287	2.040
1.241	1.763	1.654	1.130	0.971	1.161	1.379	1.296	1.008	0.790	0.486	0.447	0.424	0.332	0.327	0.351	0.373	0.275	0.268	0.317	0.378	0.245	0.247	0.344	0.220	0.184	0.109	0.246	0.153	0.028	0.004	0.028	0.151	0.237	0.190	0.206	0.238	0.232	0.358	0.285	0.516	0.932	1.073	1.070	1.112	1.533	1.108	0.953	0.754	1.152	0.757	0.569	0.525	0.502	0.749	0.661	0.589	0.623	0.586	0.589	0.570	0.484	0.515	0.747	0.604	0.565	0.559	1.043	0.740	0.603	0.576	0.575	0.899	0.619	0.801	0.616	0.966	1.982	1.112	1.249	1.294	0.906	1.262	0.651	0.635	0.510	0.537	0.605	0.549	0.460	0.555	0.553	0.421	0.444	0.418	0.441	0.385	0.604	0.601	0.440	0.419	0.499	0.738	0.614	0.567	0.932	1.011	0.883	0.659	1.505	1.546	2.614
1.335	1.889	1.733	1.076	0.951	1.218	1.553	1.377	0.979	0.783	0.430	0.370	0.380	0.319	0.283	0.299	0.336	0.289	0.248	0.275	0.353	0.261	0.227	0.255	0.238	0.221	0.205	0.225	0.246	0.150	0.028	0.004	0.029	0.146	0.243	0.195	0.210	0.222	0.322	0.306	0.722	1.054	1.124	1.073	1.099	1.642	1.247	1.169	0.862	1.314	0.812	0.543	0.501	0.505	0.733	0.596	0.510	0.687	0.623	0.495	0.494	0.492	0.480	0.598	0.599	0.600	0.529	0.961	0.754	0.629	0.554	0.577	0.941	0.629	0.843	0.674	1.213	1.985	1.304	1.306	1.294	0.976	1.271	0.787	0.841	0.637	0.597	0.733	0.703	0.520	0.590	0.768	0.507	0.474	0.502	0.517	0.384	0.556	0.402	0.420	0.339	0.400	0.662	0.554	0.401	0.547	0.905	0.802	0.573	1.360	1.530	2.775
1.347	1.813	1.672	0.999	0.885	1.123	1.464	1.273	0.859	0.805	0.552	0.449	0.357	0.388	0.434	0.305	0.342	0.367	0.368	0.273	0.356	0.329	0.263	0.258	0.235	0.285	0.206	0.234	0.203	0.234	0.151	0.029	0.004	0.028	0.141	0.235	0.189	0.200	0.228	0.266	0.869	1.047	1.073	0.909	1.085	1.911	1.073	1.057	0.878	0.851	0.997	0.789	0.603	0.684	0.974	0.680	0.567	0.604	0.756	0.636	0.576	0.608	0.747	0.657	0.701	1.028	0.910	0.762	0.805	0.964	0.771	0.608	1.136	0.845	0.544	0.581	1.501	1.863	1.632	1.139	1.138	0.852	1.107	0.711	0.693	0.584	0.587	0.650	0.609	0.531	0.536	0.575	0.544	0.562	0.523	0.516	0.514	0.577	0.546	0.514	0.511	0.457	0.466	0.404	0.363	0.404	0.671	0.532	0.525	1.088	1.318	2.278
1.196	1.594	1.543	1.075	0.902	1.002	1.195	1.124	0.889	0.793	0.608	0.586	0.383	0.324	0.411	0.391	0.311	0.295	0.414	0.279	0.352	0.281	0.637	0.261	0.220	0.194	0.196	0.237	0.207	0.140	0.237	0.146	0.028	0.004	0.028	0.151	0.237	0.182	0.223	0.247	0.315	0.685	0.858	0.724	0.991	1.877	1.023	0.928	0.713	0.873	0.885	0.885	0.626	0.638	1.070	0.932	0.710	0.591	0.642	0.563	0.560	0.558	0.536	0.523	0.575	0.488	0.429	0.534	0.277	0.428	0.576	0.654	0.487	0.551	0.565	0.467	0.905	1.539	1.035	1.108	1.202	0.793	1.136	0.576	0.546	0.508	0.539	0.543	0.490	0.519	0.500	0.459	0.495	0.517	0.427	0.443	0.556	0.538	0.450	0.606	0.646	0.536	0.860	0.851	0.743	1.375	1.381	1.265	0.731	2.044	1.937	2.601
1.200	1.785	1.679	1.111	0.940	1.167	1.421	1.289	0.990	0.781	0.485	0.435	0.376	0.307	0.328	0.323	0.332	0.289	0.269	0.281	0.366	0.277	0.296	0.276	0.241	0.226	0.196	0.255	0.234	0.202	0.190	0.243	0.141	0.028	0.004	0.029	0.149	0.212	0.155	0.306	0.370	0.633	0.837	0.751	0.955	1.710	1.088	0.974	0.740	1.035	0.813	0.652	0.512	0.520	0.838	0.716	0.573	0.515	0.533	0.495	0.481	0.463	0.445	0.510	0.650	0.433	0.428	0.792	0.499	0.478	0.526	0.611	0.755	0.575	0.903	0.780	1.069	1.989	1.169	1.179	1.223	0.838	1.168	0.628	0.611	0.494	0.525	0.578	0.530	0.442	0.471	0.502	0.422	0.425	0.404	0.443	0.418	0.447	0.409	0.550	0.436	0.423	0.787	0.743	0.476	0.814	1.129	1.009	0.651	1.748	1.936	3.439
1.240	1.807	1.686	1.069	0.927	1.189	1.510	1.341	0.964	0.784	0.466	0.401	0.378	0.328	0.311	0.316	0.348	0.308	0.266	0.293	0.368	0.281	0.247	0.285	0.261	0.231	0.209	0.260	0.242	0.204	0.206	0.195	0.235	0.151	0.029	0.004	0.028	0.165	0.295	0.271	0.374	0.771	0.928	0.859	1.014	1.911	1.189	1.146	0.864	1.065	0.874	0.630	0.485	0.528	0.850	0.630	0.508	0.514	0.560	0.453	0.441	0.446	0.419	0.484	0.640	0.470	0.435	0.727	0.547	0.546	0.505	0.565	0.873	0.625	0.771	0.752	1.409	1.841	1.630	1.234	1.146	0.891	1.172	0.751	0.788	0.650	0.607	0.700	0.686	0.568	0.576	0.693	0.562	0.533	0.535	0.594	0.488	0.489	0.589	0.580	0.410	0.423	0.608	0.636	0.369	0.337	1.202	0.826	0.561	1.224	1.747	3.309
1.247	1.695	1.606	1.027	0.884	1.089	1.371	1.235	0.888	0.796	0.531	0.477	0.374	0.345	0.367	0.338	0.354	0.328	0.345	0.303	0.380	0.310	0.469	0.306	0.272	0.241	0.226	0.277	0.244	0.204	0.238	0.210	0.189	0.237	0.149	0.028	0.004	0.029	0.184	0.327	0.416	0.763	0.841	0.697	1.157	2.255	1.036	1.032	0.821	0.782	0.891	0.740	0.510	0.571	0.879	0.670	0.521	0.530	0.498	0.449	0.439	0.426	0.479	0.512	0.637	0.523	0.577	0.620	0.571	0.861	0.779	0.696	1.175	0.983	0.624	0.601	1.667	1.767	1.907	1.078	1.049	0.761	1.070	0.607	0.576	0.489	0.490	0.560	0.513	0.441	0.444	0.467	0.438	0.434	0.424	0.487	0.430	0.408	0.504	0.581	0.396	0.489	0.644	0.643	0.396	0.418	0.967	0.688	0.527	1.097	1.602	3.059
1.183	1.692	1.615	1.122	0.947	1.099	1.279	1.210	0.991	0.815	0.621	0.601	0.403	0.344	0.416	0.411	0.330	0.331	0.373	0.299	0.377	0.326	0.627	0.285	0.260	0.257	0.241	0.261	0.242	0.207	0.232	0.222	0.200	0.182	0.212	0.165	0.029	0.004	0.028	0.228	0.257	0.460	0.768	0.493	1.170	2.055	0.987	0.944	0.737	0.795	0.904	0.791	0.562	0.596	0.952	0.857	0.687	0.544	0.576	0.611	0.606	0.595	0.624	0.578	0.652	0.639	0.733	0.687	0.578	0.789	0.767	0.742	0.987	0.814	0.542	0.389	1.026	1.616	1.068	1.042	1.115	0.742	1.038	0.560	0.526	0.448	0.483	0.514	0.471	0.403	0.408	0.438	0.402	0.392	0.371	0.442	0.459	0.394	0.384	0.647	0.786	0.447	0.771	1.127	1.268	1.196	1.818	1.869	1.042	2.641	2.621	3.534
1.174	1.722	1.671	1.258	1.091	1.356	1.616	1.474	1.172	1.068	0.758	0.735	0.642	0.535	0.574	0.641	0.558	0.474	0.517	0.564	0.503	0.414	0.564	0.517	0.407	0.373	0.449	0.435	0.339	0.264	0.358	0.322	0.228	0.223	0.155	0.295	0.184	0.028	0.003	0.029	0.289	0.380	0.700	0.396	1.053	1.839	1.121	1.037	0.768	1.043	0.854	0.717	0.583	0.572	0.893	0.780	0.668	0.528	0.523	0.597	0.607	0.492	0.517	0.675	0.834	0.436	0.577	0.905	0.404	0.516	0.729	0.833	0.663	0.651	1.386	1.114	1.280	1.858	1.408	1.149	1.152	0.791	1.111	0.615	0.617	0.475	0.481	0.569	0.528	0.410	0.418	0.490	0.421	0.392	0.385	0.500	0.434	0.389	0.433	0.585	0.472	0.417	0.651	0.792	0.590	0.477	1.497	1.147	0.695	1.591	2.289	4.105
1.178	1.731	1.639	1.067	0.926	1.164	1.459	1.307	0.950	0.769	0.513	0.450	0.404	0.370	0.365	0.357	0.388	0.364	0.321	0.337	0.418	0.350	0.368	0.349	0.338	0.288	0.275	0.339	0.315	0.249	0.285	0.306	0.266	0.247	0.306	0.271	0.327	0.228	0.029	0.004	0.028	0.308	0.567	0.463	1.175	2.350	1.157	1.155	0.861	0.930	0.896	0.724	0.513	0.572	0.891	0.699	0.548	0.504	0.491	0.471	0.466	0.437	0.454	0.496	0.644	0.431	0.472	0.550	0.408	0.602	0.556	0.623	0.701	0.694	0.628	0.902	1.419	1.742	1.811	1.174	1.089	0.847	1.160	0.745	0.817	0.674	0.554	0.703	0.732	0.553	0.516	0.680	0.616	0.495	0.511	0.760	0.597	0.455	0.572	0.695	0.564	0.472	0.756	0.869	0.570	0.435	1.593	1.051	0.677	1.244	2.182	3.906
1.114	1.690	1.682	1.256	1.228	1.567	1.922	1.725	1.318	1.210	1.070	1.023	1.067	1.130	1.051	0.986	1.089	1.132	0.996	0.968	1.137	1.111	0.847	0.957	1.107	0.965	0.689	0.898	0.948	0.586	0.516	0.722	0.869	0.315	0.370	0.374	0.416	0.257	0.289	0.028	0.003	0.029	0.357	0.378	1.324	2.682	2.206	2.138	1.730	1.938	1.184	1.117	1.081	1.162	1.218	1.007	0.882	1.122	1.247	0.737	0.695	0.933	0.745	0.583	0.843	0.712	0.579	0.544	0.561	0.805	0.627	0.614	0.785	0.833	0.695	0.897	1.504	1.882	2.611	2.373	1.766	1.814	2.081	1.904	2.016	1.822	1.631	1.802	1.818	1.538	1.519	1.787	1.512	1.249	1.286	1.665	1.063	0.885	1.202	1.115	0.831	0.700	0.786	1.084	0.784	0.711	1.912	1.227	0.919	1.267	2.417	4.108
1.301	1.594	1.596	1.405	1.398	1.807	2.213	1.976	1.583	1.529	1.308	1.259	1.323	1.323	1.210	1.251	1.335	1.292	1.206	1.263	1.331	1.262	1.165	1.262	1.294	1.150	1.089	1.217	1.182	0.968	0.932	1.054	1.047	0.685	0.633	0.771	0.763	0.460	0.380	0.308	0.029	0.004	0.033	0.226	1.103	2.116	2.260	2.191	1.681	2.080	0.974	0.972	1.142	1.130	1.000	1.005	0.988	1.239	1.340	1.016	0.982	1.108	1.093	0.926	1.204	1.129	0.967	0.901	1.027	1.163	0.875	0.819	1.148	1.054	1.097	1.059	1.599	1.835	2.016	2.344	1.754	1.811	2.063	1.804	1.962	1.665	1.468	1.675	1.639	1.355	1.373	1.662	1.327	1.175	1.199	1.354	0.965	1.000	1.339	0.883	0.839	1.036	0.794	0.931	0.810	0.954	1.611	1.047	0.923	1.260	2.334	3.959
1.325	1.615	1.641	1.509	1.506	1.907	2.307	2.081	1.701	1.654	1.419	1.385	1.425	1.398	1.317	1.362	1.418	1.354	1.306	1.369	1.391	1.328	1.270	1.363	1.340	1.230	1.203	1.304	1.223	1.083	1.073	1.124	1.073	0.858	0.837	0.928	0.841	0.768	0.700	0.567	0.357	0.033	0.004	0.029	0.452	1.293	2.035	1.937	1.605	2.273	1.017	1.087	1.277	1.240	1.088	1.121	1.109	1.458	1.442	1.135	1.119	1.231	1.168	1.052	1.350	1.178	1.051	1.130	1.187	1.132	0.999	0.985	1.274	1.107	1.212	1.090	1.626	1.979	1.716	2.165	1.775	1.685	1.982	1.640	1.725	1.505	1.425	1.577	1.499	1.345	1.398	1.556	1.263	1.226	1.282	1.218	0.945	1.033	1.319	0.797	0.763	1.005	0.744	0.795	0.722	0.857	1.475	1.026	0.954	1.491	2.308	3.832
1.365	1.797	1.857	1.701	1.628	1.980	2.363	2.124	1.819	1.724	1.464	1.431	1.474	1.420	1.334	1.399	1.441	1.353	1.300	1.385	1.392	1.295	1.255	1.378	1.312	1.168	1.197	1.321	1.159	1.002	1.070	1.073	0.909	0.724	0.751	0.859	0.697	0.493	0.396	0.463	0.378	0.226	0.029	0.004	0.029	0.946	2.096	2.035	1.638	2.295	1.045	1.039	1.199	1.205	1.062	1.041	1.045	1.377	1.241	1.026	1.039	1.068	0.959	0.991	1.313	0.922	0.886	1.153	0.925	0.836	0.924	0.974	0.890	0.861	1.581	1.266	1.229	1.904	1.546	2.154	1.786	1.687	2.010	1.622	1.706	1.413	1.345	1.534	1.423	1.218	1.269	1.492	1.141	1.058	1.118	1.150	0.784	0.846	1.126	0.687	0.577	0.781	0.653	0.694	0.566	0.565	1.592	1.086	0.863	1.608	2.663	4.339
1.546	1.984	2.097	1.976	1.914	2.218	2.614	2.345	2.063	1.932	1.677	1.622	1.708	1.649	1.512	1.584	1.674	1.548	1.447	1.555	1.582	1.434	1.361	1.529	1.424	1.241	1.269	1.492	1.208	1.074	1.112	1.099	1.085	0.991	0.955	1.014	1.157	1.170	1.053	1.175	1.324	1.103	0.452	0.029	0.004	0.029	2.299	2.261	1.851	2.521	1.225	1.185	1.316	1.351	1.223	1.165	1.151	1.463	1.307	1.132	1.132	1.152	1.131	1.174	1.281	1.095	1.182	1.382	1.128	1.200	1.388	1.325	1.349	1.420	2.087	1.732	1.641	2.138	2.132	2.327	1.946	1.905	2.137	1.830	1.989	1.694	1.532	1.730	1.720	1.440	1.439	1.750	1.474	1.286	1.337	1.512	1.314	1.181	1.360	1.375	1.311	1.112	1.456	1.698	1.416	1.250	2.494	1.962	1.572	2.152	3.340	5.054
1.679	2.122	2.235	1.988	1.936	2.271	2.686	2.381	2.041	1.903	1.780	1.727	1.763	1.803	1.705	1.675	1.768	1.755	1.658	1.660	1.738	1.701	1.604	1.636	1.715	1.661	1.540	1.631	1.715	1.702	1.533	1.642	1.911	1.877	1.710	1.911	2.255	2.055	1.839	2.350	2.682	2.116	1.293	0.946	0.029	0.003	2.838	2.815	2.360	2.837	1.769	1.798	1.736	1.777	1.873	1.767	1.671	1.857	1.951	1.738	1.688	1.795	1.889	1.722	1.768	1.994	1.907	1.802	1.923	2.128	2.032	1.888	2.372	2.282	2.265	2.177	2.535	2.825	2.933	2.805	2.492	2.512	2.655	2.459	2.551	2.350	2.233	2.364	2.363	2.220	2.173	2.379	2.277	2.166	2.139	2.356	2.274	2.175	2.274	2.407	2.386	2.201	2.499	2.712	2.558	2.370	3.495	3.029	2.557	3.161	4.168	5.745
2.860	2.378	2.318	2.020	2.969	2.929	3.319	2.408	1.826	1.352	1.396	1.229	1.197	1.259	1.253	1.073	1.110	1.040	1.033	1.045	1.091	1.190	1.070	1.052	1.405	0.993	1.098	1.249	1.214	1.055	1.108	1.247	1.073	1.023	1.088	1.189	1.036	0.987	1.121	1.157	2.206	2.260	2.035	2.096	2.299	2.838	0.003	0.029	0.620	0.581	0.790	1.070	1.003	1.051	1.853	1.342	1.261	1.180	1.331	1.272	1.221	1.293	1.261	1.244	1.189	1.292	1.252	1.262	1.203	1.309	1.226	1.183	1.461	1.314	1.151	1.239	1.441	1.908	1.812	0.041	0.563	0.504	0.533	0.528	0.697	0.569	0.537	0.817	0.601	0.572	1.129	0.807	0.656	0.663	0.898	0.718	0.698	1.013	0.813	0.777	0.759	0.793	0.724	0.789	0.743	0.797	0.717	0.782	0.979	0.803	0.847	1.517
2.638	2.176	2.072	1.562	2.495	2.468	2.917	2.103	1.428	0.990	1.080	0.874	0.801	0.988	0.837	0.650	0.730	0.693	0.720	0.686	0.817	1.009	0.789	0.792	1.277	0.857	0.882	1.128	1.109	0.923	0.953	1.169	1.057	0.928	0.974	1.146	1.032	0.944	1.037	1.155	2.138	2.191	1.937	2.035	2.261	2.815	0.029	0.004	0.028	0.144	0.189	0.420	0.429	0.767	1.747	1.016	0.985	1.049	1.259	1.102	1.067	1.228	1.147	1.095	1.128	1.223	1.156	1.033	1.074	1.213	1.116	1.013	1.396	1.200	0.984	1.078	1.343	1.854	1.934	0.408	1.429	1.114	0.788	0.986	0.859	0.680	0.633	0.829	0.674	0.612	1.029	0.946	0.770	0.704	0.885	0.864	0.772	0.968	0.862	0.853	0.740	0.805	0.787	0.819	0.734	0.826	0.781	0.772	0.962	0.853	0.921	1.482
2.674	1.944	1.770	1.425	2.177	2.103	2.402	1.858	1.187	0.959	1.019	0.865	0.801	0.957	0.881	0.678	0.740	0.831	0.696	0.712	0.898	0.936	0.760	0.763	1.104	0.654	0.759	0.869	0.852	0.723	0.754	0.862	0.878	0.713	0.740	0.864	0.821	0.737	0.768	0.861	1.730	1.681	1.605	1.638	1.851	2.360	0.620	0.028	0.004	0.029	0.224	0.389	0.435	0.645	1.480	1.029	0.935	0.884	1.060	0.989	0.943	0.936	0.993	0.963	0.909	0.976	0.973	0.975	0.846	0.982	0.951	0.825	1.075	0.965	0.823	0.920	1.095	1.550	1.659	0.781	1.482	1.094	0.486	1.476	0.936	1.066	0.989	0.946	0.902	0.908	0.805	0.951	0.878	0.764	0.735	0.847	0.757	0.784	0.818	0.778	0.807	0.871	0.757	0.728	0.715	0.963	0.791	0.697	1.086	0.939	0.932	1.369
2.755	1.647	1.488	1.972	1.933	1.850	2.010	1.938	1.807	2.058	1.854	1.798	2.001	2.064	1.724	1.810	1.785	1.863	1.304	1.512	1.826	1.624	1.336	1.389	1.785	0.827	1.249	1.429	1.277	0.971	1.152	1.314	0.851	0.873	1.035	1.065	0.782	0.795	1.043	0.930	1.938	2.080	2.273	2.295	2.521	2.837	0.581	0.144	0.029	0.004	0.028	1.000	0.320	0.998	0.386	0.403	0.697	0.858	0.585	0.647	0.849	0.870	0.702	0.848	1.122	0.843	0.849	1.128	1.002	0.978	0.968	1.007	1.214	1.026	0.944	1.123	1.267	1.695	1.701	0.806	2.024	2.284	1.256	3.374	2.606	3.122	3.034	1.590	2.382	2.443	0.869	1.219	1.616	1.382	0.601	0.989	1.103	0.676	0.665	0.768	1.098	0.807	0.669	0.729	0.729	0.831	0.731	0.693	1.096	0.889	0.893	1.186
2.711	1.345	1.146	1.583	1.635	1.484	1.725	1.466	1.166	1.359	1.350	1.261	0.767	0.774	0.867	0.694	0.538	0.611	0.527	0.512	0.578	0.877	0.600	0.610	1.111	0.895	0.677	0.769	0.903	0.806	0.757	0.812	0.997	0.885	0.813	0.874	0.891	0.904	0.854	0.896	1.184	0.974	1.017	1.045	1.225	1.769	0.790	0.189	0.224	0.028	0.004	0.032	0.368	0.194	0.300	0.277	0.267	0.508	0.462	0.373	0.360	0.499	0.459	0.419	0.702	0.486	0.439	0.713	0.622	0.437	0.590	0.556	0.502	0.456	0.613	0.713	0.627	0.984	1.428	0.875	1.400	1.285	0.523	1.762	1.179	1.388	1.403	1.092	1.177	1.215	0.675	1.230	1.155	1.118	1.009	1.110	1.039	0.951	1.188	1.052	1.133	1.452	1.184	1.059	1.233	1.637	1.328	1.137	1.795	1.587	1.473	1.396
2.863	1.382	1.120	1.354	1.641	1.433	1.519	1.312	0.821	1.159	0.892	0.739	0.607	0.760	0.524	0.568	0.420	0.490	0.443	0.396	0.403	0.517	0.513	0.450	0.638	0.886	0.541	0.515	0.592	0.633	0.569	0.543	0.789	0.885	0.652	0.630	0.740	0.791	0.717	0.724	1.117	0.972	1.087	1.039	1.185	1.798	1.070	0.420	0.389	1.000	0.032	0.004	0.028	0.199	0.261	0.195	0.311	0.245	0.365	0.343	0.339	0.360	0.453	0.408	0.465	0.417	0.422	0.579	0.561	0.376	0.594	0.425	0.425	0.400	0.462	0.639	0.535	0.772	1.413	1.451	1.317	0.906	0.945	1.236	1.077	1.461	1.507	0.697	1.079	1.329	0.646	1.140	1.195	1.017	0.860	1.047	0.917	0.797	1.028	0.908	0.999	1.372	1.056	0.912	1.120	1.566	1.208	1.049	1.814	1.479	1.386	1.280
2.655	1.337	1.099	1.113	1.297	1.152	1.254	1.148	0.704	1.172	0.792	0.624	0.555	0.595	0.594	0.610	0.431	0.388	0.580	0.454	0.443	0.476	0.489	0.479	0.519	0.475	0.629	0.509	0.529	0.496	0.525	0.501	0.603	0.626	0.512	0.485	0.510	0.562	0.583	0.513	1.081	1.142	1.277	1.199	1.316	1.736	1.003	0.429	0.435	0.320	0.368	0.028	0.004	0.028	0.161	0.364	0.265	0.263	0.293	0.345	0.330	0.289	0.340	0.483	0.420	0.320	0.393	0.678	0.438	0.375	0.640	0.389	0.431	0.426	0.452	0.622	0.558	0.849	1.192	1.364	1.388	0.887	1.133	1.027	0.796	1.178	1.255	0.671	0.856	0.899	0.618	0.672	0.670	0.615	0.526	0.555	0.555	0.559	0.760	0.573	0.714	1.078	0.744	0.620	0.828	1.317	0.951	0.811	1.489	1.268	1.194	1.190
2.050	1.460	1.321	0.865	1.178	1.152	1.434	1.218	0.552	1.013	0.672	0.412	0.423	0.472	0.288	0.390	0.346	0.253	0.243	0.329	0.374	0.504	0.482	0.476	0.672	0.500	0.502	0.514	0.554	0.536	0.502	0.505	0.684	0.638	0.520	0.528	0.571	0.596	0.572	0.572	1.162	1.130	1.240	1.205	1.351	1.777	1.051	0.767	0.645	0.998	0.194	0.199	0.028	0.004	0.029	0.160	0.283	0.192	0.255	0.241	0.244	0.255	0.274	0.301	0.576	0.276	0.300	0.674	0.449	0.301	0.518	0.433	0.394	0.336	0.516	0.589	0.539	0.919	1.264	1.295	1.321	0.838	1.250	0.834	0.713	0.704	0.794	0.670	0.635	0.565	0.573	0.765	0.615	0.563	0.626	0.577	0.499	0.598	0.815	0.593	0.690	1.160	0.811	0.672	0.922	1.409	1.037	0.839	1.557	1.363	1.239	1.229
2.401	1.312	1.163	0.966	1.230	1.134	1.335	1.152	0.590	1.048	0.715	0.519	0.395	0.467	0.412	0.402	0.307	0.421	0.295	0.312	0.460	0.634	0.787	0.562	0.771	1.011	0.679	0.686	0.764	0.803	0.749	0.733	0.974	1.070	0.838	0.850	0.879	0.952	0.893	0.891	1.218	1.000	1.088	1.062	1.223	1.873	1.853	1.747	1.480	0.386	0.300	0.261	0.161	0.029	0.004	0.029	0.192	0.250	0.398	0.455	0.521	0.536	0.539	0.560	0.725	0.549	0.552	0.735	0.746	0.523	0.643	0.671	0.534	0.524	0.661	0.824	0.653	0.834	1.537	1.926	1.408	1.167	2.020	0.646	0.590	0.893	0.959	0.575	0.737	1.135	0.561	1.024	1.130	0.954	1.015	1.142	0.891	0.808	1.093	0.910	0.925	1.464	1.063	0.885	1.202	1.674	1.258	1.092	1.942	1.580	1.449	1.278
2.770	1.450	1.276	1.203	1.358	1.233	1.307	1.241	1.011	1.197	0.968	0.783	0.690	0.525	0.686	0.793	0.427	0.351	0.249	0.299	0.311	0.440	0.589	0.402	0.445	0.670	0.698	0.528	0.540	0.614	0.661	0.596	0.680	0.932	0.716	0.630	0.670	0.857	0.780	0.699	1.007	1.005	1.121	1.041	1.165	1.767	1.342	1.016	1.029	0.403	0.277	0.195	0.364	0.160	0.029	0.004	0.029	0.184	0.298	0.289	0.462	0.471	0.493	0.458	0.480	0.464	0.477	0.582	0.638	0.445	0.666	0.513	0.486	0.467	0.524	0.719	0.562	0.713	1.391	1.682	1.489	1.108	1.948	0.786	0.735	0.730	0.808	0.780	0.631	0.695	0.678	0.599	0.631	0.667	0.567	0.606	0.666	0.596	0.723	0.607	0.745	1.257	0.827	0.647	0.946	1.505	1.057	0.940	1.788	1.413	1.361	1.255
2.210	1.275	1.173	0.920	1.004	0.954	1.047	1.047	0.700	0.931	0.764	0.696	0.479	0.522	0.643	0.598	0.388	0.345	0.245	0.341	0.359	0.426	0.506	0.383	0.384	0.410	0.653	0.484	0.480	0.484	0.589	0.510	0.567	0.710	0.573	0.508	0.521	0.687	0.668	0.548	0.882	0.988	1.109	1.045	1.151	1.671	1.261	0.985	0.935	0.697	0.267	0.311	0.265	0.283	0.192	0.029	0.004	0.029	0.158	0.229	0.234	0.229	0.223	0.289	0.328	0.247	0.278	0.639	0.431	0.284	0.569	0.375	0.349	0.336	0.460	0.593	0.484	0.762	1.189	1.609	1.400	1.044	1.903	0.792	0.782	0.695	0.814	0.819	0.639	0.570	0.580	0.473	0.444	0.466	0.339	0.347	0.473	0.437	0.638	0.418	0.717	1.007	0.650	0.516	0.775	1.366	0.949	0.770	1.490	1.332	1.224	1.189
2.116	1.312	1.241	0.877	0.998	0.979	1.171	1.095	0.627	0.930	0.706	0.603	0.461	0.542	0.501	0.425	0.610	0.554	0.294	0.620	0.707	0.297	0.644	0.794	0.790	0.404	0.881	0.909	0.802	0.511	0.623	0.687	0.604	0.591	0.515	0.514	0.530	0.544	0.528	0.504	1.122	1.239	1.458	1.377	1.463	1.857	1.180	1.049	0.884	0.858	0.508	0.245	0.263	0.192	0.250	0.184	0.029	0.004	0.029	0.175	0.227	0.200	0.274	0.225	0.426	0.235	0.254	0.473	0.411	0.262	0.354	0.320	0.352	0.287	0.354	0.549	0.509	0.834	1.273	1.462	1.279	1.030	1.760	0.849	0.855	0.629	0.781	0.972	0.576	0.505	0.571	0.553	0.481	0.636	0.628	0.645	0.644	0.653	0.893	0.745	0.681	1.121	0.856	0.722	0.914	1.390	1.029	0.859	1.564	1.368	1.256	1.246
2.354	1.276	1.190	0.997	1.108	1.010	1.135	1.097	0.789	0.973	0.812	0.719	0.429	0.446	0.583	0.551	0.302	0.329	0.283	0.321	0.377	0.503	0.681	0.367	0.477	0.429	0.719	0.491	0.817	0.605	0.586	0.623	0.756	0.642	0.533	0.560	0.498	0.576	0.523	0.491	1.247	1.340	1.442	1.241	1.307	1.951	1.331	1.259	1.060	0.585	0.462	0.365	0.293	0.255	0.398	0.298	0.158	0.029	0.004	0.028	0.166	0.244	0.218	0.244	0.235	0.273	0.283	0.287	0.455	0.288	0.375	0.280	0.375	0.348	0.304	0.568	0.516	0.729	1.371	1.539	1.332	1.187	2.174	0.919	1.062	0.915	0.872	1.214	0.999	0.888	0.806	0.941	0.713	0.668	0.752	0.736	0.624	0.588	0.615	0.611	0.771	0.977	0.644	0.628	0.743	1.214	0.800	0.801	1.580	1.157	1.142	1.207
