0.995	1.351	4.009	6.022	3.047	2.411	2.056	3.848	2.727	3.990	7.780	8.966	5.460	4.886	9.174	10.052	5.177	9.445	12.215	11.919	10.684	14.475	16.591	15.377	16.885	20.190	21.398	21.191	23.915	25.918	26.320	27.945	29.900	31.493	32.409	33.881	35.810	36.967	36.487	39.689	39.450	38.588	34.824	38.476	41.676	43.245	21.184	19.156	18.177	17.853	14.111	15.064	14.152	15.408	18.586	18.122	18.190	20.812	21.781	25.805	26.364	28.803	31.186	29.414	30.122	33.756	35.422	31.720	35.888	38.576	38.282	38.244	40.917	43.443	42.223	40.455	45.012	41.853	47.491	25.217	26.410	26.445	25.330	26.044	22.553	25.793	26.902	21.691	22.966	26.237	24.979	20.952	25.268	27.817	25.350	24.528	29.623	30.837	28.888	31.514	34.467	33.576	34.506	37.491	39.222	37.965	40.749	43.097	43.312	45.105	46.912	48.863
1.351	0.960	1.349	2.714	2.211	3.399	4.784	7.438	8.200	8.356	12.184	12.525	8.872	10.531	14.454	15.697	11.793	15.582	18.452	18.492	17.252	20.740	23.073	21.901	23.097	26.620	27.909	27.416	30.277	32.339	32.795	34.243	36.242	37.910	38.758	40.169	42.148	43.345	42.748	45.978	45.527	44.526	40.736	44.314	47.362	49.082	24.358	22.600	21.958	22.128	19.133	19.901	19.955	21.035	24.185	23.957	24.396	26.916	28.042	32.034	32.578	35.130	37.430	35.809	36.556	40.147	41.810	38.210	42.341	45.033	44.742	44.729	47.371	49.914	48.689	46.885	51.441	48.220	53.875	28.720	30.302	30.050	29.607	30.211	26.470	29.957	31.629	26.465	27.667	31.129	30.408	26.482	30.366	33.241	31.360	30.161	35.266	36.715	34.982	37.294	40.343	39.768	40.609	43.445	45.287	44.235	46.848	49.183	49.581	51.317	52.987	55.107
4.009	1.349	0.997	1.350	3.063	4.441	5.762	8.884	10.761	10.050	13.715	14.210	11.743	13.455	17.559	19.208	15.247	18.278	21.634	22.077	20.500	23.382	26.252	25.283	25.716	29.564	31.177	30.321	33.118	35.289	36.059	37.111	39.076	40.910	41.799	42.975	45.000	46.399	45.731	48.814	48.027	46.798	43.052	46.633	49.493	51.254	26.235	24.212	23.339	23.653	21.192	22.254	22.673	23.221	26.538	26.896	27.290	29.603	31.127	35.012	35.416	37.906	40.265	39.080	39.567	43.135	44.950	41.647	45.483	48.186	48.215	48.136	50.548	53.210	52.257	50.403	54.730	51.349	56.992	30.647	32.000	31.381	30.967	31.227	27.285	30.770	32.818	28.092	28.777	32.423	32.351	28.366	31.788	34.950	33.642	32.043	37.115	38.860	37.377	39.292	42.431	42.314	42.993	45.555	47.607	46.875	49.230	51.518	52.230	53.866	55.304	57.672
6.022	2.714	1.350	0.997	1.349	3.701	7.278	8.519	9.579	7.324	11.234	10.978	8.941	11.535	15.179	17.348	14.407	16.363	19.845	21.111	19.656	21.727	24.899	24.931	24.875	28.407	30.263	30.081	32.286	34.291	35.459	36.658	38.292	40.098	41.384	42.481	44.276	45.819	45.619	48.328	47.665	46.487	42.948	46.914	49.959	51.286	22.554	20.806	20.148	20.429	18.258	19.303	20.217	20.821	23.943	24.587	25.300	27.551	29.145	32.992	33.400	36.317	38.282	37.412	38.294	41.541	43.344	40.508	44.330	46.872	46.929	47.283	49.640	52.154	51.275	49.857	54.145	50.936	56.563	26.959	28.462	27.749	27.603	27.960	24.087	27.774	29.777	24.990	26.035	29.687	29.628	26.022	29.552	32.602	31.664	30.396	35.165	36.874	35.931	37.825	40.700	40.641	41.783	44.107	46.073	45.715	48.083	50.185	50.746	52.701	54.301	56.288
3.047	2.211	3.063	1.349	0.997	1.351	4.275	4.734	5.524	4.285	8.131	8.227	4.878	7.257	10.838	12.623	9.887	12.345	15.409	16.435	15.250	17.727	20.507	20.520	20.800	24.188	25.833	25.890	28.134	30.068	31.053	32.462	34.139	35.844	37.114	38.326	40.107	41.553	41.404	44.168	43.663	42.589	39.024	42.976	46.092	47.411	20.259	18.362	17.639	17.797	15.018	15.852	16.316	17.269	20.344	20.471	21.191	23.572	24.891	28.818	29.332	32.261	34.241	32.971	34.038	37.334	39.017	35.926	39.969	42.528	42.327	42.748	45.267	47.699	46.600	45.251	49.705	46.621	52.252	24.571	26.034	25.695	25.248	25.816	22.060	25.633	27.361	22.234	23.520	27.010	26.416	22.717	26.553	29.433	28.013	26.888	31.775	33.285	32.084	34.218	37.107	36.743	37.910	40.443	42.291	41.695	44.192	46.366	46.765	48.735	50.435	52.367
2.411	3.399	4.441	3.701	1.351	0.997	1.346	3.142	5.260	5.445	8.605	10.021	8.335	8.921	13.505	15.266	10.170	13.270	16.776	17.222	15.134	17.984	21.045	20.112	20.151	24.144	25.953	25.020	27.681	29.890	30.862	31.765	33.659	35.561	36.562	37.626	39.621	41.155	40.560	43.486	42.680	41.453	37.773	41.563	44.532	46.045	23.359	20.978	19.599	19.408	16.517	18.133	17.912	18.068	21.718	22.380	22.263	24.458	26.246	30.040	30.338	32.558	35.126	34.141	34.305	37.929	39.909	36.664	40.281	43.023	43.339	43.107	45.352	48.130	47.421	45.535	49.638	46.183	51.840	27.470	28.399	27.696	26.768	26.835	22.803	26.017	28.074	23.469	23.701	27.312	27.362	23.000	26.367	29.614	28.260	26.456	31.620	33.482	31.869	33.719	36.924	36.918	37.477	40.060	42.131	41.441	43.763	46.027	46.845	48.426	49.851	52.225
2.056	4.784	5.762	7.278	4.275	1.346	0.997	1.347	3.067	6.850	9.019	11.778	10.180	9.007	13.643	14.831	8.399	12.213	15.659	15.317	12.787	16.211	19.067	17.335	17.419	21.744	23.472	21.911	24.939	27.288	28.084	28.719	30.834	32.799	33.526	34.611	36.750	38.246	37.368	40.453	39.568	38.344	34.531	38.145	41.040	42.758	25.307	22.756	21.012	20.553	16.952	18.734	17.354	17.330	21.251	21.693	20.797	23.006	24.848	28.572	28.801	30.435	33.440	32.314	31.937	35.851	37.914	34.401	37.789	40.711	41.204	40.558	42.702	45.654	45.067	42.856	46.805	43.178	48.844	29.226	29.852	29.383	27.853	27.859	23.953	26.718	28.460	23.856	23.833	27.215	26.877	21.996	25.538	28.708	26.624	24.638	30.114	31.914	29.564	31.604	35.013	34.837	34.981	37.863	39.938	38.868	41.197	43.628	44.550	45.853	47.186	49.787
3.848	7.438	8.884	8.519	4.734	3.142	1.347	0.997	1.345	3.596	4.847	8.246	7.527	6.469	10.882	12.621	6.827	8.256	12.666	13.340	10.195	12.055	15.878	15.046	13.687	18.195	20.366	18.835	21.311	23.743	25.110	25.360	27.250	29.361	30.383	31.069	33.178	34.930	34.345	36.988	35.869	34.461	30.862	34.759	37.641	39.057	21.697	18.973	16.844	16.159	12.675	14.907	13.625	12.783	16.932	18.039	17.082	18.781	21.249	24.809	24.836	26.445	29.434	28.917	28.310	32.082	34.304	31.364	34.330	37.208	38.140	37.581	39.374	42.415	42.258	40.193	43.784	40.083	45.713	25.455	25.720	25.164	23.261	23.050	19.202	21.628	23.439	19.069	18.641	22.026	22.059	17.067	20.265	23.635	22.079	19.758	25.156	27.144	25.252	26.893	30.299	30.562	30.716	33.261	35.473	34.857	36.945	39.259	40.402	41.748	42.949	45.610
2.727	8.200	10.761	9.579	5.524	5.260	3.067	1.345	1.080	1.346	2.839	6.230	5.619	2.882	7.159	8.558	2.884	5.847	9.230	9.737	7.377	10.434	13.268	12.438	12.703	16.409	18.183	17.584	20.089	22.198	23.139	24.278	26.092	27.892	28.978	30.174	32.064	33.524	33.108	36.007	35.502	34.504	30.855	34.749	37.960	39.304	19.294	16.633	14.766	14.340	10.629	12.358	10.840	11.138	14.868	15.167	14.629	16.975	18.658	22.431	22.741	24.922	27.524	26.425	26.571	30.212	32.174	28.900	32.533	35.261	35.598	35.343	37.612	40.357	39.688	37.822	41.925	38.562	44.217	23.094	23.555	23.209	21.551	21.715	17.980	20.907	22.380	17.581	18.011	21.380	20.742	16.245	20.226	23.051	21.002	19.714	24.856	26.404	24.545	26.851	29.894	29.452	30.203	33.027	34.882	33.958	36.510	38.791	39.329	41.025	42.689	44.811
3.990	8.356	10.050	7.324	4.285	5.445	6.850	3.596	1.346	0.997	1.345	2.690	2.379	2.130	5.389	7.922	5.870	5.967	9.422	11.445	10.529	11.526	14.734	16.034	15.609	18.488	20.465	21.284	22.775	24.459	25.993	27.428	28.693	30.382	32.007	33.211	34.691	36.261	36.739	38.990	38.679	37.690	34.433	38.726	42.034	42.879	14.691	12.506	11.414	11.347	8.329	9.576	9.632	10.432	13.543	14.124	14.708	17.013	18.585	22.409	22.831	25.998	27.771	26.949	28.088	31.121	32.908	30.383	34.146	36.579	36.694	37.374	39.681	42.034	41.271	40.303	44.477	41.482	47.114	18.743	19.690	18.846	18.381	18.704	14.801	18.512	20.383	15.505	16.695	20.207	19.641	15.974	20.094	22.764	21.455	20.801	25.348	26.763	25.941	28.210	30.787	30.386	32.021	34.389	36.081	35.789	38.288	40.324	40.547	42.812	44.683	46.199
7.780	12.184	13.715	11.234	8.131	8.605	9.019	4.847	2.839	1.345	1.080	1.343	2.876	2.309	2.888	6.258	5.988	2.876	7.221	9.706	8.824	8.234	12.245	14.075	12.725	15.531	17.822	18.803	19.642	21.382	23.334	24.545	25.382	27.315	29.143	30.121	31.475	33.205	34.046	35.865	35.443	34.384	31.371	35.914	39.259	39.727	13.170	10.550	8.616	8.157	4.643	6.211	6.332	6.363	9.658	10.854	11.395	13.346	15.272	19.002	19.235	22.306	24.069	23.838	24.778	27.622	29.557	27.609	30.935	33.298	33.801	34.596	36.573	38.965	38.557	37.795	41.625	38.534	44.168	16.769	17.214	16.898	15.321	15.702	12.164	15.396	16.631	11.557	12.765	16.102	15.373	11.661	15.862	18.436	17.345	16.838	21.167	22.598	22.108	24.277	26.693	26.493	28.282	30.423	32.121	32.137	34.521	36.447	36.727	39.081	40.930	42.332
8.966	12.525	14.210	10.978	8.227	10.021	11.778	8.246	6.230	2.690	1.343	1.080	1.347	2.856	2.617	6.522	8.014	5.627	8.869	11.417	11.876	11.224	14.424	16.585	16.320	18.271	20.234	21.949	22.840	24.121	25.965	27.649	28.242	30.025	31.967	33.267	34.359	35.932	37.164	38.907	38.919	38.034	35.186	39.792	43.263	43.533	10.501	8.362	7.615	7.413	5.094	5.434	6.811	8.562	10.581	11.339	12.638	15.006	16.313	20.015	20.602	24.331	25.408	24.891	26.830	29.368	30.914	29.079	32.808	35.041	34.933	36.369	38.677	40.676	39.768	39.565	43.693	41.045	46.694	14.414	15.428	15.052	14.517	15.428	12.004	15.887	17.311	11.760	14.286	17.575	16.429	13.909	18.280	20.653	19.806	20.011	23.878	24.828	24.925	27.352	29.355	28.793	31.243	33.341	34.744	34.799	37.395	39.255	38.997	41.811	43.871	44.700
5.460	8.872	11.743	8.941	4.878	8.335	10.180	7.527	5.619	2.379	2.876	1.347	0.960	1.349	3.032	5.133	5.627	6.459	8.548	10.228	10.707	12.187	14.371	15.665	16.701	18.723	20.059	21.634	23.272	24.616	25.656	27.718	29.097	30.422	32.030	33.602	34.986	36.253	36.934	39.335	39.611	38.941	35.795	40.066	43.654	44.312	13.219	11.493	11.057	10.788	7.793	8.043	8.984	10.791	13.105	12.940	14.228	16.749	17.723	21.659	22.366	25.995	27.307	25.870	27.789	30.708	32.098	29.301	33.578	35.990	35.418	36.478	39.192	41.252	39.916	39.193	43.817	41.250	46.846	17.251	18.648	18.751	18.135	19.335	16.099	19.822	20.849	15.090	17.763	20.937	19.353	16.563	21.204	23.442	22.005	22.178	26.329	27.129	26.644	29.398	31.619	30.629	32.853	35.326	36.665	36.164	38.980	41.047	40.686	43.305	45.448	46.472
4.886	10.531	13.455	11.535	7.257	8.921	9.007	6.469	2.882	2.130	2.309	2.856	1.349	0.960	1.350	3.272	2.364	2.050	4.289	6.126	6.479	7.870	9.874	11.347	12.219	14.141	15.670	17.131	18.679	20.067	21.238	23.151	24.548	25.903	27.508	29.032	30.434	31.755	32.441	34.772	35.044	34.430	31.303	35.591	39.225	39.838	14.338	12.362	11.483	10.977	7.036	7.472	5.920	8.027	10.573	9.868	10.358	12.905	14.014	17.935	18.530	21.781	23.503	22.067	23.477	26.565	28.163	25.286	29.344	31.805	31.603	32.325	34.884	37.097	36.099	35.166	39.562	36.816	42.434	18.072	19.025	19.350	18.129	19.357	16.359	19.673	19.929	14.478	16.501	19.560	17.275	13.979	18.789	20.770	18.208	18.507	22.922	23.446	22.415	25.435	27.778	26.496	28.500	31.180	32.513	31.751	34.612	36.778	36.456	38.910	41.064	42.249
9.174	14.454	17.559	15.179	10.838	13.505	13.643	10.882	7.159	5.389	2.888	2.617	3.032	1.350	0.997	1.351	3.247	2.581	1.944	4.310	6.103	6.585	7.786	9.840	11.343	12.309	13.511	15.623	17.075	18.011	19.267	21.448	22.608	23.763	25.561	27.231	28.400	29.627	30.780	32.862	33.502	33.070	30.217	34.589	38.363	38.666	9.410	7.947	7.648	6.778	3.638	2.460	2.739	5.207	6.843	5.678	7.344	9.940	10.647	14.508	15.343	19.146	20.238	18.790	20.826	23.682	25.009	22.435	26.589	28.968	28.504	29.673	32.296	34.301	33.148	32.642	37.055	34.576	40.191	12.718	13.650	14.634	13.419	15.336	13.071	16.392	16.153	10.310	13.677	16.489	13.419	11.490	16.476	18.133	15.852	17.055	20.885	20.579	20.303	23.600	25.608	23.929	26.525	29.143	30.098	29.424	32.474	34.592	33.846	36.635	38.923	39.702
10.052	15.697	19.208	17.348	12.623	15.266	14.831	12.621	8.558	7.922	6.258	6.522	5.133	3.272	1.351	0.997	1.351	3.296	2.308	2.025	4.358	6.282	6.630	7.814	10.123	11.409	11.628	13.874	15.826	16.829	17.306	19.872	21.496	22.292	23.889	25.749	27.130	27.954	28.849	31.406	32.255	31.966	28.901	32.975	36.787	37.383	14.189	12.843	12.611	11.723	8.066	6.672	5.326	8.161	9.927	6.825	7.857	10.801	9.986	14.443	15.528	18.882	20.194	17.401	19.727	22.870	23.651	20.285	25.106	27.566	26.268	27.456	30.512	32.396	30.525	29.892	34.861	32.765	38.257	17.413	18.211	19.729	17.868	19.960	17.976	20.896	20.007	14.564	17.342	20.102	16.360	14.124	18.940	20.494	16.555	17.777	22.118	21.451	20.323	23.948	26.165	23.879	26.205	29.136	29.997	28.706	32.037	34.332	33.339	36.004	38.347	39.200
5.177	11.793	15.247	14.407	9.887	10.170	8.399	6.827	2.884	5.870	5.988	8.014	5.627	2.364	3.247	1.351	0.997	1.351	3.284	2.690	1.950	4.494	6.177	6.624	8.153	10.144	11.404	12.501	14.362	15.959	16.699	18.643	20.318	21.669	23.029	24.596	26.196	27.405	27.737	30.377	30.703	30.190	26.915	31.005	34.677	35.473	16.945	15.223	14.337	13.450	9.307	9.066	6.574	8.243	10.882	9.452	8.306	11.133	11.851	15.804	16.341	18.584	21.024	19.229	19.855	23.410	25.126	21.632	25.661	28.278	28.247	28.315	30.883	33.319	32.430	30.955	35.327	32.422	38.036	20.226	20.855	22.017	19.770	21.047	18.796	21.142	20.486	15.616	16.871	19.760	17.032	13.250	17.840	19.728	15.735	16.036	20.896	21.246	19.268	22.542	25.093	23.525	24.960	27.985	29.398	28.049	31.051	33.388	33.154	35.250	37.381	38.853
9.445	15.582	18.278	16.363	12.345	13.270	12.213	8.256	5.847	5.967	2.876	5.627	6.459	2.050	2.581	3.296	1.351	0.997	1.351	3.264	2.653	2.073	4.170	6.066	6.556	8.047	9.899	11.417	12.645	14.003	15.535	17.207	18.471	19.897	21.588	23.021	24.365	25.786	26.646	28.738	29.012	28.440	25.482	29.903	33.612	33.964	13.791	11.339	9.191	7.824	3.566	5.374	2.855	2.793	6.279	6.897	5.341	7.964	9.438	13.103	13.454	15.931	18.227	17.083	17.656	20.956	22.835	20.016	23.663	26.176	26.559	26.845	29.101	31.534	31.032	29.862	33.897	30.954	36.592	16.780	16.516	16.830	14.204	14.793	12.195	14.588	14.704	9.782	10.849	13.930	12.338	8.253	12.841	15.073	12.497	12.370	16.979	17.933	16.453	19.398	21.887	20.696	22.429	25.180	26.602	25.695	28.545	30.756	30.572	32.845	34.982	36.312
12.215	18.452	21.634	19.845	15.409	16.776	15.659	12.666	9.230	9.422	7.221	8.869	8.548	4.289	1.944	2.308	3.284	1.351	0.997	1.351	3.243	2.932	1.986	4.231	6.187	6.650	7.591	9.776	11.344	12.168	13.294	15.540	16.854	17.840	19.585	21.317	22.534	23.678	24.833	26.943	27.762	27.488	24.711	29.018	32.882	33.100	13.523	11.867	11.267	9.976	6.761	4.152	2.407	4.387	5.494	2.357	2.596	5.408	4.851	9.099	10.121	13.736	14.903	12.678	14.963	17.866	18.936	16.337	20.600	22.956	22.286	23.656	26.303	28.215	26.989	26.697	31.042	28.618	34.224	15.651	15.490	17.384	14.457	16.809	15.468	17.605	15.752	11.057	13.316	15.693	11.537	9.445	14.169	15.508	11.438	13.205	17.190	16.039	15.268	18.987	21.058	18.658	21.253	24.103	24.826	23.809	27.066	29.295	28.277	31.079	33.421	34.152
11.919	18.492	22.077	21.111	16.435	17.222	15.317	13.340	9.737	11.445	9.706	11.417	10.228	6.126	4.310	2.025	2.690	3.264	1.351	0.997	1.351	3.344	2.605	2.078	4.462	6.197	6.561	7.927	10.035	11.429	11.704	13.971	15.780	16.899	18.173	19.915	21.520	22.513	22.958	25.651	26.348	26.082	22.940	26.943	30.781	31.414	17.945	16.023	15.034	13.665	9.995	8.631	5.881	7.517	9.585	7.221	5.667	8.644	8.170	12.379	13.121	14.608	17.389	14.904	15.301	19.159	20.783	16.868	20.937	23.641	23.547	23.368	25.993	28.475	27.583	25.947	30.316	27.463	33.063	20.571	20.439	21.977	18.977	20.679	18.932	20.974	19.473	14.915	16.458	18.964	15.403	12.347	16.765	18.120	12.886	13.842	18.678	18.273	15.706	19.478	21.918	19.691	21.042	24.298	25.499	23.643	26.906	29.354	28.883	30.880	33.115	34.525
10.684	17.252	20.500	19.656	15.250	15.134	12.787	10.195	7.377	10.529	8.824	11.876	10.707	6.479	6.103	4.358	1.950	2.653	3.243	1.351	0.997	1.352	3.267	2.726	2.265	4.527	6.368	6.858	8.290	10.197	11.446	12.739	14.318	15.942	17.316	18.638	20.279	21.713	22.020	24.436	24.544	23.996	20.813	25.058	28.790	29.357	19.657	17.276	15.477	13.922	10.146	10.152	6.954	6.882	10.184	9.035	6.233	8.155	9.471	12.877	12.874	13.527	16.985	15.645	14.720	18.749	20.860	17.422	20.590	23.452	24.311	23.625	25.642	28.505	28.341	26.407	30.162	26.894	32.539	22.377	21.932	22.940	19.620	20.347	18.015	19.696	18.753	14.549	15.010	17.433	14.611	10.478	14.443	16.146	11.087	11.022	16.289	16.724	13.619	17.000	19.784	18.327	19.028	22.244	23.863	22.254	25.167	27.578	27.739	29.414	31.410	33.224
14.475	20.740	23.382	21.727	17.727	17.984	16.211	12.055	10.434	11.526	8.234	11.224	12.187	7.870	6.585	6.282	4.494	2.073	2.932	3.344	1.352	0.997	1.351	3.256	2.495	1.996	4.326	6.046	6.744	7.892	9.752	11.327	12.398	13.823	15.638	17.007	18.251	19.732	20.884	22.670	23.089	22.677	19.998	24.512	28.335	28.364	16.828	14.140	12.095	9.682	6.822	6.935	3.499	2.277	5.174	5.473	2.398	3.083	5.740	8.488	8.392	10.239	12.923	12.373	11.846	15.492	17.622	14.849	17.911	20.556	21.574	21.323	23.211	25.903	25.953	24.485	28.105	24.991	30.641	18.952	17.505	18.342	14.356	15.127	13.093	14.369	12.980	9.004	9.668	11.868	8.934	5.060	9.422	11.092	6.939	7.528	12.034	12.467	10.744	13.923	16.305	15.012	16.559	19.472	20.856	19.656	22.593	24.894	24.746	26.823	28.989	30.418
16.591	23.073	26.252	24.899	20.507	21.045	19.067	15.878	13.268	14.734	12.245	14.424	14.371	9.874	7.786	6.630	6.177	4.170	1.986	2.605	3.267	1.351	0.997	1.351	3.247	2.545	1.914	4.164	6.022	6.586	7.398	9.718	11.218	11.918	13.652	15.475	16.735	17.644	18.913	21.080	22.135	22.073	19.381	23.571	27.515	27.648	18.967	16.835	15.488	13.603	10.739	8.650	5.578	6.224	7.779	4.518	2.571	4.554	2.840	6.508	7.566	9.475	11.153	7.518	9.419	12.690	13.495	9.796	14.516	16.996	16.125	16.918	19.927	21.813	20.379	19.596	24.364	22.425	27.914	20.670	19.771	21.605	17.776	19.554	17.881	19.138	17.247	13.369	14.516	15.899	12.217	9.459	13.487	13.931	8.526	10.689	14.754	13.305	11.278	15.408	17.578	14.461	16.474	19.726	20.346	18.457	22.034	24.461	23.217	25.772	28.153	28.992
15.377	21.901	25.283	24.931	20.520	20.112	17.335	15.046	12.438	16.034	14.075	16.585	15.665	11.347	9.840	7.814	6.624	6.066	4.231	2.078	2.726	3.256	1.351	0.997	1.352	3.289	2.604	2.113	4.415	6.286	6.465	7.984	9.995	11.374	12.405	13.956	15.762	16.894	17.030	19.742	20.295	20.085	16.955	20.933	24.826	25.380	22.104	19.817	18.415	16.403	13.437	11.736	8.433	8.907	11.124	8.597	5.901	7.667	7.636	11.092	11.370	11.001	15.006	12.705	10.943	15.610	17.633	13.331	16.274	19.474	20.270	18.982	21.031	24.063	23.809	21.429	25.220	21.918	27.572	24.163	23.231	24.744	20.881	22.263	20.465	21.616	19.928	16.044	16.922	18.376	15.038	11.749	15.379	16.171	10.529	10.949	15.988	15.594	11.314	15.397	18.005	15.633	15.921	19.517	20.951	18.376	21.657	24.252	24.194	25.536	27.637	29.448
16.885	23.097	25.716	24.875	20.800	20.151	17.419	13.687	12.703	15.609	12.725	16.320	16.701	12.219	11.343	10.123	8.153	6.556	6.187	4.462	2.265	2.495	3.247	1.352	0.997	1.352	3.338	2.521	2.046	4.324	6.049	6.788	8.011	9.896	11.420	12.462	14.006	15.646	16.318	18.216	18.322	17.865	14.986	19.477	23.247	23.421	22.542	19.805	17.644	15.271	12.597	12.504	8.995	7.573	10.752	9.903	6.592	6.255	8.869	11.021	9.899	8.704	13.291	12.310	9.320	13.961	16.386	13.194	14.982	18.222	19.857	18.596	19.927	23.199	23.841	21.538	24.564	21.027	26.650	24.653	23.142	23.912	19.642	20.054	17.654	18.163	17.114	13.875	13.307	14.494	12.044	8.195	10.722	12.288	7.279	6.116	11.628	12.409	7.961	11.459	14.515	12.954	12.931	16.397	18.077	16.027	18.961	21.470	21.859	23.162	25.115	27.101
20.190	26.620	29.564	28.407	24.188	24.144	21.744	18.195	16.409	18.488	15.531	18.271	18.723	14.141	12.309	11.409	10.144	8.047	6.650	6.197	4.527	1.996	2.545	3.289	1.352	0.997	1.352	3.216	2.644	1.959	4.127	6.002	5.585	7.777	9.787	11.251	11.819	13.663	15.328	16.730	17.622	17.504	15.484	19.961	23.862	23.385	21.198	18.779	17.244	14.687	12.813	11.149	8.436	7.030	7.713	6.710	3.208	2.350	4.209	4.751	2.581	1.785	5.870	6.301	4.832	7.526	10.240	9.220	10.692	13.184	15.050	15.353	16.510	19.070	20.006	18.902	21.979	18.827	24.447	21.974	19.923	21.342	16.352	17.912	16.625	16.013	13.781	11.760	11.690	10.712	7.520	6.700	8.182	6.785	1.731	4.773	7.429	5.356	3.017	7.340	9.097	6.267	9.000	11.703	12.261	11.715	14.699	16.740	16.135	18.803	21.111	21.913
21.398	27.909	31.177	30.263	25.833	25.953	23.472	20.366	18.183	20.465	17.822	20.234	20.059	15.670	13.511	11.628	11.404	9.899	7.591	6.561	6.368	4.326	1.914	2.604	3.338	1.352	0.997	1.351	3.316	2.564	1.816	4.171	6.060	6.609	7.751	9.714	11.246	12.085	12.986	15.305	16.681	16.964	14.409	18.363	22.353	22.386	23.633	21.446	20.143	17.948	15.708	13.432	10.666	10.308	11.089	8.451	5.548	6.354	5.370	7.566	7.739	7.152	10.300	6.792	6.077	10.416	11.897	7.270	11.142	14.100	14.145	13.462	15.878	18.623	17.883	16.089	20.147	17.087	22.723	24.805	23.512	25.353	20.965	22.633	21.075	21.418	19.416	16.277	16.834	17.118	13.752	11.385	14.319	13.967	8.260	9.853	14.001	12.393	8.912	13.310	15.437	11.686	12.689	16.341	17.113	14.017	17.699	20.350	19.702	21.120	23.447	24.939
21.191	27.416	30.321	30.081	25.890	25.020	21.911	18.835	17.584	21.284	18.803	21.949	21.634	17.131	15.623	13.874	12.501	11.417	9.776	7.927	6.858	6.046	4.164	2.113	2.521	3.216	1.351	0.997	1.352	3.359	2.709	2.084	4.348	6.152	6.816	7.939	9.938	11.319	11.349	13.754	14.227	14.182	11.176	14.992	18.868	19.471	26.590	24.140	22.556	20.198	17.876	16.171	13.008	12.543	14.012	11.938	8.390	8.860	9.676	11.716	10.827	8.862	13.487	11.264	7.555	12.923	15.178	10.999	11.746	15.713	17.355	15.104	16.205	19.865	20.621	17.571	20.253	16.449	22.110	28.100	26.586	28.019	23.509	24.733	22.884	23.066	21.382	18.347	18.274	18.693	15.680	12.915	15.113	15.251	9.931	9.706	14.156	13.359	8.105	12.181	14.792	11.954	11.134	15.013	16.545	13.059	16.332	19.102	19.435	20.002	21.973	24.101
23.915	30.277	33.118	32.286	28.134	27.681	24.939	21.311	20.089	22.775	19.642	22.840	23.272	18.679	17.075	15.826	14.362	12.645	11.344	10.035	8.290	6.744	6.022	4.415	2.046	2.644	3.316	1.352	0.997	1.349	3.228	2.657	2.015	4.304	6.147	6.714	7.926	9.794	11.238	12.278	12.786	12.759	10.736	15.328	19.159	18.608	26.345	23.675	21.927	19.157	17.479	16.326	13.461	11.656	13.100	12.400	8.598	7.215	9.927	10.489	8.237	5.914	10.967	10.428	5.185	10.379	12.924	10.203	9.754	13.479	15.562	13.835	14.404	18.112	19.502	17.014	19.114	15.362	20.903	27.365	25.241	26.314	21.339	22.316	20.471	19.976	18.352	16.030	15.182	14.919	12.251	10.053	11.051	11.020	6.248	5.617	9.642	9.291	3.868	7.927	10.663	8.597	7.858	11.648	13.149	10.117	13.284	15.944	16.351	17.221	19.258	21.256
25.918	32.339	35.289	34.291	30.068	29.890	27.288	23.743	22.198	24.459	21.382	24.121	24.616	20.067	18.011	16.829	15.959	14.003	12.168	11.429	10.197	7.892	6.586	6.286	4.324	1.959	2.564	3.359	1.349	0.997	1.349	3.236	2.620	1.942	4.265	6.039	6.699	7.752	9.831	11.119	13.034	13.678	12.047	16.219	20.020	19.272	26.301	23.968	22.638	20.059	18.427	16.493	14.132	12.552	12.724	11.575	8.363	7.283	7.969	8.060	6.111	3.775	7.915	6.056	2.349	7.024	9.146	6.058	6.813	10.526	12.232	10.508	11.561	14.989	16.101	13.725	16.330	13.002	18.670	26.807	24.726	26.369	21.392	23.144	21.893	21.338	19.103	16.994	16.878	16.099	12.902	11.787	13.057	11.776	6.988	8.331	11.477	9.093	4.908	9.081	11.052	7.178	8.137	11.569	12.290	9.185	13.007	15.621	14.967	16.245	18.647	20.061
26.320	32.795	36.059	35.459	31.053	30.862	28.084	25.110	23.139	25.993	23.334	25.965	25.656	21.238	19.267	17.306	16.699	15.535	13.294	11.704	11.446	9.752	7.398	6.465	6.049	4.127	1.816	2.709	3.228	1.349	0.960	1.351	3.303	2.709	2.053	4.277	6.173	6.573	7.262	9.616	11.523	12.344	10.130	13.718	17.591	17.397	29.101	26.736	25.381	22.907	21.004	19.006	16.277	15.242	15.851	14.054	10.729	10.444	10.783	11.489	9.896	7.387	11.457	9.060	4.370	9.846	11.691	6.939	7.396	11.649	12.804	10.322	11.603	15.291	15.767	12.737	15.253	11.551	17.246	30.032	28.202	29.812	24.954	26.505	24.989	24.591	22.583	20.222	19.945	19.452	16.402	14.766	16.061	15.178	10.352	11.041	14.526	12.431	7.957	12.085	14.151	9.929	10.360	14.041	14.787	10.224	14.022	16.808	16.378	16.578	18.900	20.652
27.945	34.243	37.111	36.658	32.462	31.765	28.719	25.360	24.278	27.428	24.545	27.649	27.718	23.151	21.448	19.872	18.643	17.207	15.540	13.971	12.739	11.327	9.718	7.984	6.788	6.002	4.171	2.084	2.657	3.236	1.351	0.997	1.351	3.289	2.747	2.038	4.319	6.069	6.547	7.763	8.487	9.018	6.901	11.097	14.936	14.439	31.253	28.722	27.066	24.497	22.707	21.104	18.200	16.938	17.973	16.493	12.914	12.368	13.413	13.929	11.965	8.805	13.365	11.614	6.008	11.339	13.717	9.922	7.907	12.904	14.897	11.911	11.838	16.146	17.620	14.468	15.573	11.235	16.738	32.245	30.273	31.591	26.599	27.638	25.723	24.956	23.475	21.377	20.172	19.681	17.260	15.086	15.499	15.242	11.310	9.971	13.545	12.194	7.005	10.215	12.831	9.178	7.967	11.613	13.059	8.295	11.401	14.392	14.872	14.464	16.409	18.723
29.900	36.242	39.076	38.292	34.139	33.659	30.834	27.250	26.092	28.693	25.382	28.242	29.097	24.548	22.608	21.496	20.318	18.471	16.854	15.780	14.318	12.398	11.218	9.995	8.011	5.585	6.060	4.348	2.015	2.620	3.303	1.351	0.997	1.354	3.291	2.611	2.004	4.147	6.196	6.679	8.422	8.881	7.904	12.591	16.116	14.735	29.617	27.110	25.663	22.763	21.804	20.456	18.318	16.000	16.160	16.015	12.882	10.573	12.119	10.691	7.878	3.782	7.955	8.483	2.398	6.077	9.181	8.291	5.017	9.140	11.643	9.545	9.043	13.293	15.133	12.933	13.666	9.719	15.110	29.692	27.009	28.311	22.938	24.379	23.046	21.570	19.725	18.488	17.305	15.714	13.426	12.280	11.683	10.215	7.244	7.141	8.053	5.584	2.406	5.022	6.360	2.692	2.460	5.751	6.780	3.881	6.699	9.292	9.973	10.815	12.924	14.824
31.493	37.910	40.910	40.098	35.844	35.561	32.799	29.361	27.892	30.382	27.315	30.025	30.422	25.903	23.763	22.292	21.669	19.897	17.840	16.899	15.942	13.823	11.918	11.374	9.896	7.777	6.609	6.152	4.304	1.942	2.709	3.289	1.354	0.976	1.351	3.242	2.733	1.908	4.276	5.800	9.283	11.055	10.020	13.526	16.758	15.657	31.809	29.607	28.271	25.778	24.292	22.337	20.006	18.408	18.443	17.092	14.198	12.854	12.792	11.324	9.690	7.321	8.551	5.934	2.272	5.613	5.859	2.479	2.413	5.332	5.741	2.381	5.418	7.769	7.699	4.465	8.279	6.655	11.638	31.940	29.752	31.699	26.613	28.392	27.057	26.054	24.011	22.324	21.591	20.393	17.653	16.434	16.625	15.194	11.766	11.911	13.684	11.092	7.257	10.595	11.727	6.698	7.634	10.969	10.737	6.081	10.321	12.926	11.650	12.149	14.692	16.061
32.409	38.758	41.799	41.384	37.114	36.562	33.526	30.383	28.978	32.007	29.143	31.967	32.030	27.508	25.561	23.889	23.029	21.588	19.585	18.173	17.316	15.638	13.652	12.405	11.420	9.787	7.751	6.816	6.147	4.265	2.053	2.747	3.291	1.351	0.997	1.350	3.310	2.418	2.037	3.905	6.981	8.736	7.451	10.247	13.449	12.756	34.599	32.238	30.831	28.286	26.643	24.740	22.147	20.782	21.149	19.699	16.467	15.630	15.907	15.421	13.337	10.351	13.624	11.419	5.645	10.336	12.022	8.514	5.124	10.543	12.164	8.268	8.529	12.805	13.721	9.883	11.106	6.395	11.974	35.139	33.010	34.633	29.522	31.112	29.666	28.727	26.770	24.977	24.179	23.102	20.406	19.008	19.195	17.935	14.474	14.271	16.164	13.723	9.759	12.725	14.197	9.497	9.549	12.764	13.328	8.062	11.213	14.131	13.640	12.258	14.510	16.555
33.881	40.169	42.975	42.481	38.326	37.626	34.611	31.069	30.174	33.211	30.121	33.267	33.602	29.032	27.231	25.749	24.596	23.021	21.317	19.915	18.638	17.007	15.475	13.956	12.462	11.251	9.714	7.939	6.714	6.039	4.277	2.038	2.611	3.242	1.350	0.997	1.349	3.283	3.197	2.133	4.264	5.265	4.448	8.568	11.858	10.585	35.928	33.325	31.746	28.953	27.689	26.255	23.611	21.803	22.488	21.506	18.099	16.785	17.805	17.099	14.612	10.603	14.536	13.294	6.900	11.027	13.635	10.757	6.044	11.358	13.579	10.219	8.382	13.470	15.319	12.574	11.723	7.079	11.691	36.400	33.868	35.039	29.674	30.865	29.251	27.821	26.240	24.855	23.386	22.041	19.964	18.345	17.662	16.653	13.695	12.667	13.712	11.849	8.187	9.465	11.439	7.964	6.040	9.240	10.672	5.653	7.758	10.948	11.022	9.263	11.328	13.682
35.810	42.148	45.000	44.276	40.107	39.621	36.750	33.178	32.064	34.691	31.475	34.359	34.986	30.434	28.400	27.130	26.196	24.365	22.534	21.520	20.279	18.251	16.735	15.762	14.006	11.819	11.246	9.938	7.926	6.699	6.173	4.319	2.004	2.733	3.310	1.349	0.997	1.348	3.370	3.026	5.348	7.985	7.761	11.660	14.548	12.623	35.647	33.264	31.933	29.146	28.143	26.535	24.357	22.301	22.245	21.628	18.648	16.656	17.282	15.415	13.166	9.028	11.833	10.483	5.161	7.284	9.808	7.891	2.490	7.236	9.660	7.211	4.830	9.920	12.029	10.167	8.785	4.598	9.389	35.550	32.815	34.319	28.925	30.594	29.441	27.784	25.844	24.857	23.704	21.816	19.648	18.750	17.855	16.031	13.455	13.170	13.101	10.505	8.190	9.503	9.507	5.320	4.941	7.997	7.668	2.625	6.279	8.921	7.778	7.565	10.018	11.665
36.967	43.345	46.399	45.819	41.553	41.155	38.246	34.930	33.524	36.261	33.205	35.932	36.253	31.755	29.627	27.954	27.405	25.786	23.678	22.513	21.713	19.732	17.644	16.894	15.646	13.663	12.085	11.319	9.794	7.752	6.573	6.069	4.147	1.908	2.418	3.283	1.348	0.976	1.349	3.117	7.022	9.897	9.680	12.314	14.496	13.165	37.566	35.294	34.013	31.395	30.067	28.187	25.885	24.177	24.158	23.030	20.068	18.561	18.724	17.190	15.218	11.684	13.768	11.477	7.066	9.575	9.483	6.526	2.591	7.065	6.123	2.799	2.670	5.655	5.979	2.307	3.780	1.861	6.913	37.672	35.249	36.959	31.692	33.473	32.268	30.897	28.868	27.577	26.629	25.008	22.564	21.540	21.071	19.357	16.516	16.385	16.784	14.125	11.442	13.175	13.412	8.916	8.759	11.784	11.112	6.229	9.386	12.017	10.527	9.620	11.985	13.466
36.487	42.748	45.731	45.619	41.404	40.560	37.368	34.345	33.108	36.739	34.046	37.164	36.934	32.441	30.780	28.849	27.737	26.646	24.833	22.958	22.020	20.884	18.913	17.030	16.318	15.328	12.986	11.349	11.238	9.831	7.262	6.547	6.196	4.276	2.037	3.197	3.370	1.349	0.996	1.349	4.436	7.133	6.784	8.327	10.361	9.409	40.038	37.659	36.204	33.640	32.112	30.334	27.657	26.259	26.596	25.309	22.086	21.004	21.311	20.088	17.972	14.406	16.872	14.897	9.775	12.563	13.942	11.105	5.591	11.280	12.545	8.703	6.789	11.807	13.145	9.080	8.206	2.923	7.577	40.337	37.945	39.548	34.270	35.880	34.498	33.148	31.279	29.899	28.770	27.291	24.952	23.664	23.147	21.704	18.804	18.257	18.863	16.482	13.495	14.859	15.468	11.422	10.558	13.367	13.081	8.224	9.651	12.887	12.037	9.531	11.023	13.608
39.689	45.978	48.814	48.328	44.168	43.486	40.453	36.988	36.007	38.990	35.865	38.907	39.335	34.772	32.862	31.406	30.377	28.738	26.943	25.651	24.436	22.670	21.080	19.742	18.216	16.730	15.305	13.754	12.278	11.119	9.616	7.763	6.679	5.800	3.905	2.133	3.026	3.117	1.349	0.997	1.350	4.396	5.933	7.480	9.184	7.412	40.962	38.507	37.045	34.300	33.098	31.513	29.066	27.208	27.486	26.618	23.413	21.863	22.512	21.007	18.739	14.727	17.464	15.950	10.578	12.847	14.811	12.413	6.390	11.804	13.744	10.199	7.502	12.741	14.520	11.764	9.941	5.162	8.459	41.102	38.474	39.885	34.480	35.947	34.560	32.839	31.178	30.110	28.668	26.912	24.999	23.722	22.614	21.213	18.663	17.636	17.562	15.601	12.919	13.079	13.373	10.362	8.584	10.579	10.413	6.213	6.471	9.769	9.607	6.981	8.678	11.274
39.450	45.527	48.027	47.665	43.663	42.680	39.568	35.869	35.502	38.679	35.443	38.919	39.611	35.044	33.502	32.255	30.703	29.012	27.762	26.348	24.544	23.089	22.135	20.295	18.322	17.622	16.681	14.227	12.786	13.034	11.523	8.487	8.422	9.283	6.981	4.264	5.348	7.022	4.436	1.350	0.995	1.349	3.582	5.898	6.953	3.865	41.847	39.103	37.355	34.456	33.346	32.363	29.681	27.446	28.502	28.007	24.481	22.667	24.380	23.013	20.459	16.070	19.399	18.656	12.764	14.722	17.429	15.653	9.601	14.052	16.572	13.675	9.999	15.284	17.422	15.171	12.753	8.296	9.443	42.230	39.420	40.366	34.895	35.885	34.137	32.390	31.147	30.023	28.127	26.660	25.111	23.344	22.071	21.281	18.752	16.979	17.329	15.963	12.972	12.572	13.425	10.875	8.352	9.748	10.614	6.772	4.634	9.148	9.721	6.747	5.657	10.692
38.588	44.526	46.798	46.487	42.589	41.453	38.344	34.461	34.504	37.690	34.384	38.034	38.941	34.430	33.070	31.966	30.190	28.440	27.488	26.082	23.996	22.677	22.073	20.085	17.865	17.504	16.964	14.182	12.759	13.678	12.344	9.018	8.881	11.055	8.736	5.265	7.985	9.897	7.133	4.396	1.349	0.997	1.342	3.477	4.475	2.907	41.433	38.541	36.639	33.669	32.596	31.995	29.235	26.688	28.231	27.976	24.342	22.281	24.657	23.658	20.879	16.480	20.684	20.426	13.801	16.990	20.024	18.301	12.655	17.605	20.034	16.888	13.864	19.199	21.229	18.610	16.520	11.742	14.006	41.963	39.141	39.737	34.292	34.899	32.922	31.117	30.229	29.088	26.883	25.614	24.385	22.333	20.873	20.621	18.163	15.831	16.595	15.991	12.567	11.544	14.124	12.361	8.544	9.898	12.752	9.139	6.139	11.237	12.893	10.163	8.457	14.092
34.824	40.736	43.052	42.948	39.024	37.773	34.531	30.862	30.855	34.433	31.371	35.186	35.795	31.303	30.217	28.901	26.915	25.482	24.711	22.940	20.813	19.998	19.381	16.955	14.986	15.484	14.409	11.176	10.736	12.047	10.130	6.901	7.904	10.020	7.451	4.448	7.761	9.680	6.784	5.933	3.582	1.342	1.080	1.348	4.361	4.933	39.637	36.725	34.686	31.843	30.369	29.871	26.843	24.495	26.542	25.976	22.206	20.529	23.017	22.694	19.956	15.691	20.151	19.667	12.948	16.823	19.744	17.510	12.548	17.751	20.049	16.675	14.725	19.888	21.693	18.507	17.406	12.276	15.796	40.594	38.076	38.675	33.374	33.866	31.676	30.315	29.423	27.847	25.771	24.974	23.477	21.099	20.223	20.228	17.444	14.932	16.716	15.967	11.911	11.762	14.729	12.776	8.833	11.570	13.949	9.965	9.423	13.494	15.070	13.023	12.754	17.332
38.476	44.314	46.633	46.914	42.976	41.563	38.145	34.759	34.749	38.726	35.914	39.792	40.066	35.591	34.589	32.975	31.005	29.903	29.018	26.943	25.058	24.512	23.571	20.933	19.477	19.961	18.363	14.992	15.328	16.219	13.718	11.097	12.591	13.526	10.247	8.568	11.660	12.314	8.327	7.480	5.898	3.477	1.348	0.997	1.344	3.190	44.502	41.640	39.582	36.865	35.257	34.619	31.519	29.425	31.415	30.537	26.793	25.453	27.513	27.343	24.761	20.651	24.990	23.908	17.386	21.366	23.962	21.102	15.917	21.507	23.400	19.471	17.510	22.658	24.102	20.320	18.800	13.624	15.708	45.544	43.139	43.820	38.559	39.069	36.859	35.519	34.649	33.034	30.972	30.211	28.685	26.298	25.459	25.500	22.665	20.138	22.018	21.273	17.127	17.007	20.000	17.874	14.126	16.412	18.799	14.614	12.412	17.494	18.696	15.638	13.775	19.494
41.676	47.362	49.493	49.959	46.092	44.532	41.040	37.641	37.960	42.034	39.259	43.263	43.654	39.225	38.363	36.787	34.677	33.612	32.882	30.781	28.790	28.335	27.515	24.826	23.247	23.862	22.353	18.868	19.159	20.020	17.591	14.936	16.116	16.758	13.449	11.858	14.548	14.496	10.361	9.184	6.953	4.475	4.361	1.344	0.960	1.346	48.145	45.232	43.072	40.346	38.812	38.385	35.287	32.993	35.115	34.409	30.657	29.140	31.355	30.947	28.308	24.078	28.272	27.257	20.864	24.251	26.788	24.153	18.488	23.898	25.666	21.894	19.286	24.355	25.722	22.018	19.898	15.000	15.695	49.136	46.605	47.146	41.822	42.221	39.977	38.440	37.736	36.307	34.044	33.171	31.926	29.553	28.382	28.470	25.877	23.217	24.590	24.060	20.337	19.442	22.159	20.243	16.635	17.779	20.418	16.669	12.780	18.482	19.642	16.460	13.502	19.936
43.245	49.082	51.254	51.286	47.411	46.045	42.758	39.057	39.304	42.879	39.727	43.533	44.312	39.838	38.666	37.383	35.473	33.964	33.100	31.414	29.357	28.364	27.648	25.380	23.421	23.385	22.386	19.471	18.608	19.272	17.397	14.439	14.735	15.657	12.756	10.585	12.623	13.165	9.409	7.412	3.865	2.907	4.933	3.190	1.346	0.996	47.413	44.515	42.476	39.569	38.404	37.900	35.045	32.487	34.210	33.881	30.216	28.282	30.516	29.454	26.782	22.385	26.267	25.687	19.401	22.037	24.828	22.760	16.782	21.587	23.868	20.561	17.191	22.231	24.075	20.845	18.333	13.839	13.691	47.944	45.093	45.666	40.207	40.716	38.675	36.795	36.041	34.973	32.638	31.381	30.323	28.239	26.647	26.460	24.153	21.680	22.231	21.708	18.507	17.105	19.203	17.461	14.055	14.548	16.994	13.712	8.790	14.629	15.723	12.487	8.907	15.553
21.184	24.358	26.235	22.554	20.259	23.359	25.307	21.697	19.294	14.691	13.170	10.501	13.219	14.338	9.410	14.189	16.945	13.791	13.523	17.945	19.657	16.828	18.967	22.104	22.542	21.198	23.633	26.590	26.345	26.301	29.101	31.253	29.617	31.809	34.599	35.928	35.647	37.566	40.038	40.962	41.847	41.433	39.637	44.502	48.145	47.413	1.036	1.349	4.381	5.738	8.237	6.642	10.819	12.540	8.836	11.738	14.743	15.877	16.290	18.373	19.888	23.690	22.508	23.474	26.467	28.278	28.528	29.049	32.376	33.933	33.174	36.190	38.328	39.348	38.180	40.103	43.473	41.964	47.536	2.027	4.578	5.725	7.506	10.641	9.938	13.867	13.197	9.078	14.159	16.307	13.344	15.290	19.122	20.187	20.058	22.519	24.493	23.339	25.946	28.503	28.212	28.043	31.864	33.583	33.780	34.636	37.686	38.658	37.429	41.524	43.717	42.906
19.156	22.600	24.212	20.806	18.362	20.978	22.756	18.973	16.633	12.506	10.550	8.362	11.493	12.362	7.947	12.843	15.223	11.339	11.867	16.023	17.276	14.140	16.835	19.817	19.805	18.779	21.446	24.140	23.675	23.968	26.736	28.722	27.110	29.607	32.238	33.325	33.264	35.294	37.659	38.507	39.103	38.541	36.725	41.640	45.232	44.515	1.349	0.960	1.346	2.913	5.698	4.881	8.711	9.880	6.409	9.874	12.516	13.323	14.495	16.813	17.892	21.481	21.100	22.050	24.633	26.348	27.242	27.469	30.534	32.267	32.033	34.613	36.554	37.946	37.119	38.514	41.857	39.900	45.496	4.520	5.440	5.765	5.858	7.912	6.821	10.613	10.475	6.019	10.774	13.043	10.948	12.264	15.929	17.149	17.299	19.485	21.443	20.950	23.182	25.614	25.574	25.728	29.202	30.685	31.361	32.315	35.109	36.198	35.351	39.121	41.221	40.822
18.177	21.958	23.339	20.148	17.639	19.599	21.012	16.844	14.766	11.414	8.616	7.615	11.057	11.483	7.648	12.611	14.337	9.191	11.267	15.034	15.477	12.095	15.488	18.415	17.644	17.244	20.143	22.556	21.927	22.638	25.381	27.066	25.663	28.271	30.831	31.746	31.933	34.013	36.204	37.045	37.355	36.639	34.686	39.582	43.072	42.476	4.381	1.346	0.960	1.351	3.627	4.243	7.383	7.789	5.631	9.188	11.386	12.291	13.675	16.270	17.039	20.488	20.509	21.621	23.762	25.531	26.820	26.895	29.707	31.558	31.719	33.972	35.733	37.390	36.866	37.870	41.129	38.804	44.462	6.638	5.616	5.983	5.451	7.256	5.580	9.291	9.495	5.662	9.369	11.875	10.300	10.675	14.222	15.836	15.947	17.570	19.857	19.845	21.772	23.981	24.455	24.628	27.773	29.224	30.236	31.120	33.752	35.007	34.426	37.907	39.950	39.928
17.853	22.128	23.653	20.429	17.797	19.408	20.553	16.159	14.340	11.347	8.157	7.413	10.788	10.977	6.778	11.723	13.450	7.824	9.976	13.665	13.922	9.682	13.603	16.403	15.271	14.687	17.948	20.198	19.157	20.059	22.907	24.497	22.763	25.778	28.286	28.953	29.146	31.395	33.640	34.300	34.456	33.669	31.843	36.865	40.346	39.569	5.738	2.913	1.351	0.997	1.352	3.040	5.654	4.998	3.421	7.247	9.023	9.340	11.483	14.172	14.538	17.653	18.247	19.603	21.382	22.980	24.738	24.844	27.278	29.204	29.831	31.807	33.367	35.210	35.065	35.795	38.906	36.287	41.914	8.120	7.168	6.645	5.283	5.624	3.605	6.720	7.245	3.187	5.761	8.326	7.270	6.879	10.596	12.243	12.619	14.186	16.419	16.875	18.536	20.692	21.348	21.672	24.629	26.070	27.270	28.244	30.705	31.998	31.655	34.974	36.969	37.106
14.111	19.133	21.192	18.258	15.018	16.517	16.952	12.675	10.629	8.329	4.643	5.094	7.793	7.036	3.638	8.066	9.307	3.566	6.761	9.995	10.146	6.822	10.739	13.437	12.597	12.813	15.708	17.876	17.479	18.427	21.004	22.707	21.804	24.292	26.643	27.689	28.143	30.067	32.112	33.098	33.346	32.596	30.369	35.257	38.812	38.404	8.237	5.698	3.627	1.352	0.960	1.340	2.627	2.727	2.903	5.002	6.667	8.144	9.712	13.000	13.400	16.979	17.821	18.372	20.212	22.267	23.907	23.277	26.234	28.243	28.675	30.439	32.286	34.160	33.799	34.178	37.646	35.038	40.713	11.022	10.565	10.547	8.489	9.378	6.962	9.945	10.249	5.053	7.651	10.548	8.416	6.810	11.462	13.242	12.425	13.784	16.819	17.098	18.107	20.588	21.930	21.381	24.330	26.325	27.340	27.778	30.441	32.063	31.527	34.724	36.861	37.166
15.064	19.901	22.254	19.303	15.852	18.133	18.734	14.907	12.358	9.576	6.211	5.434	8.043	7.472	2.460	6.672	9.066	5.374	4.152	8.631	10.152	6.935	8.650	11.736	12.504	11.149	13.432	16.171	16.326	16.493	19.006	21.104	20.456	22.337	24.740	26.255	26.535	28.187	30.334	31.513	32.363	31.995	29.871	34.619	38.385	37.900	6.642	4.881	4.243	3.040	1.340	1.080	1.352	3.237	2.503	2.105	4.222	6.418	7.147	10.610	11.409	15.501	16.083	15.666	17.995	20.300	21.596	20.482	23.972	26.017	25.891	27.837	30.030	31.744	30.931	31.419	35.178	32.941	38.604	9.052	9.150	10.519	8.548	10.937	9.502	12.587	11.360	5.875	9.993	12.351	8.429	8.102	12.892	14.139	12.079	14.441	17.322	16.325	17.341	20.450	21.796	20.251	23.580	25.947	26.425	26.449	29.523	31.299	30.221	33.592	35.897	36.009
