0.995	1.350	3.967	6.329	9.315	12.734	16.248	16.865	18.665	23.896	24.776	26.405	31.250	33.103	30.136	35.537	34.595	28.115	31.572	35.615	32.882	28.694	33.501	36.212	31.395	29.590	36.799	36.771	33.301	36.146	38.860	36.891	33.046	39.301	41.317	38.236	39.152	42.657	43.831	42.022	41.307	44.730	43.462	45.067	47.849	47.707	16.361	19.967	19.529	23.079	25.300	24.653	29.086	28.513	23.359	29.001	31.220	27.402	28.322	32.816	33.990	31.029	34.079	37.165	35.625	35.940	39.712	41.469	38.881	42.227	44.981	45.564	44.297	47.961	50.221	49.029	51.203	51.228	56.276	11.304	9.067	9.093	10.212	13.937	16.774	17.884	20.650	20.483	18.506	21.798	24.320	23.264	22.574	26.977	28.628	25.080	28.668	31.934	31.996	31.875	35.124	36.602	37.208	37.940	40.956	42.056	43.028	44.033	46.205	47.914	48.822	51.424
1.350	0.960	1.349	3.686	6.094	9.267	12.985	13.896	15.022	20.362	21.675	23.305	27.811	29.941	27.433	32.879	31.793	25.650	29.650	33.397	30.579	26.747	32.118	34.525	30.067	29.206	35.794	35.741	32.926	35.840	38.538	36.858	33.494	39.665	41.710	39.166	40.385	43.683	44.942	43.702	43.490	47.229	46.319	48.252	51.292	51.378	13.336	16.985	17.295	20.947	23.208	23.026	27.376	26.488	22.083	27.741	29.834	25.878	27.786	31.920	33.024	30.739	33.848	36.652	35.250	36.126	39.716	41.122	39.250	42.740	45.237	45.933	45.303	48.639	50.537	49.468	52.265	53.079	57.643	8.748	6.702	8.023	9.675	13.152	14.844	16.546	19.242	18.895	18.218	21.303	23.679	23.338	23.349	27.149	28.823	26.390	29.803	32.589	33.006	33.715	36.279	37.331	38.931	39.863	42.345	43.442	44.993	45.914	47.232	49.555	50.582	53.471
3.967	1.349	0.997	1.349	3.697	6.278	9.721	11.553	12.699	17.803	19.245	21.420	25.683	27.984	25.411	31.079	30.312	24.297	28.383	32.143	29.659	25.873	31.355	33.899	30.033	29.437	35.612	35.855	33.392	36.190	38.915	37.659	34.439	40.485	42.609	40.500	41.725	44.913	46.298	45.459	45.595	49.330	48.524	50.730	53.863	53.971	12.132	15.346	15.662	19.398	21.385	21.417	25.742	24.881	21.047	26.596	28.642	24.941	27.348	31.213	32.392	30.792	33.616	36.288	35.298	36.331	39.694	40.977	39.709	43.066	45.374	46.321	46.032	49.076	50.657	49.966	52.977	54.181	58.530	8.654	6.217	9.114	10.921	14.046	14.584	16.076	18.645	18.868	18.897	21.495	23.724	24.177	24.338	27.677	29.451	27.887	30.794	33.302	34.168	35.187	37.146	38.199	40.317	41.149	43.430	44.633	46.372	47.147	48.119	50.814	51.949	54.986
6.329	3.686	1.349	0.997	1.348	3.808	6.945	8.470	10.629	15.308	16.200	18.972	23.256	25.491	22.248	28.166	28.024	21.741	25.233	29.542	27.617	23.467	28.350	31.659	28.342	26.888	33.300	34.104	31.537	33.961	36.809	36.021	32.436	38.412	40.721	38.854	39.700	42.964	44.572	43.873	44.240	47.707	46.715	49.152	52.279	52.217	10.621	13.039	12.337	15.957	17.279	16.779	21.235	21.186	17.103	22.374	24.649	21.763	23.586	27.447	28.951	27.781	29.885	32.743	32.485	33.005	36.130	37.821	36.788	39.690	41.951	43.282	42.965	45.761	47.288	47.178	49.931	51.276	55.487	8.259	4.893	7.481	10.107	12.467	12.652	13.331	15.792	17.104	16.637	18.751	21.119	22.152	21.621	24.869	27.003	25.660	27.784	30.548	31.917	32.614	34.047	35.767	37.871	38.157	40.640	42.213	43.804	44.258	45.460	48.263	49.657	52.685
9.315	6.094	3.697	1.348	0.997	1.350	4.382	5.139	6.245	11.419	12.677	14.380	18.881	21.013	18.572	24.056	23.137	17.100	21.372	24.941	22.385	18.683	24.390	26.721	23.031	22.903	28.631	28.903	26.741	29.539	32.231	31.231	28.274	34.161	36.288	34.577	35.933	38.930	40.360	39.962	40.455	44.219	43.693	46.205	49.432	49.653	4.816	8.191	9.000	12.659	15.043	15.508	19.626	18.179	14.779	20.355	22.169	18.063	21.118	24.766	25.746	24.311	27.395	29.813	28.658	30.154	33.419	34.329	33.448	36.915	39.058	39.971	40.065	42.961	44.230	43.571	46.896	48.518	52.611	2.595	1.762	5.932	6.687	8.407	7.729	9.654	11.911	11.994	13.052	15.321	17.105	18.104	18.966	21.663	23.171	22.693	25.419	27.243	28.349	30.007	31.397	32.087	34.733	35.877	37.721	38.812	40.862	41.719	42.047	45.117	46.334	49.419
12.734	9.267	6.278	3.808	1.350	0.997	1.347	3.570	5.518	9.717	10.897	14.091	17.876	20.327	17.631	23.556	23.356	17.732	21.930	25.550	23.813	20.347	25.787	28.477	25.778	25.935	31.014	31.706	30.086	32.637	35.302	34.875	32.118	37.713	39.893	38.681	39.985	42.833	44.346	44.352	45.077	48.802	48.350	51.065	54.324	54.510	7.525	8.739	8.997	12.922	14.298	14.812	18.950	17.938	15.709	20.695	22.514	19.322	22.838	25.995	27.200	26.913	29.280	31.525	31.238	32.727	35.522	36.367	36.373	39.456	41.152	42.599	43.118	45.572	46.265	46.403	49.806	51.861	55.683	7.532	6.621	10.771	12.082	13.098	11.369	12.791	14.369	15.563	17.148	18.791	20.109	22.150	23.038	25.123	26.720	27.119	29.103	30.594	32.360	34.129	34.619	35.647	38.654	39.589	41.226	42.567	44.732	45.327	45.360	48.833	50.045	53.384
16.248	12.985	9.721	6.945	4.382	1.347	0.997	1.348	3.103	6.107	8.074	11.783	14.666	17.454	15.084	20.925	20.753	15.785	20.116	23.459	21.911	18.922	24.232	26.797	24.431	25.210	29.741	30.341	29.241	31.763	34.336	34.131	31.742	37.078	39.198	38.320	39.737	42.403	43.846	44.217	45.138	48.876	48.606	51.492	54.764	54.982	6.545	7.320	7.940	11.613	12.352	13.196	16.984	16.064	14.957	19.373	21.023	18.113	22.046	24.836	26.017	26.223	28.405	30.460	30.347	32.131	34.648	35.231	35.740	38.753	40.104	41.741	42.597	44.855	45.144	45.546	49.128	51.393	55.100	8.595	8.704	12.581	13.884	13.802	11.328	13.038	13.932	15.059	17.329	18.859	19.567	22.049	23.348	25.021	26.305	27.451	29.212	30.196	32.249	34.286	34.325	35.211	38.559	39.604	40.903	42.239	44.606	45.159	44.803	48.544	49.638	53.131
16.865	13.896	11.553	8.470	5.139	3.570	1.348	0.997	1.341	3.677	4.033	7.126	11.270	13.363	10.122	16.082	16.353	10.558	14.600	18.260	17.103	13.688	18.782	21.690	19.824	19.956	24.548	25.653	24.472	26.717	29.316	29.517	26.944	32.139	34.364	33.767	34.954	37.581	39.188	39.700	40.813	44.358	44.056	47.124	50.392	50.550	3.330	2.969	2.530	5.839	7.142	8.366	12.019	10.528	9.471	13.899	15.443	12.468	16.564	19.260	20.402	20.790	22.920	24.864	24.943	26.674	29.100	29.670	30.365	33.253	34.530	36.244	37.214	39.354	39.550	40.145	43.674	46.125	49.662	6.449	6.759	9.565	11.210	9.989	7.261	8.400	8.774	10.680	12.771	13.992	14.490	17.379	18.656	19.978	21.382	22.845	24.266	24.998	27.409	29.408	29.045	30.113	33.583	34.538	35.678	37.198	39.572	40.009	39.531	43.430	44.674	48.151
18.665	15.022	12.699	10.629	6.245	5.518	3.103	1.341	1.080	1.348	3.296	5.930	9.216	11.718	9.800	15.366	14.773	10.116	14.867	17.755	16.046	13.708	19.201	21.177	18.910	20.660	24.507	24.771	24.301	26.898	29.319	29.181	27.430	32.417	34.372	33.771	35.475	37.904	39.076	39.876	40.931	44.796	44.859	47.826	51.103	51.495	2.814	2.393	4.558	7.582	9.009	11.540	14.365	11.558	12.142	16.183	17.182	13.516	18.660	20.961	21.695	22.122	24.712	26.269	25.791	28.343	30.675	30.510	31.533	34.732	35.756	37.286	38.567	40.776	40.637	40.879	44.873	47.404	50.901	6.601	8.441	11.617	11.809	11.170	7.915	10.596	10.329	10.775	14.200	15.910	15.448	18.353	20.394	21.718	22.102	24.237	26.268	26.133	28.427	30.976	30.842	30.982	34.840	36.390	37.012	38.093	40.864	41.619	40.487	44.531	45.460	49.014
23.896	20.362	17.803	15.308	11.419	9.717	6.107	3.677	1.348	0.997	1.342	3.687	5.247	8.176	7.465	12.260	11.684	8.153	12.785	15.292	14.058	12.614	17.535	19.336	17.939	19.982	23.171	23.589	23.854	26.144	28.393	28.809	27.484	31.918	33.814	33.839	35.449	37.639	38.680	40.100	41.574	45.266	45.542	48.875	52.114	52.528	6.971	3.782	6.054	7.288	8.261	11.475	13.554	10.022	12.301	15.729	16.272	12.655	18.295	20.151	20.670	21.582	24.061	25.110	24.864	27.794	29.817	29.128	30.852	33.941	34.463	36.174	37.852	39.877	39.215	39.708	43.924	46.713	49.990	11.715	13.531	16.234	16.240	14.858	10.817	13.276	10.889	12.114	16.098	17.294	15.376	19.329	21.551	22.278	22.203	25.376	26.894	25.764	28.821	31.489	30.678	30.621	34.987	36.614	36.645	37.810	40.835	41.426	39.773	44.196	45.088	48.727
24.776	21.675	19.245	16.200	12.677	10.897	8.074	4.033	3.296	1.342	1.080	1.341	3.642	5.995	3.696	9.447	9.699	5.580	9.418	12.544	12.203	10.205	14.350	17.033	16.409	17.454	20.734	21.873	22.018	23.913	26.191	27.110	25.456	29.751	31.809	32.131	33.431	35.564	36.876	38.304	39.973	43.418	43.587	47.103	50.310	50.584	7.475	3.457	3.845	3.918	4.521	8.058	9.689	5.979	8.702	11.845	12.264	9.353	14.657	16.325	17.011	18.411	20.443	21.352	21.881	24.413	26.162	25.770	27.815	30.501	30.798	32.898	34.627	36.410	35.598	36.693	40.642	43.589	46.748	12.605	14.059	15.582	16.020	13.952	9.792	11.553	8.600	10.846	14.380	15.127	12.936	17.426	19.377	19.774	20.082	23.232	24.247	23.004	26.613	29.044	27.607	28.080	32.510	33.804	33.735	35.313	38.216	38.408	36.903	41.511	42.555	46.220
26.405	23.305	21.420	18.972	14.380	14.091	11.783	7.126	5.930	3.687	1.341	1.080	1.348	3.094	2.784	6.580	5.674	2.444	6.681	8.975	8.006	6.977	11.541	13.242	12.350	14.288	17.176	17.833	18.336	20.385	22.541	23.294	22.212	26.252	28.124	28.528	30.027	32.068	33.067	34.778	36.553	40.097	40.513	44.091	47.283	47.719	7.765	3.997	5.489	3.977	6.311	10.530	11.142	5.810	9.048	12.295	11.972	7.708	13.771	15.385	15.372	16.274	18.990	19.598	19.084	22.437	24.429	23.221	25.211	28.394	28.764	30.304	32.175	34.223	33.423	33.738	38.125	40.980	44.166	12.742	15.068	16.105	15.482	13.530	9.256	11.760	7.626	8.725	13.367	14.137	10.485	15.254	17.639	17.907	17.156	20.928	22.364	20.318	23.850	26.663	25.536	25.052	29.782	31.577	31.124	32.239	35.458	36.021	33.995	38.588	39.456	43.095
31.250	27.811	25.683	23.256	18.881	17.876	14.666	11.270	9.216	5.247	3.642	1.348	0.960	1.347	3.602	5.645	5.763	6.189	8.753	10.425	10.254	11.458	14.194	15.653	15.836	18.295	20.304	20.776	22.404	24.311	26.003	27.084	26.749	30.236	31.884	32.647	34.264	36.115	36.667	38.966	40.920	44.475	45.115	48.771	51.906	52.382	12.596	8.919	10.512	8.712	10.069	14.278	13.772	8.831	13.377	15.956	14.564	12.187	17.786	18.345	18.622	20.486	22.645	21.861	22.743	26.062	27.434	25.548	28.950	31.694	30.801	33.107	35.464	37.140	35.237	36.430	41.039	44.229	47.007	17.496	20.064	21.456	20.425	18.750	14.475	17.167	12.893	13.804	18.684	19.457	15.488	20.416	22.888	22.989	21.987	26.024	27.366	24.747	28.701	31.583	29.945	29.283	34.426	36.255	35.230	36.410	39.855	40.079	37.545	42.603	43.041	46.988
33.103	29.941	27.984	25.491	21.013	20.327	17.454	13.363	11.718	8.176	5.995	3.094	1.347	0.960	1.348	2.685	2.136	2.376	4.751	6.413	6.746	8.160	10.347	11.724	12.652	14.478	16.253	17.265	18.863	20.463	22.044	23.496	23.307	26.409	28.093	29.227	30.668	32.348	32.994	35.455	37.756	41.025	41.726	45.632	48.683	49.103	14.381	10.563	11.374	8.067	9.991	13.830	12.221	7.205	11.755	14.074	11.853	9.488	14.795	15.241	14.988	16.851	19.115	18.345	18.735	22.247	23.794	21.631	24.968	27.834	27.090	29.112	31.504	33.288	31.460	32.366	37.068	40.226	43.013	19.197	21.716	22.270	21.311	18.682	14.928	16.945	11.659	12.812	17.710	17.903	12.794	18.331	20.646	20.030	18.948	23.208	24.252	20.985	25.464	28.286	26.235	25.394	30.789	32.609	31.282	32.493	36.006	36.147	33.489	38.606	39.144	43.010
30.136	27.433	25.411	22.248	18.572	17.631	15.084	10.122	9.800	7.465	3.696	2.784	3.602	1.348	0.997	1.351	3.314	2.339	1.991	4.110	6.027	6.306	7.058	9.783	11.422	12.241	13.906	15.739	17.040	18.224	19.820	21.616	21.164	24.106	25.984	27.348	28.540	30.102	31.085	33.424	35.945	38.905	39.517	43.588	46.576	46.841	12.477	8.343	7.399	4.194	4.929	8.592	6.587	2.334	6.894	8.849	6.870	6.118	10.474	10.645	11.208	13.436	15.182	14.403	15.756	18.783	19.940	18.393	21.876	24.369	23.550	25.944	28.230	29.826	28.109	29.449	33.838	37.103	39.852	17.242	18.968	19.288	19.548	16.542	12.603	13.758	8.661	11.555	15.285	14.886	10.538	16.305	18.113	17.114	16.965	20.877	21.146	18.188	23.102	25.664	23.022	22.735	28.165	29.623	28.278	29.833	33.217	32.992	30.530	35.765	36.453	40.305
35.537	32.879	31.079	28.166	24.056	23.556	20.925	16.082	15.366	12.260	9.447	6.580	5.645	2.685	1.351	0.997	1.351	3.238	3.003	2.107	4.376	6.286	6.163	7.883	10.069	11.429	12.082	13.910	15.770	17.087	18.006	20.101	20.513	22.763	24.455	26.011	27.417	28.755	29.338	32.163	34.928	37.804	38.693	42.883	45.779	46.147	17.450	13.530	13.068	9.114	10.441	13.448	10.678	6.705	11.133	12.347	9.134	8.960	12.853	11.629	11.614	13.971	15.909	13.405	14.870	18.445	19.129	16.388	20.908	23.409	21.530	24.117	26.798	28.215	25.599	27.253	31.983	35.405	37.754	21.933	24.080	24.165	23.601	20.245	17.008	18.062	12.490	14.112	18.653	17.907	12.129	17.871	20.003	18.240	17.141	21.611	22.180	17.933	23.064	25.829	23.055	21.877	27.701	29.458	27.445	28.761	32.422	32.100	29.056	34.557	34.882	38.830
34.595	31.793	30.312	28.024	23.137	23.356	20.753	16.353	14.773	11.684	9.699	5.674	5.763	2.136	3.314	1.351	0.997	1.354	3.376	2.591	1.939	4.386	6.257	6.606	7.986	9.984	11.409	12.088	14.088	15.859	17.081	18.565	19.099	21.705	23.180	24.428	26.018	27.587	27.924	30.708	33.179	36.413	37.351	41.347	44.331	44.874	16.042	12.829	13.573	9.716	12.397	15.638	13.160	8.553	12.557	14.463	11.497	8.956	13.751	13.896	12.317	14.077	16.760	15.529	14.694	19.032	20.772	17.777	20.980	24.283	23.704	24.927	27.528	29.533	27.915	27.908	32.947	35.978	38.796	20.321	23.004	23.101	21.438	18.311	15.466	17.117	11.714	11.838	16.966	16.808	10.758	16.074	18.620	17.472	15.561	20.253	21.536	17.354	21.794	24.866	22.947	21.151	26.841	28.909	27.219	28.057	31.845	32.215	29.077	34.190	34.525	38.383
28.115	25.650	24.297	21.741	17.100	17.732	15.785	10.558	10.116	8.153	5.580	2.444	6.189	2.376	2.339	3.238	1.354	0.997	1.351	3.260	2.732	2.171	4.513	6.226	6.819	8.156	10.301	11.591	12.596	14.129	15.979	17.314	16.920	20.099	21.875	22.953	24.308	26.038	26.906	29.135	31.451	34.675	35.352	39.291	42.346	42.801	10.273	6.949	6.851	3.148	6.681	9.967	8.867	3.242	6.675	9.607	8.193	3.912	9.812	11.047	9.931	11.215	14.047	13.766	12.727	16.764	18.722	16.537	19.021	22.354	22.452	23.623	25.846	27.914	26.907	26.882	31.554	34.516	37.546	14.170	16.445	16.470	15.466	12.283	9.039	10.697	5.413	6.357	11.180	11.479	6.652	11.871	14.255	14.047	12.734	17.030	18.314	14.846	19.196	22.122	20.367	19.107	24.491	26.468	25.180	26.209	29.751	30.178	27.520	32.434	33.100	36.858
31.572	29.650	28.383	25.233	21.372	21.930	20.116	14.600	14.867	12.785	9.418	6.681	8.753	4.751	1.991	3.003	3.376	1.351	0.997	1.350	3.209	2.500	1.964	4.161	6.090	6.565	7.927	9.938	11.239	12.285	13.811	15.683	15.515	18.127	19.973	21.439	22.643	24.114	25.108	27.495	30.187	33.037	33.775	37.957	40.896	41.253	15.123	11.632	10.176	5.448	7.519	8.399	5.703	2.594	5.398	6.444	3.613	2.529	6.350	6.337	6.148	8.264	10.180	9.825	10.130	13.622	15.071	13.240	16.342	19.242	18.912	20.511	22.861	24.736	23.431	23.836	28.456	31.579	34.456	18.581	20.105	19.549	19.472	15.295	12.762	12.426	6.977	9.609	13.188	11.756	6.648	12.490	14.211	12.419	12.103	16.274	16.336	12.833	17.917	20.587	17.806	16.950	22.638	24.328	22.702	23.971	27.539	27.535	24.778	29.958	30.621	34.418
35.615	33.397	32.143	29.542	24.941	25.550	23.459	18.260	17.755	15.292	12.544	8.975	10.425	6.413	4.110	2.107	2.591	3.260	1.350	0.997	1.352	3.305	2.832	2.077	4.391	6.131	6.512	7.953	9.947	11.515	12.249	14.156	15.214	17.150	18.593	20.113	21.687	23.027	23.379	26.336	29.139	32.083	33.158	37.351	40.229	40.767	18.050	14.762	14.511	10.149	13.017	14.764	12.026	7.980	11.547	12.321	9.049	7.366	11.353	10.684	8.844	11.082	13.424	11.154	10.390	15.077	16.485	13.053	16.533	19.900	18.958	20.132	22.884	24.903	23.107	22.984	28.157	31.163	33.945	21.800	23.962	23.650	22.438	18.659	16.284	16.849	11.403	12.344	16.760	15.641	9.606	14.667	17.133	15.063	12.754	17.667	18.724	13.608	18.366	21.404	19.197	16.786	22.775	24.846	22.738	23.480	27.414	27.716	24.274	29.479	29.748	33.591
32.882	30.579	29.659	27.617	22.385	23.813	21.911	17.103	16.046	14.058	12.203	8.006	10.254	6.746	6.027	4.376	1.939	2.732	3.209	1.352	0.997	1.353	3.349	2.659	2.193	4.361	6.450	6.686	8.058	10.057	11.588	12.615	13.236	15.862	17.324	18.392	20.011	21.692	22.129	24.686	27.087	30.398	31.370	35.337	38.343	39.002	15.185	12.726	13.496	9.954	13.857	16.275	13.986	9.550	12.269	14.064	10.898	7.844	11.975	12.519	9.692	10.365	13.994	13.101	10.042	15.293	17.493	14.293	16.161	20.257	20.679	20.630	23.025	25.455	24.637	23.425	28.547	31.240	34.325	18.734	21.347	21.197	19.084	15.866	13.570	15.262	10.197	9.338	14.353	13.732	7.482	11.826	14.734	13.372	10.374	15.337	16.994	12.379	16.223	19.596	18.372	15.669	21.286	23.559	21.998	22.439	26.337	27.221	23.997	28.771	29.163	32.880
28.694	26.747	25.873	23.467	18.683	20.347	18.922	13.688	13.708	12.614	10.205	6.977	11.458	8.160	6.306	6.286	4.386	2.171	2.500	3.305	1.353	0.997	1.349	3.207	2.708	1.976	4.500	6.148	6.585	7.838	9.852	11.274	10.829	13.816	15.689	16.841	18.070	19.764	20.869	22.935	25.413	28.483	29.201	33.273	36.289	36.780	12.092	9.360	9.200	5.606	9.849	11.306	10.051	5.641	6.662	9.103	6.638	2.404	6.559	7.920	5.415	5.669	9.197	9.577	7.045	11.477	13.739	11.830	13.246	17.113	18.016	18.188	20.240	22.656	22.295	21.295	26.021	28.742	31.950	15.112	17.033	16.584	15.538	11.486	9.269	9.761	4.611	5.372	9.514	8.508	2.607	7.914	10.138	8.724	7.104	11.521	12.794	9.057	13.388	16.302	14.691	12.935	18.467	20.561	19.178	19.966	23.619	24.316	21.523	26.266	27.019	30.662
33.501	32.118	31.355	28.350	24.390	25.787	24.232	18.782	19.201	17.535	14.350	11.541	14.194	10.347	7.058	6.163	6.257	4.513	1.964	2.832	3.349	1.349	0.997	1.351	3.306	2.297	2.110	4.319	6.102	6.851	7.828	9.985	10.736	12.399	14.103	15.787	17.092	18.343	19.203	21.825	24.821	27.478	28.466	32.802	35.635	36.094	18.087	15.190	13.843	9.197	11.015	10.591	7.909	6.113	7.247	6.403	2.801	2.568	4.900	4.292	2.569	4.539	6.747	6.579	5.487	9.600	11.408	8.775	11.546	15.040	14.851	15.522	18.072	20.279	19.101	18.475	23.490	26.383	29.352	20.919	22.294	21.266	20.802	16.332	14.815	13.320	8.911	10.585	13.407	10.658	6.058	10.982	12.481	9.503	8.600	13.222	13.025	8.549	13.882	16.597	13.716	11.804	17.893	19.853	17.696	18.493	22.390	22.691	19.350	24.485	24.996	28.745
36.212	34.525	33.899	31.659	26.721	28.477	26.797	21.690	21.177	19.336	17.033	13.242	15.653	11.724	9.783	7.883	6.606	6.226	4.161	2.077	2.659	3.207	1.351	0.997	1.351	3.261	2.464	2.290	4.439	6.412	6.782	8.198	10.087	11.615	12.729	14.182	15.959	17.291	17.408	20.465	23.318	26.309	27.592	31.782	34.623	35.331	19.835	17.378	17.362	13.308	16.922	17.690	15.359	11.986	13.742	14.133	10.577	8.720	11.834	11.212	8.129	9.444	12.429	10.450	7.455	13.038	14.945	10.608	12.721	17.172	16.997	16.471	19.189	21.733	20.452	18.778	24.305	26.842	29.820	22.808	24.902	24.173	22.470	18.542	17.066	17.291	12.532	12.377	16.298	14.701	8.733	12.497	15.356	13.162	9.601	14.697	16.130	10.165	14.172	17.516	16.100	12.151	18.132	20.449	18.237	18.315	22.543	23.472	19.627	24.460	24.606	28.311
31.395	30.067	30.033	28.342	23.031	25.778	24.431	19.824	18.910	17.939	16.409	12.350	15.836	12.652	11.422	10.069	7.986	6.819	6.090	4.391	2.193	2.708	3.306	1.351	0.997	1.350	3.351	2.514	1.879	4.209	5.921	6.584	7.364	9.741	11.263	12.213	13.766	15.514	16.221	18.465	20.933	24.189	25.191	29.221	32.211	32.939	16.310	14.899	15.599	12.572	16.947	18.114	16.602	12.749	13.322	14.983	11.881	8.312	11.738	12.384	9.156	8.358	12.454	11.797	6.592	12.382	14.835	11.537	11.376	16.432	17.770	16.345	18.274	21.268	21.217	18.792	23.864	26.132	29.451	18.576	20.732	19.552	17.320	13.787	13.232	14.073	10.238	8.154	11.929	11.231	5.606	7.639	11.083	10.105	5.864	10.774	12.811	7.834	10.926	14.559	14.023	10.092	15.600	18.054	16.525	16.487	20.524	21.869	18.598	22.979	23.446	26.984
29.590	29.206	29.437	26.888	22.903	25.935	25.210	19.956	20.660	19.982	17.454	14.288	18.295	14.478	12.241	11.429	9.984	8.156	6.565	6.131	4.361	1.976	2.297	3.261	1.350	0.997	1.354	3.198	2.610	1.995	4.184	6.066	5.608	7.844	9.889	11.304	12.307	13.810	15.274	17.185	20.020	22.729	23.449	27.608	30.610	30.934	17.313	15.438	14.564	11.390	14.665	14.359	13.488	10.537	9.421	10.277	7.998	4.463	5.850	7.279	4.315	1.687	6.634	7.321	2.424	7.033	9.902	7.983	7.764	12.300	13.869	13.107	14.799	17.596	17.840	15.955	20.684	23.143	26.462	18.832	19.424	17.498	16.932	12.368	12.104	10.264	7.534	7.365	7.783	5.346	2.108	4.103	5.579	3.134	1.684	5.670	6.675	3.365	7.041	9.804	8.986	7.165	12.500	14.508	13.387	13.982	17.734	18.568	15.706	20.302	21.154	24.659
36.799	35.794	35.612	33.300	28.631	31.014	29.741	24.548	24.507	23.171	20.734	17.176	20.304	16.253	13.906	12.082	11.409	10.301	7.927	6.512	6.450	4.500	2.110	2.464	3.351	1.354	0.997	1.351	3.329	2.682	1.870	4.354	6.197	6.586	7.977	9.929	11.411	12.355	13.023	15.892	19.211	21.652	22.968	27.419	30.111	30.680	22.211	20.021	19.656	15.819	19.237	19.177	17.157	14.530	14.759	14.468	11.274	9.387	11.151	9.686	6.740	7.307	9.807	6.184	2.628	8.281	9.714	4.434	7.009	10.967	10.640	9.577	12.658	14.976	13.611	12.042	17.461	20.310	23.095	24.447	25.989	24.642	23.274	19.005	18.366	17.523	13.743	13.466	15.740	13.476	8.501	11.268	13.395	10.622	7.223	12.218	12.643	6.094	11.011	13.789	11.261	7.344	13.578	15.604	12.627	12.992	17.206	17.499	13.487	18.733	18.796	22.719
36.771	35.741	35.855	34.104	28.903	31.706	30.341	25.653	24.771	23.589	21.873	17.833	20.776	17.265	15.739	13.910	12.088	11.591	9.938	7.953	6.686	6.148	4.319	2.290	2.514	3.198	1.351	0.997	1.351	3.368	2.605	2.057	4.363	6.137	6.804	7.951	9.941	11.378	11.479	14.288	17.130	20.194	21.635	25.792	28.615	29.489	22.201	20.767	21.195	17.735	21.527	21.714	19.845	16.935	17.193	17.279	14.121	11.742	13.800	13.165	9.984	9.882	13.122	11.134	6.084	11.998	14.125	9.686	9.931	15.094	15.838	13.939	16.114	19.277	18.696	15.589	21.061	22.944	26.175	24.390	26.404	24.937	22.741	19.220	18.947	18.950	15.292	13.795	16.732	15.137	9.987	11.643	14.474	12.042	8.077	12.331	13.839	8.015	10.458	13.937	13.445	8.124	13.578	16.132	14.078	13.080	17.626	19.252	15.368	19.477	19.542	23.014
33.301	32.926	33.392	31.537	26.741	30.086	29.241	24.472	24.301	23.854	22.018	18.336	22.404	18.863	17.040	15.770	14.088	12.596	11.239	9.947	8.058	6.585	6.102	4.439	1.879	2.610	3.329	1.351	0.997	1.349	3.168	2.565	1.927	4.255	6.051	6.618	7.857	9.773	11.133	12.661	15.231	18.345	19.313	23.459	26.430	27.200	20.691	19.528	19.593	16.773	20.672	20.640	19.543	16.494	15.670	16.386	13.954	10.549	12.027	12.803	9.707	7.622	11.721	11.851	5.545	10.873	13.552	10.797	8.227	14.025	15.812	13.420	14.479	18.200	18.869	15.345	19.979	21.710	25.263	22.146	23.554	21.530	19.637	16.100	16.418	15.805	12.776	11.260	12.726	11.389	7.135	7.342	10.174	8.154	4.059	8.053	10.082	5.242	6.866	10.556	10.708	5.478	10.503	13.147	11.805	10.955	15.138	16.948	13.935	17.668	18.222	21.555
36.146	35.840	36.190	33.961	29.539	32.637	31.763	26.717	26.898	26.144	23.913	20.385	24.311	20.463	18.224	17.087	15.859	14.129	12.285	11.515	10.057	7.838	6.851	6.412	4.209	1.995	2.682	3.368	1.349	0.997	1.350	3.260	2.436	1.993	4.334	6.115	6.738	7.853	9.752	11.457	14.786	17.034	18.090	22.630	25.371	25.923	23.570	21.968	21.556	18.324	21.537	20.851	19.551	17.015	16.025	15.719	13.471	10.912	11.170	10.846	7.540	6.384	9.381	8.507	2.351	7.131	9.531	6.685	4.122	9.537	11.291	9.377	10.778	14.009	14.745	11.810	16.447	18.362	21.864	25.121	26.253	24.259	22.804	18.899	18.981	17.620	14.689	13.896	14.747	12.414	8.971	9.804	10.887	7.723	5.223	8.702	8.935	2.857	6.160	9.153	7.706	3.092	8.908	11.257	8.912	8.387	12.707	14.138	10.628	14.775	15.631	18.908
38.860	38.538	38.915	36.809	32.231	35.302	34.336	29.316	29.319	28.393	26.191	22.541	26.003	22.044	19.820	18.006	17.081	15.979	13.811	12.249	11.588	9.852	7.828	6.782	5.921	4.184	1.870	2.605	3.168	1.350	0.960	1.350	3.321	2.702	2.115	4.382	6.232	6.797	7.105	10.103	13.684	15.990	17.715	22.152	24.736	25.548	26.158	24.548	24.261	20.907	24.367	24.006	22.421	19.777	19.242	18.991	16.323	13.980	14.721	13.962	10.633	10.036	12.985	10.834	5.320	10.587	12.679	8.089	6.703	12.208	13.086	9.788	11.815	15.110	14.888	10.990	16.342	18.232	21.449	27.764	29.015	27.022	25.375	21.623	21.752	20.636	17.554	16.635	17.733	15.753	11.850	12.586	14.289	11.294	8.201	11.907	12.187	6.499	9.005	12.076	10.792	5.308	10.887	13.270	10.245	8.834	13.731	15.171	10.755	14.875	14.829	18.216
36.891	36.858	37.659	36.021	31.231	34.875	34.131	29.517	29.181	28.809	27.110	23.294	27.084	23.496	21.616	20.101	18.565	17.314	15.683	14.156	12.615	11.274	9.985	8.198	6.584	6.066	4.354	2.057	2.565	3.260	1.350	0.997	1.352	3.262	2.691	1.997	4.301	6.073	6.639	8.316	11.081	14.235	15.777	19.876	22.695	23.728	25.329	24.503	24.743	22.073	26.009	25.882	24.500	21.643	20.957	21.168	18.557	15.779	16.806	16.510	13.166	12.163	15.327	13.899	7.912	12.982	15.301	11.478	9.016	14.830	16.143	12.867	14.277	17.996	18.074	13.921	18.791	19.973	23.438	26.529	27.868	25.550	23.280	20.340	21.022	20.578	17.797	15.866	17.094	16.104	12.208	11.425	14.272	12.100	8.235	11.247	12.773	8.147	7.930	11.417	11.754	5.884	10.057	12.790	11.338	8.535	13.407	15.577	12.370	15.210	14.866	18.250
33.046	33.494	34.439	32.436	28.274	32.118	31.742	26.944	27.430	27.484	25.456	22.212	26.749	23.307	21.164	20.513	19.099	16.920	15.515	15.214	13.236	10.829	10.736	10.087	7.364	5.608	6.197	4.363	1.927	2.436	3.321	1.352	0.997	1.353	3.308	2.612	2.032	4.210	6.156	7.016	9.930	12.530	13.466	17.877	20.750	21.515	22.940	22.131	21.810	19.547	23.133	22.654	21.983	19.160	17.567	18.129	16.322	13.010	13.239	14.124	11.036	8.480	12.024	12.336	6.139	9.797	12.817	10.931	6.587	12.402	14.504	11.616	11.760	16.034	17.079	12.839	16.435	17.495	21.261	23.789	24.413	21.763	20.133	16.984	17.607	16.488	14.196	12.481	12.508	11.362	8.292	7.092	8.624	6.531	3.179	5.439	6.761	3.520	2.521	6.130	7.200	2.561	6.187	8.946	8.227	5.535	10.026	12.275	9.886	12.462	12.850	16.077
39.301	39.665	40.485	38.412	34.161	37.713	37.078	32.139	32.417	31.918	29.751	26.252	30.236	26.409	24.106	22.763	21.705	20.099	18.127	17.150	15.862	13.816	12.399	11.615	9.741	7.844	6.586	6.137	4.255	1.993	2.702	3.262	1.353	0.976	1.350	3.271	2.743	1.980	4.239	5.909	9.958	11.383	12.955	17.661	19.959	20.412	28.536	27.330	26.937	24.020	27.335	26.561	25.314	22.898	21.721	21.163	19.165	16.711	16.269	15.408	12.429	11.368	12.722	10.860	6.796	8.706	9.731	6.663	3.485	7.588	7.915	3.884	4.714	8.239	8.344	4.084	8.167	9.944	13.208	29.650	30.475	27.954	26.276	23.019	23.500	22.193	19.632	18.333	18.505	16.791	13.687	13.186	13.952	11.191	8.935	10.885	10.240	6.329	6.411	8.600	6.189	2.221	5.880	7.179	3.517	3.044	7.101	7.242	2.609	7.290	8.389	11.553
41.317	41.710	42.609	40.721	36.288	39.893	39.198	34.364	34.372	33.814	31.809	28.124	31.884	28.093	25.984	24.455	23.180	21.875	19.973	18.593	17.324	15.689	14.103	12.729	11.263	9.889	7.977	6.804	6.051	4.334	2.115	2.691	3.308	1.350	0.997	1.350	3.286	2.723	2.137	4.334	8.153	10.226	12.531	16.764	19.201	20.264	30.555	29.476	29.291	26.356	29.841	29.289	28.000	25.382	24.398	24.174	21.888	19.335	19.475	18.907	15.632	14.617	17.100	15.327	9.900	13.439	15.554	12.098	8.583	13.958	15.216	11.082	11.974	15.959	16.110	10.953	15.412	16.217	19.446	31.679	32.687	30.153	28.158	25.179	25.796	24.719	22.090	20.605	21.004	19.473	16.242	15.555	16.674	14.029	11.486	13.376	13.539	9.470	8.932	11.939	10.979	5.337	9.051	11.685	9.319	6.190	11.344	13.249	9.141	11.593	10.614	14.012
38.236	39.166	40.500	38.854	34.577	38.681	38.320	33.767	33.771	33.839	32.131	28.528	32.647	29.227	27.348	26.011	24.428	22.953	21.439	20.113	18.392	16.841	15.787	14.182	12.213	11.304	9.929	7.951	6.618	6.115	4.382	1.997	2.612	3.271	1.350	0.997	1.350	3.302	3.162	2.720	5.316	8.389	10.048	14.108	16.895	18.074	29.214	28.836	28.851	26.615	30.367	29.924	29.158	26.329	24.838	25.294	23.320	20.196	20.382	20.649	17.394	15.619	18.631	17.497	11.871	15.001	17.622	14.568	10.408	15.911	17.530	13.488	13.771	18.103	18.605	13.662	17.274	17.550	21.344	29.907	30.702	27.773	25.548	23.260	24.299	23.526	21.319	19.235	19.280	18.494	15.520	13.552	15.174	13.372	10.073	10.913	12.567	9.568	6.421	10.221	11.122	5.729	7.586	10.830	10.396	5.902	10.445	12.983	10.850	11.837	10.523	14.031
39.152	40.385	41.725	39.700	35.933	39.985	39.737	34.954	35.475	35.449	33.431	30.027	34.264	30.668	28.540	27.417	26.018	24.308	22.643	21.687	20.011	18.070	17.092	15.959	13.766	12.307	11.411	9.941	7.857	6.738	6.232	4.301	2.032	2.743	3.286	1.350	0.997	1.350	3.160	2.561	5.749	6.869	8.135	12.883	15.445	16.244	30.862	30.212	29.740	27.419	30.625	29.690	29.064	26.556	24.763	24.732	23.230	20.291	19.641	19.823	16.857	14.998	17.064	16.125	11.630	12.669	15.333	12.952	8.002	12.832	14.758	10.947	9.962	14.621	15.818	11.503	13.924	14.092	18.196	31.490	31.805	28.734	27.078	24.538	25.307	23.971	22.013	20.290	19.632	18.407	15.847	14.136	14.336	12.439	9.567	10.049	10.207	7.346	4.968	7.409	7.406	2.613	3.196	6.359	6.324	2.417	6.136	8.724	7.531	8.366	7.692	10.994
42.657	43.683	44.913	42.964	38.930	42.833	42.403	37.581	37.904	37.639	35.564	32.068	36.115	32.348	30.102	28.755	27.587	26.038	24.114	23.027	21.692	19.764	18.343	17.291	15.514	13.810	12.355	11.378	9.773	7.853	6.797	6.073	4.210	1.980	2.723	3.302	1.350	0.976	1.348	2.799	6.720	6.332	9.128	13.660	15.536	16.171	33.591	32.758	32.390	29.733	32.990	32.122	31.125	28.661	27.229	26.899	25.061	22.406	21.908	21.427	18.409	17.082	18.548	16.894	12.775	14.232	15.394	12.421	8.681	12.569	12.789	8.989	7.807	11.600	11.177	6.744	8.029	7.663	10.729	34.388	34.978	32.063	30.211	27.576	28.330	27.072	24.832	23.209	22.926	21.536	18.719	17.406	17.814	15.540	12.886	13.786	13.577	10.356	8.762	10.882	9.639	5.167	6.482	8.241	5.475	2.257	5.782	6.297	2.829	3.030	3.461	6.074
43.831	44.942	46.298	44.572	40.360	44.346	43.846	39.188	39.076	38.680	36.876	33.067	36.667	32.994	31.085	29.338	27.924	26.906	25.108	23.379	22.129	20.869	19.203	17.408	16.221	15.274	13.023	11.479	11.133	9.752	7.105	6.639	6.156	4.239	2.137	3.162	3.160	1.348	0.996	1.350	4.039	5.738	9.009	12.564	14.787	16.127	34.904	34.246	34.191	31.542	35.081	34.429	33.331	30.721	29.496	29.325	27.246	24.610	24.421	24.026	20.850	19.624	21.632	20.006	15.092	17.364	19.368	16.103	12.223	16.955	17.790	13.394	13.420	17.715	17.247	11.749	15.355	14.951	18.005	35.701	36.480	33.520	31.354	29.041	29.984	28.995	26.724	24.866	24.780	23.654	20.743	19.162	20.003	17.890	15.003	15.824	16.061	12.913	10.695	13.267	12.709	7.837	8.826	11.875	10.627	5.478	10.069	12.372	9.449	9.462	7.573	10.636
42.022	43.702	45.459	43.873	39.962	44.352	44.217	39.700	39.876	40.100	38.304	34.778	38.966	35.455	33.424	32.163	30.708	29.135	27.495	26.336	24.686	22.935	21.825	20.465	18.465	17.185	15.892	14.288	12.661	11.457	10.103	8.316	7.016	5.909	4.334	2.720	2.561	2.799	1.350	0.997	1.345	3.363	6.223	9.779	12.160	13.531	34.952	34.844	34.744	32.584	36.058	35.298	34.550	31.944	30.313	30.347	28.624	25.727	25.303	25.313	22.244	20.604	22.653	21.475	16.795	18.226	20.585	17.814	13.276	17.867	19.176	15.086	14.058	18.636	19.172	14.259	16.311	15.810	19.653	35.340	35.831	32.544	30.283	28.582	29.805	28.947	27.054	24.888	24.407	23.735	21.110	18.838	19.638	18.117	14.958	14.893	15.778	13.135	9.910	12.148	12.730	8.184	8.001	11.106	10.822	5.174	9.599	12.163	10.244	9.784	7.393	10.831
41.307	43.490	45.595	44.240	40.455	45.077	45.138	40.813	40.931	41.574	39.973	36.553	40.920	37.756	35.945	34.928	33.179	31.451	30.187	29.139	27.087	25.413	24.821	23.318	20.933	20.020	19.211	17.130	15.231	14.786	13.684	11.081	9.930	9.958	8.153	5.316	5.749	6.720	4.039	1.345	0.995	1.349	3.419	6.556	9.236	10.865	35.665	36.018	36.060	34.312	37.964	37.300	36.901	34.164	32.208	32.727	31.247	27.971	27.589	28.241	25.239	22.973	25.467	24.883	20.032	21.088	23.875	21.572	16.544	20.871	22.662	18.859	16.765	21.534	22.428	17.935	18.608	16.674	21.093	35.798	36.270	32.811	30.301	29.152	30.653	30.052	28.380	25.950	25.390	25.103	22.646	19.857	20.937	19.853	16.504	15.847	17.391	15.248	11.331	13.294	14.768	10.867	9.411	12.258	13.076	7.663	9.847	13.136	12.944	10.748	8.915	11.136
44.730	47.229	49.330	47.707	44.219	48.802	48.876	44.358	44.796	45.266	43.418	40.097	44.475	41.025	38.905	37.804	36.413	34.675	33.037	32.083	30.398	28.483	27.478	26.309	24.189	22.729	21.652	20.194	18.345	17.034	15.990	14.235	12.530	11.383	10.226	8.389	6.869	6.332	5.738	3.363	1.349	0.997	1.340	3.644	5.735	7.146	39.567	39.636	39.359	37.430	40.666	39.634	39.180	36.738	34.741	34.710	33.420	30.482	29.533	29.771	26.964	24.920	26.468	25.655	21.685	21.807	23.820	21.419	16.802	20.346	21.541	17.980	15.593	19.917	20.075	15.692	15.889	13.427	16.950	39.725	39.876	36.339	34.190	32.870	34.156	33.153	31.576	29.412	28.488	27.865	25.624	23.134	23.340	22.131	19.162	18.374	18.867	16.839	13.787	14.451	15.121	12.016	10.114	12.287	12.212	7.160	8.365	11.568	10.582	7.717	5.991	6.258
43.462	46.319	48.524	46.715	43.693	48.350	48.606	44.056	44.859	45.542	43.587	40.513	45.115	41.726	39.517	38.693	37.351	35.352	33.775	33.158	31.370	29.201	28.466	27.592	25.191	23.449	22.968	21.635	19.313	18.090	17.715	15.777	13.466	12.955	12.531	10.048	8.135	9.128	9.009	6.223	3.419	1.340	1.080	1.348	3.864	5.433	39.401	39.535	39.026	37.352	40.385	39.181	39.037	36.686	34.380	34.448	33.522	30.460	29.194	29.879	27.264	24.801	26.304	26.112	22.265	21.580	24.205	22.312	17.218	20.379	22.501	19.289	15.980	20.574	21.722	17.695	17.141	14.140	18.751	39.399	39.176	35.482	33.673	32.426	33.677	32.503	31.240	29.119	27.778	27.228	25.351	22.672	22.447	21.620	18.800	17.429	17.937	16.518	13.242	13.202	14.600	12.095	9.201	10.933	12.402	7.787	6.945	11.200	11.904	9.015	8.883	8.616
45.067	48.252	50.730	49.152	46.205	51.065	51.492	47.124	47.826	48.875	47.103	44.091	48.771	45.632	43.588	42.883	41.347	39.291	37.957	37.351	35.337	33.273	32.802	31.782	29.221	27.608	27.419	25.792	23.459	22.630	22.152	19.876	17.877	17.661	16.764	14.108	12.883	13.660	12.564	9.779	6.556	3.644	1.348	0.997	1.344	3.658	42.103	42.673	42.313	40.968	44.163	43.075	43.122	40.679	38.172	38.612	37.779	34.517	33.312	34.359	31.756	29.059	30.795	30.848	26.841	26.179	29.010	27.218	22.015	25.238	27.378	24.201	20.880	25.392	26.440	22.343	21.735	18.138	22.395	41.858	41.679	37.873	35.813	35.032	36.602	35.693	34.616	32.255	30.893	30.733	28.980	25.925	25.994	25.544	22.589	20.812	22.013	20.852	17.111	17.228	19.262	16.851	13.620	15.569	17.324	12.823	11.430	16.041	16.627	13.723	12.957	11.651
47.849	51.292	53.863	52.279	49.432	54.324	54.764	50.392	51.103	52.114	50.310	47.283	51.906	48.683	46.576	45.779	44.331	42.346	40.896	40.229	38.343	36.289	35.635	34.623	32.211	30.610	30.111	28.615	26.430	25.371	24.736	22.695	20.750	19.959	19.201	16.895	15.445	15.536	14.787	12.160	9.236	5.735	3.864	1.344	0.960	1.345	45.364	45.924	45.527	44.138	47.201	45.990	45.997	43.667	41.172	41.412	40.618	37.490	36.117	36.962	34.432	31.818	33.219	33.130	29.339	28.494	30.908	29.077	24.185	26.919	28.728	25.606	22.300	26.470	27.164	23.014	22.292	18.088	21.877	45.102	44.897	41.065	39.008	38.299	39.865	38.914	37.841	35.526	34.126	33.891	32.177	29.188	29.116	28.599	25.769	23.989	24.879	23.719	20.242	19.965	21.626	19.330	16.281	17.557	19.033	14.883	12.374	17.249	17.464	14.499	13.376	11.050
47.707	51.378	53.971	52.217	49.653	54.510	54.982	50.550	51.495	52.528	50.584	47.719	52.382	49.103	46.841	46.147	44.874	42.801	41.253	40.767	39.002	36.780	36.094	35.331	32.939	30.934	30.680	29.489	27.200	25.923	25.548	23.728	21.515	20.412	20.264	18.074	16.244	16.171	16.127	13.531	10.865	7.146	5.433	3.658	1.345	0.996	45.770	46.227	45.610	44.261	47.055	45.664	45.746	43.593	40.989	41.090	40.496	37.467	35.791	36.685	34.338	31.598	32.712	32.822	29.258	27.948	30.341	28.728	23.926	26.204	28.141	25.167	21.607	25.629	26.567	22.585	21.611	16.935	21.042	45.448	45.080	41.214	39.418	38.644	40.133	38.998	38.045	35.865	34.249	33.905	32.399	29.496	29.064	28.614	26.056	24.093	24.668	23.751	20.497	19.609	21.256	19.357	16.205	16.842	18.598	14.991	11.518	16.415	17.052	14.216	13.371	10.873
16.361	13.336	12.132	10.621	4.816	7.525	6.545	3.330	2.814	6.971	7.475	7.765	12.596	14.381	12.477	17.450	16.042	10.273	15.123	18.050	15.185	12.092	18.087	19.835	16.310	17.313	22.211	22.201	20.691	23.570	26.158	25.329	22.940	28.536	30.555	29.214	30.862	33.591	34.904	34.952	35.665	39.567	39.401	42.103	45.364	45.770	1.036	1.349	4.310	7.515	10.685	12.608	15.884	12.741	10.619	16.137	17.360	12.388	16.449	19.749	20.301	18.946	22.414	24.524	22.935	25.140	28.268	28.556	28.133	31.771	33.723	34.472	35.026	37.812	38.714	37.944	41.667	43.641	47.515	2.024	5.080	7.014	5.202	5.074	2.463	5.926	6.781	6.018	8.785	10.907	11.551	13.193	15.099	17.014	17.791	18.744	21.306	22.179	23.512	25.879	26.748	26.855	30.061	31.619	32.896	33.766	36.215	37.215	36.777	40.219	41.348	44.527
19.967	16.985	15.346	13.039	8.191	8.739	7.320	2.969	2.393	3.782	3.457	3.997	8.919	10.563	8.343	13.530	12.829	6.949	11.632	14.762	12.726	9.360	15.190	17.378	14.899	15.438	20.021	20.767	19.528	21.968	24.548	24.503	22.131	27.330	29.476	28.836	30.212	32.758	34.246	34.844	36.018	39.636	39.535	42.673	45.924	46.227	1.349	0.960	1.347	4.133	7.270	9.868	12.603	9.065	7.614	12.813	13.872	9.100	13.785	16.639	17.250	16.766	19.782	21.659	20.701	22.987	25.718	25.879	26.208	29.528	31.086	32.254	33.183	35.603	36.033	35.880	39.651	42.038	45.635	6.232	8.617	9.759	9.281	7.586	3.579	5.988	4.543	5.805	8.835	10.228	9.887	12.866	14.752	15.915	16.656	18.758	20.467	20.635	22.855	25.230	25.185	25.546	29.178	30.584	31.459	32.649	35.231	35.974	35.149	39.021	40.370	43.589
19.529	17.295	15.662	12.337	9.000	8.997	7.940	2.530	4.558	6.054	3.845	5.489	10.512	11.374	7.399	13.068	13.573	6.851	10.176	14.511	13.496	9.200	13.843	17.362	15.599	14.564	19.656	21.195	19.593	21.556	24.261	24.743	21.810	26.937	29.291	28.851	29.740	32.390	34.191	34.744	36.060	39.359	39.026	42.313	45.527	45.610	4.310	1.347	0.960	1.348	3.969	5.767	8.898	6.559	4.306	9.363	10.846	7.277	11.149	14.069	15.161	15.234	17.481	19.507	19.523	21.063	23.609	24.371	24.807	27.680	29.151	30.753	31.603	33.789	34.204	34.709	38.100	40.541	44.087	7.975	8.541	8.965	10.589	7.722	4.136	4.653	3.520	6.194	8.297	8.933	9.163	12.348	13.577	14.508	16.118	17.896	18.778	19.486	22.089	24.013	23.406	24.672	28.132	28.948	30.086	31.748	34.069	34.409	34.003	37.913	39.414	42.708
23.079	20.947	19.398	15.957	12.659	12.922	11.613	5.839	7.582	7.288	3.918	3.977	8.712	8.067	4.194	9.114	9.716	3.148	5.448	10.149	9.954	5.606	9.197	13.308	12.572	11.390	15.819	17.735	16.773	18.324	20.907	22.073	19.547	24.020	26.356	26.615	27.419	29.733	31.542	32.584	34.312	37.430	37.352	40.968	44.138	44.261	7.515	4.133	1.348	0.997	1.349	3.688	5.836	2.385	2.298	5.718	6.579	3.043	7.762	9.946	10.805	11.781	13.746	15.315	15.777	17.676	19.705	20.039	21.344	23.972	24.911	26.773	28.148	30.008	29.869	30.816	34.349	37.167	40.405	11.081	12.033	11.969	13.138	9.937	5.914	6.664	2.761	6.259	8.902	8.803	6.798	11.283	12.850	12.993	14.021	16.734	17.273	16.514	20.128	22.309	20.689	21.805	25.908	26.840	27.090	28.975	31.587	31.618	30.620	35.036	36.419	39.906
25.300	23.208	21.385	17.279	15.043	14.298	12.352	7.142	9.009	8.261	4.521	6.311	10.069	9.991	4.929	10.441	12.397	6.681	7.519	13.017	13.857	9.849	11.015	16.922	16.947	14.665	19.237	21.527	20.672	21.537	24.367	26.009	23.133	27.335	29.841	30.367	30.625	32.990	35.081	36.058	37.964	40.666	40.385	44.163	47.201	47.055	10.685	7.270	3.969	1.349	0.960	1.347	3.024	2.343	2.112	4.429	5.936	6.339	8.718	10.398	12.213	13.852	14.515	16.316	17.987	19.239	20.606	21.808	23.436	25.361	25.952	28.393	29.854	31.295	30.923	32.940	35.956	38.854	41.970	14.675	14.982	15.096	17.155	13.910	10.096	10.092	6.894	10.739	12.979	11.927	10.842	15.242	15.898	15.795	17.565	19.925	19.296	19.167	22.996	24.860	22.439	24.626	28.502	28.619	29.129	31.593	33.917	33.350	32.839	37.339	38.986	42.363
24.653	23.026	21.417	16.779	15.508	14.812	13.196	8.366	11.540	11.475	8.058	10.530	14.278	13.830	8.592	13.448	15.638	9.967	8.399	14.764	16.275	11.306	10.591	17.690	18.114	14.359	19.177	21.714	20.640	20.851	24.006	25.882	22.654	26.561	29.289	29.924	29.690	32.122	34.429	35.298	37.300	39.634	39.181	43.075	45.990	45.664	12.608	9.868	5.767	3.688	1.347	1.080	1.350	3.179	2.348	2.071	4.459	6.262	6.876	8.269	10.887	12.549	11.981	14.378	16.553	17.309	18.207	20.264	21.804	23.195	23.848	26.494	27.857	29.050	28.837	31.357	33.914	36.761	39.825	15.824	15.235	14.869	17.973	14.411	11.587	9.936	7.639	11.705	13.034	11.210	11.299	15.140	14.943	14.892	17.031	19.198	17.639	18.029	21.919	23.462	20.474	23.524	27.106	26.575	27.317	30.120	32.247	31.254	31.190	35.645	37.527	40.744
