0.995	1.349	2.919	5.794	5.631	4.453	3.425	4.723	2.909	6.391	9.829	12.015	8.426	7.869	11.797	12.966	8.475	11.827	15.253	15.222	13.803	17.658	19.801	18.300	19.085	23.312	24.163	22.615	26.428	28.788	28.926	29.917	32.315	33.141	34.022	36.069	38.280	36.521	42.675	43.341	43.803	47.166	51.256	51.710	52.429	53.765	17.971	16.763	19.377	18.931	19.475	23.487	23.155	17.621	21.795	24.457	23.125	22.776	26.979	25.233	26.193	28.741	29.975	26.467	29.506	32.565	32.346	29.937	34.635	36.966	34.368	37.061	40.048	41.162	37.888	39.027	44.878	44.184	44.144	23.564	24.761	24.566	25.566	27.898	26.755	30.256	28.437	23.542	28.882	31.023	26.657	26.732	31.595	32.547	28.755	31.874	35.095	32.323	32.236	36.249	38.015	33.563	36.996	40.123	39.720	36.786	41.551	44.118	39.558	43.032	45.592	47.833
1.349	0.960	1.347	2.496	2.735	3.484	5.496	6.244	7.290	12.214	14.058	17.522	15.419	13.859	17.901	19.791	15.506	17.394	21.717	22.229	20.256	23.543	26.268	24.691	24.498	29.384	30.798	28.323	32.151	34.721	35.013	35.248	37.840	39.424	39.553	41.385	43.827	42.635	48.265	49.063	49.473	53.148	56.993	57.198	57.861	59.141	20.156	18.451	22.224	22.667	23.951	28.020	28.681	23.357	26.949	29.996	29.412	28.828	33.236	32.085	32.887	35.313	36.868	33.617	36.206	39.441	39.539	36.835	41.399	43.983	41.569	43.854	46.959	48.291	45.013	45.594	51.385	50.066	50.788	25.153	27.560	27.777	27.535	30.688	29.302	33.202	32.231	27.158	32.681	35.013	31.578	31.362	36.187	37.492	34.417	36.967	40.402	38.324	38.204	42.025	43.981	40.020	43.115	46.322	46.343	43.417	47.985	50.647	46.465	49.673	52.330	54.246
2.919	1.347	0.997	1.350	3.099	3.651	3.899	2.917	3.496	8.599	9.907	13.532	11.790	9.264	13.200	15.409	11.560	12.460	17.034	18.058	16.039	18.825	21.730	20.988	20.428	24.990	26.665	24.763	28.093	30.562	31.294	31.717	33.800	35.654	36.217	37.864	40.157	39.200	44.826	45.398	45.425	49.344	53.262	53.727	54.600	55.912	14.948	13.246	16.891	17.380	18.636	22.666	23.477	18.317	21.813	24.854	24.506	24.029	28.390	27.525	28.398	30.766	32.361	29.519	32.104	35.177	35.517	33.202	37.407	39.992	37.949	40.329	43.229	44.679	41.712	42.495	48.124	47.328	47.118	20.038	22.254	22.427	22.311	25.429	24.291	28.057	26.893	21.926	27.550	29.825	26.313	26.434	31.147	32.388	29.582	32.201	35.457	33.359	33.515	37.271	39.159	35.329	38.606	41.702	41.770	39.086	43.583	46.218	42.276	45.556	48.212	49.969
5.794	2.496	1.350	0.997	1.348	3.665	6.532	5.401	8.381	12.992	13.712	17.660	16.671	14.635	18.264	20.672	17.330	17.936	22.642	23.866	21.933	24.458	27.519	26.829	26.125	30.774	32.504	30.538	33.783	36.332	37.103	37.338	39.413	41.429	41.867	43.442	45.829	44.987	50.509	51.116	51.106	55.130	58.975	59.381	60.220	61.513	17.421	15.866	19.978	21.622	23.036	26.775	28.058	23.477	26.775	29.853	29.813	29.606	33.871	33.114	34.140	36.491	37.993	35.251	37.960	40.981	41.243	39.000	43.246	45.802	43.651	46.134	49.050	50.397	47.343	48.216	53.888	52.950	52.962	21.860	24.983	25.721	24.696	28.438	27.600	31.428	30.652	25.939	31.658	34.005	30.922	31.315	35.855	37.186	34.951	37.335	40.565	38.670	39.038	42.716	44.584	40.926	44.281	47.331	47.452	44.891	49.347	51.973	48.082	51.397	54.006	55.757
5.631	2.735	3.099	1.348	0.997	1.351	4.214	5.947	8.523	12.270	13.764	17.197	15.951	14.999	18.771	20.710	17.434	19.209	23.293	24.098	22.601	25.730	28.317	27.344	27.427	31.846	33.079	31.443	34.999	37.427	37.858	38.504	40.766	42.092	42.804	44.651	46.950	45.541	51.464	52.119	52.372	56.027	59.998	60.404	61.138	62.435	20.107	18.927	22.835	24.096	24.930	28.841	29.571	24.582	28.554	31.328	30.798	30.805	34.915	33.536	34.780	37.264	38.400	35.261	38.423	41.382	41.163	39.005	43.612	45.912	43.281	46.148	49.094	50.064	46.775	48.106	53.955	53.175	53.225	24.941	27.728	28.552	28.051	31.688	30.932	34.648	33.361	28.676	34.424	36.658	32.992	33.521	38.154	39.288	36.511	39.273	42.429	39.973	40.384	44.214	45.973	41.856	45.442	48.488	48.221	45.560	50.229	52.790	48.422	51.957	54.476	56.610
4.453	3.484	3.651	3.665	1.351	0.997	1.345	3.581	6.426	9.697	11.042	14.500	13.447	12.639	16.295	18.239	15.312	17.315	21.085	21.977	20.757	23.968	26.327	25.569	26.034	30.103	31.134	29.916	33.479	35.777	36.131	37.133	39.299	40.281	41.318	43.283	45.476	43.768	49.936	50.548	50.839	54.342	58.410	58.907	59.628	60.935	18.379	17.709	21.281	22.444	22.755	26.675	27.232	22.256	26.528	29.130	28.511	28.818	32.754	31.206	32.638	35.180	36.093	33.005	36.378	39.243	38.902	36.922	41.571	43.750	41.059	44.086	46.989	47.860	44.561	46.071	51.980	51.361	51.230	23.482	25.901	26.852	26.825	30.421	30.046	33.529	31.673	27.263	33.088	35.160	31.040	32.044	36.601	37.512	34.678	37.705	40.664	37.835	38.524	42.389	43.985	39.730	43.572	46.546	46.081	43.531	48.267	50.767	46.281	49.947	52.452	54.679
3.425	5.496	3.899	6.532	4.214	1.345	0.997	1.349	3.337	5.991	8.101	10.840	9.690	9.387	13.070	14.708	12.002	14.330	17.779	18.587	17.568	20.870	23.038	22.501	23.159	26.959	27.832	27.094	30.490	32.692	33.057	34.339	36.350	37.135	38.512	40.474	42.571	40.754	47.060	47.578	47.789	51.241	55.379	56.017	56.818	58.145	16.861	16.335	19.500	20.167	20.213	24.219	24.364	19.246	23.681	26.189	25.262	25.657	29.517	27.701	29.257	31.832	32.552	29.434	33.000	35.795	35.274	33.561	38.170	40.244	37.450	40.754	43.570	44.233	40.981	42.913	48.785	48.525	47.929	22.209	24.181	24.867	25.391	28.657	28.216	31.608	29.454	25.065	30.788	32.797	28.366	29.357	33.960	34.755	31.655	34.842	37.752	34.691	35.377	39.295	40.828	36.406	40.357	43.308	42.690	40.170	44.961	47.419	42.798	46.589	49.027	51.383
4.723	6.244	2.917	5.401	5.947	3.581	1.349	0.997	1.344	3.550	4.455	8.134	7.525	6.479	9.601	11.943	10.412	11.103	14.868	16.440	15.660	18.006	20.495	20.987	21.025	24.534	25.837	25.584	28.371	30.449	31.279	32.580	34.020	35.417	36.978	38.687	40.674	39.257	45.378	45.697	45.463	49.282	53.369	54.230	55.215	56.529	11.313	10.907	14.186	15.433	15.492	19.366	20.032	15.256	19.541	22.122	21.812	22.486	26.210	24.903	26.581	29.135	29.863	27.327	30.852	33.514	33.281	32.035	36.257	38.301	35.938	39.264	41.898	42.772	39.797	41.793	47.514	47.489	46.258	16.585	18.713	19.639	19.889	23.440	23.452	26.722	24.522	20.370	26.304	28.255	23.967	25.515	29.892	30.665	28.181	31.339	34.035	31.089	32.291	36.039	37.422	33.381	37.514	40.358	39.880	37.760	42.388	44.806	40.596	44.386	46.870	48.929
2.909	7.290	3.496	8.381	8.523	6.426	3.337	1.344	1.080	1.347	2.891	6.203	5.014	3.008	6.874	8.735	6.162	7.901	11.213	12.376	11.467	14.477	16.590	16.766	17.203	20.653	21.700	21.478	24.437	26.509	27.105	28.552	30.256	31.265	32.852	34.676	36.661	35.035	41.265	41.635	41.622	45.204	49.392	50.208	51.151	52.524	12.090	11.688	13.985	14.180	14.061	18.105	18.098	12.828	17.233	19.735	18.802	19.114	22.982	21.448	22.854	25.389	26.366	23.474	26.833	29.585	29.488	27.909	32.186	34.330	32.106	35.153	37.829	38.947	36.030	37.664	43.350	43.271	42.112	17.697	18.889	19.157	20.434	23.103	22.618	25.860	23.421	19.076	24.686	26.625	21.986	23.026	27.610	28.318	25.144	28.428	31.255	28.169	28.871	32.778	34.294	29.933	33.895	36.817	36.287	33.854	38.578	41.043	36.694	40.402	42.928	45.063
6.391	12.214	8.599	12.992	12.270	9.697	5.991	3.550	1.347	0.997	1.345	2.623	2.488	2.113	4.392	6.076	6.656	7.911	9.976	11.441	12.092	14.185	15.885	16.998	18.049	20.470	21.100	22.374	24.725	26.413	27.065	29.042	30.337	30.953	33.286	35.152	36.868	35.005	41.447	41.608	41.332	44.782	49.120	50.278	51.332	52.721	12.423	12.568	13.836	14.080	12.607	16.641	15.864	10.921	15.736	17.938	16.732	18.072	21.284	19.191	21.361	24.042	23.948	21.673	25.649	28.150	27.328	27.041	31.039	32.703	30.132	34.082	36.575	36.862	34.087	37.058	42.691	43.194	41.205	17.814	18.340	18.571	20.767	23.138	23.141	26.027	22.565	18.898	24.526	26.079	20.690	22.678	27.019	27.169	24.147	27.761	30.212	26.380	27.837	31.707	32.722	28.249	32.749	35.544	34.560	32.617	37.381	39.644	35.070	39.188	41.503	43.911
9.829	14.058	9.907	13.712	13.764	11.042	8.101	4.455	2.891	1.345	1.080	1.343	3.182	2.420	1.999	4.211	6.081	6.253	7.857	9.833	11.194	11.862	13.919	15.646	16.539	18.541	19.501	21.175	23.028	24.520	25.551	27.495	28.336	29.458	31.786	33.562	35.118	33.634	39.842	39.827	39.212	42.886	47.191	48.535	49.738	51.130	8.346	8.791	9.982	10.817	9.116	13.037	12.570	7.705	12.576	14.749	13.875	15.466	18.500	16.838	19.023	21.707	21.763	20.049	23.759	26.147	25.926	25.852	29.380	31.148	29.370	32.859	35.172	36.107	33.729	36.172	41.540	42.050	39.670	13.550	14.015	14.588	16.642	19.337	19.913	22.671	19.060	15.685	21.532	22.949	17.496	19.877	24.057	24.069	21.310	24.948	27.274	23.413	25.229	28.982	29.843	25.625	30.221	32.967	32.093	30.444	35.057	37.286	33.145	37.133	39.586	41.639
12.015	17.522	13.532	17.660	17.197	14.500	10.840	8.134	6.203	2.623	1.343	1.080	1.350	3.211	2.679	2.045	4.450	6.220	6.580	7.898	9.999	11.087	12.181	13.855	15.691	17.184	17.248	19.678	21.672	22.953	23.574	25.937	27.003	27.164	30.020	31.995	33.431	31.405	37.934	37.946	37.517	40.749	45.222	46.638	47.773	49.186	11.411	12.133	12.172	12.312	9.404	13.138	11.686	7.314	12.294	14.117	12.313	14.283	16.948	14.447	16.916	19.666	19.241	17.203	21.261	23.642	22.988	23.074	26.730	28.349	26.260	29.998	32.360	33.021	30.554	33.369	38.812	39.488	37.020	16.088	15.749	15.915	19.118	20.933	21.260	23.712	19.434	16.420	22.017	22.979	17.207	19.843	23.960	23.504	20.410	24.263	26.485	22.040	23.797	27.673	28.323	23.678	28.439	31.179	29.912	28.175	32.955	35.101	30.535	34.724	37.041	39.467
8.426	15.419	11.790	16.671	15.951	13.447	9.690	7.525	5.014	2.488	3.182	1.350	0.960	1.350	3.328	2.508	2.091	4.428	6.146	6.762	7.772	10.285	11.380	12.214	14.002	16.099	16.213	17.781	20.249	21.882	22.209	24.405	25.967	26.008	28.519	30.515	32.206	30.046	36.642	36.852	36.811	40.005	44.415	45.542	46.540	47.969	14.195	14.165	14.309	13.780	11.899	15.737	13.910	8.937	13.504	15.549	13.334	14.276	17.584	15.191	16.999	19.658	19.998	17.105	20.911	23.520	23.036	22.121	26.243	28.138	25.740	29.288	31.819	32.559	29.668	32.129	37.777	38.192	36.345	19.117	18.762	18.502	21.535	22.841	22.434	25.162	21.614	17.784	22.860	24.130	18.544	19.978	24.497	24.444	20.636	24.453	26.983	22.981	23.805	27.879	29.013	24.175	28.519	31.364	30.333	28.030	32.901	35.220	30.541	34.529	36.924	39.369
7.869	13.859	9.264	14.635	14.999	12.639	9.387	6.479	3.008	2.113	2.420	3.211	1.350	0.960	1.352	3.244	2.645	2.092	4.390	6.144	6.409	8.198	10.072	11.383	11.949	14.435	15.693	16.556	18.666	20.426	21.372	23.079	24.279	25.522	27.446	29.177	30.922	29.543	35.642	35.776	35.441	39.159	43.388	44.495	45.625	47.046	10.929	10.277	11.068	10.533	9.603	13.450	12.265	6.722	11.183	13.522	12.102	12.429	16.186	14.850	16.187	18.714	19.835	17.446	20.583	23.204	23.524	22.450	26.128	28.285	26.723	29.627	32.049	33.424	31.054	32.621	37.965	38.189	36.281	16.169	16.275	15.792	18.123	19.668	19.104	22.004	18.905	14.733	19.830	21.442	16.143	17.225	21.818	22.180	18.595	22.143	24.819	21.458	22.198	26.122	27.548	23.163	27.229	30.099	29.580	27.351	31.989	34.425	30.362	34.040	36.618	38.548
11.797	17.901	13.200	18.264	18.771	16.295	13.070	9.601	6.874	4.392	1.999	2.679	3.328	1.352	0.997	1.352	3.261	2.432	1.906	4.235	5.988	6.167	7.880	9.836	11.102	12.562	13.621	15.522	17.132	18.500	19.619	21.591	22.382	23.574	25.842	27.632	29.110	27.778	33.854	33.795	33.193	36.881	41.182	42.547	43.796	45.229	7.985	7.571	6.787	6.541	4.411	8.343	7.239	2.391	7.029	9.163	8.335	9.696	12.877	11.478	13.197	15.817	16.481	14.741	17.974	20.411	20.742	20.401	23.641	25.628	24.372	27.401	29.628	30.956	28.921	30.787	35.928	36.371	33.937	12.099	11.441	10.861	13.969	15.415	15.451	18.054	14.224	10.747	16.289	17.551	11.999	14.440	18.529	18.439	15.638	19.316	21.602	17.788	19.422	23.261	24.207	19.981	24.381	27.173	26.452	24.571	29.173	31.499	27.512	31.307	33.859	35.766
12.966	19.791	15.409	20.672	20.710	18.239	14.708	11.943	8.735	6.076	4.211	2.045	2.508	3.244	1.352	0.997	1.349	3.293	2.452	2.018	4.412	6.351	6.491	7.875	10.052	11.569	11.387	13.722	15.851	17.209	17.595	19.982	21.388	21.233	24.038	26.056	27.578	25.438	32.004	32.106	31.956	34.994	39.520	40.821	41.878	43.335	14.033	13.652	12.694	11.616	9.186	12.464	9.804	5.547	9.857	11.432	8.563	9.765	12.674	9.344	11.716	14.450	14.020	11.214	15.518	17.942	16.926	16.958	20.739	22.296	19.915	23.794	26.214	26.693	24.178	27.215	32.660	33.446	30.980	18.244	17.166	16.114	19.737	20.413	20.122	22.447	18.583	15.122	19.952	20.532	14.764	16.413	20.806	20.230	16.151	20.202	22.625	18.034	18.917	23.085	23.873	18.748	23.398	26.178	24.702	22.646	27.577	29.720	24.718	29.024	31.221	33.985
8.475	15.506	11.560	17.330	17.434	15.312	12.002	10.412	6.162	6.656	6.081	4.450	2.091	2.645	3.261	1.349	0.997	1.349	3.261	2.561	1.949	4.657	6.211	6.540	7.959	10.276	11.121	11.774	14.199	16.043	16.580	18.405	20.066	20.777	22.663	24.527	26.325	24.662	30.903	31.152	31.170	34.628	38.898	39.878	40.915	42.376	15.470	14.485	14.072	11.909	11.028	14.230	12.329	7.131	10.548	12.938	10.591	9.597	13.679	12.109	12.628	15.102	16.663	13.690	16.351	19.231	19.687	17.798	21.749	24.142	22.413	24.997	27.623	29.111	26.451	27.633	33.144	33.168	31.712	19.983	19.038	17.437	20.695	20.748	19.856	22.424	19.493	15.244	19.356	20.725	15.473	15.560	20.330	20.519	15.830	19.588	22.509	19.248	18.821	23.014	24.624	19.969	23.550	26.574	26.119	23.326	28.056	30.590	26.367	29.857	32.463	34.487
11.827	17.394	12.460	17.936	19.209	17.315	14.330	11.103	7.901	7.911	6.253	6.220	4.428	2.092	2.432	3.293	1.349	0.997	1.350	3.266	2.544	2.199	4.372	6.162	6.345	8.327	10.226	11.219	12.684	14.368	15.760	17.244	18.150	19.993	21.680	23.287	24.958	24.167	29.829	29.860	29.365	33.338	37.480	38.629	39.880	41.342	10.654	8.714	8.288	6.212	6.578	10.083	9.511	3.877	6.809	9.602	8.244	6.769	11.169	10.701	11.041	13.284	15.163	13.530	15.441	18.158	19.367	18.040	20.845	23.566	22.947	25.023	27.295	29.071	27.500	28.175	33.065	33.192	31.144	14.507	13.597	12.107	14.560	15.123	14.216	17.172	14.756	10.056	14.872	16.665	11.730	11.772	16.564	17.106	12.849	16.417	19.311	16.463	16.339	20.304	21.999	17.832	21.389	24.346	24.278	21.851	26.292	28.855	25.281	28.596	31.266	32.844
15.253	21.717	17.034	22.642	23.293	21.085	17.779	14.868	11.213	9.976	7.857	6.580	6.146	4.390	1.906	2.452	3.261	1.350	0.997	1.350	3.183	2.293	2.070	4.323	6.140	6.912	7.845	9.986	11.505	12.661	13.753	15.844	16.713	17.714	19.983	21.842	23.226	21.947	27.932	27.854	27.338	30.941	35.256	36.648	37.920	39.394	14.697	13.494	11.837	8.880	6.980	7.636	4.994	2.284	4.868	5.694	2.693	4.284	6.799	5.312	7.129	9.774	10.304	9.489	12.246	14.534	15.176	15.100	17.873	19.974	19.347	21.982	24.077	25.575	24.078	25.442	30.319	30.682	28.203	17.678	15.474	12.897	17.548	16.804	16.347	17.621	14.003	11.026	15.007	14.964	9.223	11.162	15.152	14.241	10.463	14.513	16.703	12.119	13.589	17.468	18.199	13.611	18.266	21.001	20.058	18.534	23.049	25.254	21.484	25.283	27.863	29.633
15.222	22.229	18.058	23.866	24.098	21.977	18.587	16.440	12.376	11.441	9.833	7.898	6.762	6.144	4.235	2.018	2.561	3.266	1.350	0.997	1.351	3.366	2.413	2.058	4.408	6.278	6.210	7.742	9.997	11.544	11.757	13.972	15.758	15.886	18.069	20.069	21.721	19.854	26.176	26.381	26.511	29.741	34.091	35.149	36.218	37.729	17.605	16.289	14.905	12.039	10.794	12.605	10.335	6.119	8.900	10.526	7.476	6.838	10.126	7.763	8.101	10.736	12.106	9.016	11.479	14.492	15.017	13.254	16.851	19.389	18.161	20.341	22.865	24.563	22.539	23.307	28.433	28.581	26.819	21.031	19.340	17.040	21.090	20.436	19.637	21.463	18.355	14.645	18.322	18.995	13.545	13.935	18.364	17.890	12.664	16.596	19.526	15.869	14.658	19.153	20.732	15.720	19.088	22.187	21.620	18.551	23.336	25.891	21.580	24.974	27.601	29.669
13.803	20.256	16.039	21.933	22.601	20.757	17.568	15.660	11.467	12.092	11.194	9.999	7.772	6.409	5.988	4.412	1.949	2.544	3.183	1.351	0.997	1.354	3.196	2.645	2.116	4.573	6.299	6.285	8.065	10.124	11.207	12.440	14.008	15.596	16.908	18.532	20.374	19.603	25.163	25.384	25.327	29.125	33.239	34.144	35.298	36.809	17.502	15.106	14.490	10.980	11.563	13.472	12.074	7.438	8.708	11.350	9.166	6.171	10.656	10.276	8.895	11.140	13.487	11.559	11.919	15.475	17.094	14.609	17.179	20.619	20.297	21.352	23.845	25.915	24.542	24.235	28.967	28.787	27.281	20.847	19.320	16.771	19.912	19.156	17.836	20.133	17.793	13.589	16.341	17.857	13.052	11.895	16.527	16.832	11.315	14.723	18.146	15.874	13.890	18.090	20.053	15.982	18.342	21.674	21.963	18.752	23.133	25.865	22.337	25.182	27.879	29.441
17.658	23.543	18.825	24.458	25.730	23.968	20.870	18.006	14.477	14.185	11.862	11.087	10.285	8.198	6.167	6.351	4.657	2.199	2.293	3.366	1.354	0.997	1.351	3.292	2.413	2.153	4.520	6.214	6.852	8.135	9.949	11.466	11.943	14.088	15.798	17.347	18.811	18.635	23.794	23.670	23.048	27.169	31.259	32.498	33.875	35.387	15.190	12.596	11.005	6.559	6.569	7.242	6.375	2.651	2.645	5.216	4.333	2.340	6.779	7.347	6.323	7.994	10.639	10.040	10.088	13.159	15.109	13.808	15.218	18.752	19.336	20.283	22.213	24.415	23.893	23.559	27.855	27.865	25.661	17.058	14.734	11.395	15.505	14.016	12.946	14.546	11.832	8.254	11.267	12.129	7.030	7.187	11.738	11.996	7.677	11.230	14.164	11.627	10.538	14.645	16.536	12.645	15.312	18.463	18.873	16.128	20.317	23.008	19.961	22.819	25.487	26.800
19.801	26.268	21.730	27.519	28.317	26.327	23.038	20.495	16.590	15.885	13.919	12.181	11.380	10.072	7.880	6.491	6.211	4.372	2.070	2.413	3.196	1.351	0.997	1.352	3.250	2.720	2.166	4.471	6.241	6.936	7.765	10.076	11.299	11.618	13.994	15.973	17.294	15.916	21.884	21.856	21.684	25.008	29.411	30.689	31.893	33.422	19.589	17.401	15.849	11.716	11.299	11.367	9.219	6.531	7.188	7.551	3.706	2.854	5.340	2.493	2.587	5.412	5.616	2.559	5.735	8.177	8.308	7.811	11.109	12.952	11.720	14.586	16.840	18.167	16.430	18.283	23.363	24.120	21.389	21.972	19.677	16.387	20.722	19.118	17.927	19.035	16.383	13.310	15.366	15.549	10.668	10.511	14.334	13.306	8.066	12.210	14.841	10.934	9.821	14.355	15.574	9.907	14.033	17.005	15.376	12.896	17.913	20.074	15.178	19.236	21.619	24.226
18.300	24.691	20.988	26.829	27.344	25.569	22.501	20.987	16.766	16.998	15.646	13.855	12.214	11.383	9.836	7.875	6.540	6.162	4.323	2.058	2.645	3.292	1.352	0.997	1.352	3.244	2.462	1.972	4.303	6.141	6.286	7.907	10.010	10.687	12.130	14.022	15.807	14.433	20.361	20.666	21.065	24.413	28.616	29.437	30.474	31.998	21.976	19.699	18.404	14.269	14.101	14.397	12.723	9.442	9.898	11.185	8.000	5.839	8.990	8.135	5.915	8.411	10.496	7.244	7.438	11.441	12.656	9.099	12.576	15.895	15.021	15.838	18.716	20.695	18.880	18.400	23.503	23.259	22.226	24.613	22.422	19.110	23.279	21.596	20.251	21.507	19.013	15.833	17.548	18.313	13.502	12.610	16.723	16.181	10.528	13.575	17.151	14.335	11.324	15.765	17.787	13.325	14.886	18.456	18.673	14.812	19.216	21.992	18.087	20.727	23.457	25.194
19.085	24.498	20.428	26.125	27.427	26.034	23.159	21.025	17.203	18.049	16.539	15.691	14.002	11.949	11.102	10.052	7.959	6.345	6.140	4.408	2.116	2.413	3.250	1.352	0.997	1.352	3.304	2.523	2.004	4.307	5.958	6.705	7.888	9.936	11.272	12.594	14.365	14.833	19.390	19.505	19.313	23.425	27.394	28.291	29.590	31.160	20.464	17.225	16.618	12.017	13.263	13.816	13.453	9.789	8.072	11.299	9.376	5.331	9.386	10.004	7.089	8.199	11.391	10.256	7.873	12.626	14.910	12.317	12.837	17.605	18.545	18.142	20.058	22.842	22.573	20.974	24.832	24.389	22.873	22.764	20.733	17.198	20.328	18.294	16.107	17.752	16.152	12.648	13.194	15.155	11.402	8.536	12.833	13.686	7.962	10.049	14.215	13.203	9.514	13.520	15.874	12.692	13.196	16.896	18.039	14.472	18.214	21.109	18.538	20.471	23.145	24.225
23.312	29.384	24.990	30.774	31.846	30.103	26.959	24.534	20.653	20.470	18.541	17.184	16.099	14.435	12.562	11.569	10.276	8.327	6.912	6.278	4.573	2.153	2.720	3.244	1.352	0.997	1.354	3.256	2.656	2.024	4.158	6.044	6.009	7.951	9.868	11.470	12.574	12.971	17.617	17.253	16.018	20.555	24.422	26.007	27.594	29.071	22.743	19.908	18.299	13.169	12.977	11.715	11.431	8.930	6.977	7.275	6.145	2.338	2.919	5.507	3.518	1.758	6.023	7.542	5.029	8.139	11.082	10.315	9.796	14.212	16.067	15.702	17.019	19.935	20.417	18.884	22.486	22.244	20.050	23.935	21.001	16.575	21.015	17.935	15.663	15.566	13.481	11.051	11.175	10.526	7.288	6.265	8.419	6.729	1.725	4.656	7.266	4.916	2.198	6.197	7.889	4.965	7.313	10.131	11.177	9.664	12.831	15.416	14.040	16.217	18.778	19.324
24.163	30.798	26.665	32.504	33.079	31.134	27.832	25.837	21.700	21.100	19.501	17.248	16.213	15.693	13.621	11.387	11.121	10.226	7.845	6.210	6.299	4.520	2.166	2.462	3.304	1.354	0.997	1.349	3.286	2.695	1.831	4.300	6.148	6.006	7.738	9.901	11.312	10.106	15.728	15.900	16.445	19.543	23.830	24.792	25.954	27.590	25.317	22.668	21.184	16.395	16.112	15.394	13.990	11.459	10.566	10.956	7.690	5.224	6.989	4.916	2.418	4.223	6.199	3.064	2.442	6.277	7.915	5.095	7.371	10.877	11.101	11.390	13.763	15.981	15.287	14.538	19.000	19.140	17.208	27.111	24.449	20.450	24.857	22.324	20.392	21.068	18.847	16.039	16.813	17.086	13.019	11.581	15.004	13.992	8.299	11.099	14.242	11.432	7.441	11.923	13.698	8.682	10.484	13.897	13.670	9.709	14.372	17.040	12.795	15.555	18.294	20.300
22.615	28.323	24.763	30.538	31.443	29.916	27.094	25.584	21.478	22.374	21.175	19.678	17.781	16.556	15.522	13.722	11.774	11.219	9.986	7.742	6.285	6.214	4.471	1.972	2.523	3.256	1.349	0.997	1.349	3.338	2.512	2.047	4.463	6.095	6.606	8.094	10.120	10.421	14.865	15.315	16.019	19.511	23.466	24.026	25.156	26.793	26.406	23.349	22.592	17.843	18.204	17.816	16.814	13.865	12.660	13.994	11.230	8.123	10.390	10.090	6.853	8.180	10.871	8.946	5.439	10.741	12.873	9.029	10.140	15.009	15.710	14.339	16.909	19.635	18.809	16.539	20.696	19.788	19.263	28.691	26.329	22.387	26.188	23.735	21.446	22.595	20.716	17.618	18.066	19.031	15.155	12.896	16.549	16.194	10.358	11.914	15.968	14.262	9.790	13.675	16.157	12.186	12.180	16.075	17.015	12.575	16.311	19.258	16.384	17.607	20.417	21.520
26.428	32.151	28.093	33.783	34.999	33.479	30.490	28.371	24.437	24.725	23.028	21.672	20.249	18.666	17.132	15.851	14.199	12.684	11.505	9.997	8.065	6.852	6.241	4.303	2.004	2.656	3.286	1.349	0.997	1.349	3.193	2.604	2.204	4.505	6.189	6.935	8.483	10.369	13.731	13.718	13.537	17.789	21.628	22.500	23.932	25.581	26.644	23.195	22.086	16.708	17.488	16.706	16.655	13.947	11.281	12.985	11.759	7.209	9.398	11.154	8.003	7.335	11.259	10.941	6.232	11.485	14.151	11.350	9.809	15.646	17.517	15.776	16.881	20.460	21.067	18.335	21.065	20.153	18.832	27.824	25.116	20.714	24.261	21.270	18.509	19.252	17.858	14.690	14.530	15.540	12.527	9.176	12.445	12.759	7.205	7.686	12.175	11.627	6.914	10.367	13.295	10.864	9.500	13.431	15.181	11.185	14.044	17.143	15.767	16.290	18.913	19.420
28.788	34.721	30.562	36.332	37.427	35.777	32.692	30.449	26.509	26.413	24.520	22.953	21.882	20.426	18.500	17.209	16.043	14.368	12.661	11.544	10.124	8.135	6.936	6.141	4.307	2.024	2.695	3.338	1.349	0.997	1.349	3.218	2.512	2.003	4.399	6.110	6.786	7.681	11.593	11.415	11.668	15.229	19.342	20.441	21.850	23.554	28.597	25.513	24.103	18.804	18.884	17.446	16.943	14.778	12.683	12.792	11.214	7.520	7.678	8.953	5.852	4.488	7.936	8.191	2.507	7.139	9.985	8.362	6.053	11.497	13.654	12.356	13.195	16.685	17.740	15.147	17.729	17.008	15.352	29.752	26.811	22.329	26.521	23.379	20.792	20.934	19.197	16.471	16.232	16.169	13.134	11.048	13.153	12.052	7.438	8.347	11.304	9.276	4.527	8.420	10.538	6.822	6.480	10.173	11.142	7.114	10.715	13.604	11.448	12.801	15.484	16.460
28.926	35.013	31.294	37.103	37.858	36.131	33.057	31.279	27.105	27.065	25.551	23.574	22.209	21.372	19.619	17.595	16.580	15.760	13.753	11.757	11.207	9.949	7.765	6.286	5.958	4.158	1.831	2.512	3.193	1.349	0.960	1.350	3.255	2.409	1.980	4.443	6.057	5.753	10.196	10.774	12.355	15.004	19.044	19.525	20.583	22.331	30.744	27.748	26.409	21.249	21.319	20.295	19.521	16.999	15.327	15.841	13.492	10.135	10.981	10.667	7.330	7.321	10.268	8.120	3.083	8.817	10.894	6.444	5.904	11.744	12.887	10.780	12.510	15.854	15.830	13.051	16.343	15.478	14.580	32.203	29.405	25.067	29.191	26.164	23.595	24.027	22.349	19.403	19.345	19.694	16.563	13.988	16.710	15.944	10.888	11.681	15.043	13.126	8.355	11.721	14.031	10.186	9.440	13.145	14.057	8.524	12.523	15.339	12.546	13.012	15.882	17.341
29.917	35.248	31.717	37.338	38.504	37.133	34.339	32.580	28.552	29.042	27.495	25.937	24.405	23.079	21.591	19.982	18.405	17.244	15.844	13.972	12.440	11.466	10.076	7.907	6.705	6.044	4.300	2.047	2.604	3.218	1.350	0.997	1.350	3.270	2.546	2.190	4.596	6.431	9.475	10.069	11.106	14.481	18.172	18.492	19.715	21.464	31.782	28.323	27.321	21.975	22.795	22.028	21.569	18.863	16.636	17.944	15.918	12.214	13.342	13.914	10.664	10.033	13.264	12.215	6.283	12.089	14.490	10.532	8.998	15.082	16.596	13.956	15.495	19.042	19.269	15.875	18.488	16.836	16.721	33.104	30.450	26.049	29.278	26.242	23.222	23.968	22.942	19.706	19.180	20.364	17.680	13.948	16.729	17.285	12.278	11.463	15.919	14.942	10.013	12.370	15.603	12.529	10.750	14.479	16.219	11.080	13.640	17.131	15.523	15.175	17.598	18.116
32.315	37.840	33.800	39.413	40.766	39.299	36.350	34.020	30.256	30.337	28.336	27.003	25.967	24.279	22.382	21.388	20.066	18.150	16.713	15.758	14.008	11.943	11.299	10.010	7.888	6.009	6.148	4.463	2.204	2.512	3.255	1.350	0.997	1.352	3.249	2.568	2.392	4.924	7.722	7.496	7.823	11.705	15.517	16.357	17.884	19.674	31.070	27.693	26.215	20.631	21.348	19.971	20.224	18.035	14.965	15.862	15.222	10.755	11.198	13.582	10.784	8.002	12.216	13.069	6.532	11.073	14.138	11.809	8.266	14.488	16.640	13.728	14.033	18.266	19.338	15.838	17.109	15.463	14.571	31.525	28.519	23.783	27.054	23.630	20.390	20.426	19.638	16.754	15.512	16.245	14.019	10.681	12.120	12.658	9.005	6.560	10.516	10.248	5.307	6.476	10.219	9.248	6.268	9.909	12.136	8.618	9.821	13.493	13.500	12.300	14.451	14.565
33.141	39.424	35.654	41.429	42.092	40.281	37.135	35.417	31.265	30.953	29.458	27.164	26.008	25.522	23.574	21.233	20.777	19.993	17.714	15.886	15.596	14.088	11.618	10.687	9.936	7.951	6.006	6.095	4.505	2.003	2.409	3.270	1.352	0.976	1.350	3.154	2.546	2.612	5.596	5.896	7.619	9.085	13.687	14.687	15.773	17.551	34.556	31.419	30.003	24.597	24.796	23.418	22.770	20.610	18.590	18.643	16.475	13.184	13.067	12.192	8.924	8.411	10.290	7.904	2.742	7.309	8.181	3.741	2.857	7.160	7.799	4.216	5.976	9.395	9.659	6.532	9.166	8.970	7.310	35.572	32.598	28.016	31.904	28.583	25.640	25.711	24.447	21.608	20.816	21.109	18.458	15.725	17.321	16.811	12.922	11.903	14.688	12.835	8.825	10.299	12.542	8.938	7.207	10.453	11.139	5.638	7.953	10.960	8.459	7.018	9.716	11.494
34.022	39.553	36.217	41.867	42.804	41.318	38.512	36.978	32.852	33.286	31.786	30.020	28.519	27.446	25.842	24.038	22.663	21.680	19.983	18.069	16.908	15.798	13.994	12.130	11.272	9.868	7.738	6.606	6.189	4.399	1.980	2.546	3.249	1.350	0.997	1.347	2.982	2.421	5.212	6.719	9.321	11.096	14.554	14.449	15.389	17.270	36.386	33.155	31.935	26.596	26.961	25.808	25.275	22.853	20.811	21.286	19.320	15.767	16.067	16.309	12.837	11.835	14.865	13.719	7.126	12.335	14.757	10.578	8.002	14.100	15.617	11.732	12.937	16.841	16.959	12.525	14.087	12.267	12.851	37.649	34.808	30.308	34.053	30.835	27.869	28.150	26.934	23.973	23.275	23.758	21.080	18.099	19.981	19.648	15.528	14.479	17.678	16.188	11.747	13.225	16.011	12.789	10.553	13.943	15.173	9.675	11.951	15.313	14.010	12.449	14.793	15.779
36.069	41.385	37.864	43.442	44.651	43.283	40.474	38.687	34.676	35.152	33.562	31.995	30.515	29.177	27.632	26.056	24.527	23.287	21.842	20.069	18.532	17.347	15.973	14.022	12.594	11.470	9.901	8.094	6.935	6.110	4.443	2.190	2.568	3.154	1.347	0.997	1.347	2.837	4.910	5.492	6.700	9.386	12.758	12.918	14.308	16.210	37.347	33.805	32.645	27.128	28.005	26.837	26.782	24.355	21.630	22.620	21.166	17.278	17.599	18.555	15.144	13.792	16.967	16.307	9.560	14.570	17.194	13.385	10.282	16.452	18.166	14.476	15.121	19.301	19.845	15.602	16.627	14.314	14.506	38.175	35.314	30.650	33.676	30.375	27.029	27.207	26.589	23.637	22.326	23.161	21.026	17.552	18.835	19.461	15.944	13.151	16.963	16.566	11.898	11.985	15.799	14.192	10.569	14.035	16.097	11.254	11.415	15.729	15.805	13.505	14.644	14.881
38.280	43.827	40.157	45.829	46.950	45.476	42.571	40.674	36.661	36.868	35.118	33.431	32.206	30.922	29.110	27.578	26.325	24.958	23.226	21.721	20.374	18.811	17.294	15.807	14.365	12.574	11.312	10.120	8.483	6.786	6.057	4.596	2.392	2.546	2.982	1.347	0.997	1.348	3.169	2.155	3.911	6.501	10.491	11.360	12.903	14.810	38.808	35.532	34.069	28.521	28.880	27.197	27.062	25.115	22.559	22.553	21.422	17.675	16.987	18.277	15.069	13.031	15.943	15.910	9.565	12.721	15.772	13.251	8.758	14.370	16.409	12.590	11.745	16.428	17.565	13.895	13.374	10.979	10.420	39.377	36.271	31.512	35.005	31.495	28.212	27.882	27.146	24.531	22.960	23.231	21.179	18.359	18.774	18.735	15.569	13.289	15.543	14.747	10.911	10.338	13.411	11.590	7.677	10.501	12.418	8.023	7.186	11.544	12.243	9.326	10.196	10.635
36.521	42.635	39.200	44.987	45.541	43.768	40.754	39.257	35.035	35.005	33.634	31.405	30.046	29.543	27.778	25.438	24.662	24.167	21.947	19.854	19.603	18.635	15.916	14.433	14.833	12.971	10.106	10.421	10.369	7.681	5.753	6.431	4.924	2.612	2.421	2.837	1.348	0.976	1.348	2.771	6.062	6.042	10.079	10.445	11.280	13.099	39.444	36.626	35.216	30.130	29.909	28.536	27.409	25.269	23.841	23.407	20.950	17.781	17.648	16.611	13.313	12.794	14.441	12.316	7.033	10.856	12.151	7.652	6.040	10.736	10.761	6.355	8.812	11.906	11.079	6.318	8.244	5.829	7.680	40.980	38.079	33.684	37.767	34.500	31.452	31.430	30.326	27.554	26.505	26.792	24.264	21.597	22.596	22.187	18.584	17.062	19.211	17.763	14.101	14.186	16.437	13.246	10.792	13.337	13.865	8.676	9.065	12.579	11.452	8.619	9.427	10.526
42.675	48.265	44.826	50.509	51.464	49.936	47.060	45.378	41.265	41.447	39.842	37.934	36.642	35.642	33.854	32.004	30.903	29.829	27.932	26.176	25.163	23.794	21.884	20.361	19.390	17.617	15.728	14.865	13.731	11.593	10.196	9.475	7.722	5.596	5.212	4.910	3.169	1.348	0.996	1.350	3.786	3.100	6.175	6.408	7.434	9.408	44.186	40.934	39.558	34.071	34.369	32.784	32.368	30.340	28.082	27.950	26.371	22.818	22.208	22.510	19.231	17.773	20.020	18.886	13.317	15.735	18.067	14.675	11.177	15.480	16.116	11.951	11.226	15.543	15.338	10.940	9.388	5.798	7.702	45.025	41.986	37.297	40.896	37.457	34.228	34.031	33.174	30.485	29.096	29.328	27.135	24.365	24.923	24.636	21.451	19.455	21.199	20.141	16.577	16.010	18.154	15.872	12.669	14.140	15.213	10.978	8.774	13.080	12.917	9.300	8.997	8.860
43.341	49.063	45.398	51.116	52.119	50.548	47.578	45.697	41.635	41.608	39.827	37.946	36.852	35.776	33.795	32.106	31.152	29.860	27.854	26.381	25.384	23.670	21.856	20.666	19.505	17.253	15.900	15.315	13.718	11.415	10.774	10.069	7.496	5.896	6.719	5.492	2.155	2.771	1.350	0.997	1.348	2.487	6.537	8.017	9.854	11.800	43.619	40.488	38.871	33.316	33.492	31.588	31.424	29.683	27.169	26.789	25.719	22.106	20.998	22.033	18.902	16.911	19.287	18.853	13.270	15.048	17.992	15.263	10.917	15.338	17.249	13.391	11.442	16.417	17.770	14.110	12.740	9.586	8.634	44.013	40.792	36.012	39.613	36.028	32.759	32.142	31.428	29.032	27.268	27.224	25.366	22.729	22.572	22.358	19.482	17.322	18.467	17.810	14.454	13.145	15.457	13.677	10.214	11.265	12.858	9.305	5.647	10.456	11.381	8.174	7.229	6.967
43.803	49.473	45.425	51.106	52.372	50.839	47.789	45.463	41.622	41.332	39.212	37.517	36.811	35.441	33.193	31.956	31.170	29.365	27.338	26.511	25.327	23.048	21.684	21.065	19.313	16.018	16.445	16.019	13.537	11.668	12.355	11.106	7.823	7.619	9.321	6.700	3.911	6.062	3.786	1.348	0.995	1.347	3.665	6.835	9.675	11.134	41.856	38.865	37.039	31.523	31.709	29.563	29.723	28.275	25.433	24.934	24.514	20.802	19.257	21.308	18.516	15.589	18.246	19.013	13.608	14.532	17.878	16.440	11.186	15.691	18.016	14.680	12.232	17.271	18.882	15.722	14.270	11.036	9.533	41.825	38.517	33.752	37.190	33.546	30.242	29.339	28.817	26.654	24.585	24.408	22.885	20.226	19.616	19.581	17.018	14.471	15.380	15.214	12.110	9.880	12.659	11.743	7.978	8.277	11.114	8.609	3.469	9.122	10.970	8.650	7.331	5.821
47.166	53.148	49.344	55.130	56.027	54.342	51.241	49.282	45.204	44.782	42.886	40.749	40.005	39.159	36.881	34.994	34.628	33.338	30.941	29.741	29.125	27.169	25.008	24.413	23.425	20.555	19.543	19.511	17.789	15.229	15.004	14.481	11.705	9.085	11.096	9.386	6.501	6.042	3.100	2.487	1.347	0.997	1.340	3.489	6.200	7.821	46.928	44.058	42.251	36.805	36.584	34.348	33.891	32.565	30.236	29.133	28.075	24.750	23.026	23.627	20.946	18.585	19.915	19.767	15.725	15.052	17.578	15.738	10.967	13.588	15.701	12.722	9.072	13.656	15.335	11.773	10.074	6.522	4.360	47.236	43.858	39.161	43.021	39.397	36.198	35.308	34.527	32.381	30.518	30.114	28.343	25.981	25.394	24.837	22.248	20.279	20.493	19.593	16.710	15.149	16.120	14.341	11.370	11.369	11.668	8.944	5.545	8.123	8.676	5.017	2.897	1.966
51.256	56.993	53.262	58.975	59.998	58.410	55.379	53.369	49.392	49.120	47.191	45.222	44.415	43.388	41.182	39.520	38.898	37.480	35.256	34.091	33.239	31.259	29.411	28.616	27.394	24.422	23.830	23.466	21.628	19.342	19.044	18.172	15.517	13.687	14.554	12.758	10.491	10.079	6.175	6.537	3.665	1.340	1.080	1.351	4.092	5.530	50.602	47.689	45.874	40.405	40.381	38.145	38.014	36.654	34.079	33.220	32.469	29.003	27.299	28.459	25.693	23.238	24.935	24.977	20.478	20.332	23.080	21.039	16.373	19.424	21.193	17.938	14.857	19.315	20.435	16.666	14.466	10.709	9.024	50.676	47.310	42.609	46.193	42.546	39.270	38.266	37.712	35.649	33.569	33.209	31.710	29.204	28.396	28.131	25.717	23.345	23.629	23.256	20.427	18.252	19.873	18.740	15.415	14.640	16.635	14.232	8.125	12.659	14.473	11.179	8.841	6.170
51.710	57.198	53.727	59.381	60.404	58.907	56.017	54.230	50.208	50.278	48.535	46.638	45.542	44.495	42.547	40.821	39.878	38.629	36.648	35.149	34.144	32.498	30.689	29.437	28.291	26.007	24.792	24.026	22.500	20.441	19.525	18.492	16.357	14.687	14.449	12.918	11.360	10.445	6.408	8.017	6.835	3.489	1.351	0.997	1.346	3.515	52.151	49.011	47.401	41.900	42.158	40.205	40.086	38.431	35.843	35.400	34.425	30.824	29.534	30.532	27.541	25.417	27.346	26.921	21.960	22.913	25.307	22.710	18.574	22.024	23.183	19.568	17.326	21.657	22.101	18.247	15.762	11.959	11.409	52.430	49.222	44.478	47.832	44.250	40.888	40.145	39.689	37.419	35.419	35.371	33.808	31.094	30.600	30.576	27.987	25.472	26.322	25.998	22.937	20.876	22.977	21.718	18.404	18.074	20.014	17.225	11.891	16.407	17.732	14.217	12.347	10.275
52.429	57.861	54.600	60.220	61.138	59.628	56.818	55.215	51.151	51.332	49.738	47.773	46.540	45.625	43.796	41.878	40.915	39.880	37.920	36.218	35.298	33.875	31.893	30.474	29.590	27.594	25.954	25.156	23.932	21.850	20.583	19.715	17.884	15.773	15.389	14.308	12.903	11.280	7.434	9.854	9.675	6.200	4.092	1.346	0.960	1.344	53.791	50.597	49.093	43.617	43.901	42.082	41.814	40.039	37.578	37.218	35.979	32.425	31.307	31.908	28.869	27.007	28.746	27.913	23.109	24.266	26.100	23.239	19.638	22.808	23.262	19.640	17.928	21.745	21.453	17.643	15.050	11.219	11.527	54.287	51.147	46.420	49.779	46.259	42.901	42.321	41.814	39.426	37.563	37.624	35.920	33.176	32.921	32.868	30.134	27.716	28.775	28.253	25.084	23.361	25.365	23.783	20.594	20.646	21.997	18.956	14.529	18.510	19.057	15.382	13.780	12.149
53.765	59.141	55.912	61.513	62.435	60.935	58.145	56.529	52.524	52.721	51.130	49.186	47.969	47.046	45.229	43.335	42.376	41.342	39.394	37.729	36.809	35.387	33.422	31.998	31.160	29.071	27.590	26.793	25.581	23.554	22.331	21.464	19.674	17.551	17.270	16.210	14.810	13.099	9.408	11.800	11.134	7.821	5.530	3.515	1.344	0.996	55.052	51.908	50.378	44.949	45.243	43.404	43.179	41.454	38.950	38.579	37.430	33.875	32.707	33.406	30.428	28.471	30.165	29.463	24.743	25.724	27.573	24.801	21.230	24.232	24.708	21.176	19.428	23.082	22.768	19.065	16.500	12.609	12.948	55.483	52.365	47.662	50.957	47.452	44.109	43.479	43.033	40.708	38.801	38.843	37.229	34.471	34.138	34.144	31.499	29.033	29.996	29.577	26.505	24.637	26.545	25.163	22.009	21.728	23.240	20.428	15.707	19.405	20.349	16.847	15.124	13.307
17.971	20.156	14.948	17.421	20.107	18.379	16.861	11.313	12.090	12.423	8.346	11.411	14.195	10.929	7.985	14.033	15.470	10.654	14.697	17.605	17.502	15.190	19.589	21.976	20.464	22.743	25.317	26.406	26.644	28.597	30.744	31.782	31.070	34.556	36.386	37.347	38.808	39.444	44.186	43.619	41.856	46.928	50.602	52.151	53.791	55.052	1.036	1.349	2.633	6.453	7.714	8.798	11.406	10.928	12.916	15.250	16.853	18.453	21.501	22.095	24.097	26.116	26.893	27.268	29.781	31.753	32.653	33.202	35.133	37.500	37.216	39.939	41.746	43.302	41.988	43.603	48.216	48.454	45.671	2.026	4.335	6.998	6.232	10.356	12.517	14.939	12.436	10.290	16.140	17.659	14.475	17.981	21.069	21.721	21.649	24.314	26.237	24.340	27.135	29.922	30.177	28.539	32.777	35.152	35.437	34.932	38.513	40.413	38.343	41.732	44.331	44.885
16.763	18.451	13.246	15.866	18.927	17.709	16.335	10.907	11.688	12.568	8.791	12.133	14.165	10.277	7.571	13.652	14.485	8.714	13.494	16.289	15.106	12.596	17.401	19.699	17.225	19.908	22.668	23.349	23.195	25.513	27.748	28.323	27.693	31.419	33.155	33.805	35.532	36.626	40.934	40.488	38.865	44.058	47.689	49.011	50.597	51.908	1.349	0.960	1.346	3.886	6.599	8.996	11.649	10.206	10.805	14.102	15.516	16.125	19.857	21.066	22.285	23.921	25.767	25.979	27.756	29.936	31.398	31.344	32.859	35.803	35.906	38.046	39.785	41.685	40.689	41.489	45.898	45.906	43.422	4.403	6.797	7.188	6.741	10.361	10.686	13.751	12.219	8.034	14.111	16.181	13.372	15.229	18.951	20.098	19.498	21.887	24.314	23.094	24.779	27.721	28.961	26.940	30.618	33.121	33.864	32.836	36.356	38.676	36.618	39.651	42.270	42.787
19.377	22.224	16.891	19.978	22.835	21.281	19.500	14.186	13.985	13.836	9.982	12.172	14.309	11.068	6.787	12.694	14.072	8.288	11.837	14.905	14.490	11.005	15.849	18.404	16.618	18.299	21.184	22.592	22.086	24.103	26.409	27.321	26.215	30.003	31.935	32.645	34.069	35.216	39.558	38.871	37.039	42.251	45.874	47.401	49.093	50.378	2.633	1.346	0.960	1.348	3.665	5.369	8.361	7.595	8.441	11.229	12.813	14.034	17.326	18.432	20.013	21.748	23.162	23.741	25.729	27.664	28.993	29.506	30.879	33.558	33.757	36.095	37.696	39.489	38.629	39.794	44.132	44.273	41.457	2.831	2.393	2.761	2.576	5.893	7.484	10.059	7.948	5.329	11.105	12.735	10.065	13.034	16.163	17.016	17.063	19.537	21.573	20.280	22.535	25.315	26.004	24.385	28.304	30.709	31.297	30.612	34.082	36.181	34.247	37.413	40.019	40.461
18.931	22.667	17.380	21.622	24.096	22.444	20.167	15.433	14.180	14.080	10.817	12.312	13.780	10.533	6.541	11.616	11.909	6.212	8.880	12.039	10.980	6.559	11.716	14.269	12.017	13.169	16.395	17.843	16.708	18.804	21.249	21.975	20.631	24.597	26.596	27.128	28.521	30.130	34.071	33.316	31.523	36.805	40.405	41.900	43.617	44.949	6.453	3.886	1.348	0.997	1.347	2.744	5.798	4.990	3.339	7.044	8.796	9.153	12.718	14.463	15.615	16.820	18.926	19.860	21.137	23.073	24.846	25.208	25.998	29.110	29.804	31.634	33.004	35.105	34.696	35.250	39.305	39.262	36.543	7.037	4.875	2.967	5.483	6.376	6.167	8.990	6.535	2.320	7.880	9.713	6.017	7.743	11.619	12.630	11.867	14.302	16.691	15.549	17.232	20.068	21.325	19.549	23.093	25.528	26.437	25.653	28.910	31.165	29.563	32.402	34.984	35.265
19.475	23.951	18.636	23.036	24.930	22.755	20.213	15.492	14.061	12.607	9.116	9.404	11.899	9.603	4.411	9.186	11.028	6.578	6.980	10.794	11.563	6.569	11.299	14.101	13.263	12.977	16.112	18.204	17.488	18.884	21.319	22.795	21.348	24.796	26.961	28.005	28.880	29.909	34.369	33.492	31.709	36.584	40.381	42.158	43.901	45.243	7.714	6.599	3.665	1.347	0.960	1.341	2.805	2.236	2.411	4.722	6.526	8.252	10.936	12.259	14.011	15.637	16.862	18.039	19.868	21.491	22.922	23.961	24.910	27.479	28.075	30.312	31.665	33.484	33.040	34.288	38.388	38.596	35.468	8.595	5.919	4.389	8.476	9.281	9.722	11.566	7.182	4.593	10.042	10.981	5.579	9.118	12.535	12.626	11.294	14.509	16.548	14.033	16.639	19.605	20.201	17.978	22.184	24.628	24.906	24.390	27.900	29.927	27.946	31.176	33.779	34.325
23.487	28.020	22.666	26.775	28.841	26.675	24.219	19.366	18.105	16.641	13.037	13.138	15.737	13.450	8.343	12.464	14.230	10.083	7.636	12.605	13.472	7.242	11.367	14.397	13.816	11.715	15.394	17.816	16.706	17.446	20.295	22.028	19.971	23.418	25.808	26.837	27.197	28.536	32.784	31.588	29.563	34.348	38.145	40.205	42.082	43.404	8.798	8.996	5.369	2.744	1.341	1.080	1.351	3.255	2.453	2.206	4.822	6.765	8.327	10.080	12.258	13.561	14.352	16.332	18.098	19.114	20.712	22.337	22.856	25.249	26.358	28.433	29.433	31.306	31.413	32.708	36.508	36.715	33.270	8.599	5.109	2.480	7.053	7.147	8.208	8.428	3.553	3.223	7.856	7.974	2.700	7.675	10.359	9.741	8.925	12.247	13.855	10.774	14.148	16.938	16.873	15.024	19.476	21.773	21.892	21.875	25.197	26.878	25.316	28.563	31.113	31.482
