0.995	1.349	3.060	5.801	9.389	10.524	8.036	8.124	6.481	4.644	7.052	6.838	5.468	9.628	8.043	6.075	10.975	12.842	10.164	13.423	16.086	16.471	16.549	19.091	21.447	21.102	21.272	24.895	26.362	25.917	27.636	30.469	29.998	26.043	33.751	35.686	35.495	35.871	39.512	40.961	42.568	38.499	41.575	45.600	46.167	46.241	24.787	22.662	18.738	16.456	12.359	12.051	9.722	11.762	14.224	11.206	11.579	14.465	15.567	11.542	15.035	17.844	16.545	14.906	19.188	21.532	20.477	20.260	24.451	25.901	23.430	27.414	29.972	30.002	30.607	32.292	35.050	34.510	38.937	26.217	28.099	29.320	26.908	23.952	23.331	27.233	24.003	19.897	24.523	25.264	19.608	21.130	25.051	23.701	23.172	26.692	27.509	23.372	28.050	31.038	28.927	27.681	33.270	35.144	33.925	34.915	38.439	38.760	36.498	41.450	42.676	47.918
1.349	0.960	1.346	2.470	6.100	7.508	3.667	5.745	5.614	3.459	8.309	9.428	8.181	12.101	11.672	10.189	14.338	16.439	14.827	17.690	20.073	20.705	21.494	23.529	25.799	26.131	26.544	29.634	31.179	31.336	32.823	35.483	35.508	31.883	39.126	41.004	41.300	41.804	45.559	47.029	48.724	44.331	47.779	51.684	52.103	52.276	28.284	26.385	22.507	20.552	16.152	16.052	14.082	15.979	18.702	16.435	17.017	19.614	21.229	18.177	21.072	23.845	23.532	21.972	25.743	28.194	27.789	27.114	31.258	33.036	30.868	34.493	37.035	37.456	37.864	39.123	42.250	41.077	46.175	29.745	31.838	33.358	30.674	27.908	27.260	31.653	28.597	24.229	29.086	30.377	24.836	26.045	30.345	29.506	29.271	32.554	33.560	30.041	34.396	37.397	35.624	34.666	40.001	41.906	41.066	41.982	45.402	45.961	43.885	48.645	50.018	55.097
3.060	1.346	0.997	1.350	3.504	6.577	5.762	8.909	8.563	6.877	11.901	12.663	10.989	15.020	13.402	12.308	17.048	18.568	15.662	19.541	22.133	21.802	22.380	25.152	27.273	26.628	27.339	30.849	31.927	31.576	33.683	36.290	35.366	32.062	39.633	41.397	41.130	41.842	45.365	46.933	48.728	44.837	47.975	52.040	52.701	52.741	27.791	26.187	22.006	20.253	16.113	14.677	13.552	16.094	18.151	15.100	16.463	19.275	19.972	16.794	20.471	23.209	21.549	20.927	25.082	27.231	26.050	26.604	30.461	31.639	29.380	33.557	36.001	35.758	36.773	38.626	41.133	40.449	44.540	28.460	30.281	32.142	30.008	27.333	25.775	30.058	26.377	22.594	27.929	28.839	23.122	25.387	29.267	28.030	28.272	31.502	31.789	28.123	33.190	35.871	33.318	33.034	38.385	39.860	38.904	40.334	43.589	43.543	41.710	46.698	47.526	53.072
5.801	2.470	1.350	0.997	1.348	3.627	2.376	6.396	7.462	5.966	11.690	14.104	12.953	16.588	16.311	15.081	19.221	21.293	19.489	22.598	25.008	25.443	26.216	28.409	30.665	30.792	31.189	34.455	35.927	35.889	37.510	40.217	39.962	36.283	43.749	45.627	45.712	46.137	49.864	51.320	52.964	48.622	51.865	55.782	56.224	56.281	31.560	30.046	26.196	24.628	20.064	19.557	18.127	20.307	22.824	20.264	21.240	23.922	25.181	21.884	25.221	28.016	26.932	25.640	29.762	32.120	31.168	30.873	35.134	36.628	34.074	38.118	40.700	40.598	41.143	42.838	45.733	45.085	49.622	32.821	35.046	36.989	34.215	31.718	30.687	35.306	31.975	27.827	33.036	34.238	28.595	30.265	34.431	33.410	33.341	36.641	37.320	33.613	38.364	41.233	39.005	38.271	43.713	45.445	44.393	45.542	48.962	49.122	47.042	52.039	53.064	58.467
9.389	6.100	3.504	1.348	0.997	1.350	2.692	6.857	8.169	9.293	14.324	16.504	16.469	20.358	20.143	17.760	22.220	24.735	22.529	25.272	28.004	28.841	28.785	30.966	33.596	33.534	33.323	36.987	38.704	38.289	39.645	42.694	42.511	38.118	45.942	47.995	47.868	47.824	51.618	52.908	54.247	49.848	52.752	56.632	57.026	56.963	35.925	34.294	30.295	28.496	24.053	23.202	21.681	24.001	26.369	23.296	24.121	26.988	27.939	23.895	27.562	30.388	28.509	26.884	31.415	33.794	32.031	31.656	36.321	37.590	34.295	38.743	41.473	40.681	41.120	43.322	46.093	46.309	50.305	36.938	38.974	40.843	38.374	35.716	34.483	38.837	35.162	31.335	36.516	37.353	31.583	33.525	37.464	36.069	35.691	39.218	39.762	35.485	40.461	43.383	40.767	39.671	45.413	47.095	45.525	46.692	50.319	50.019	47.608	52.977	53.648	59.345
10.524	7.508	6.577	3.627	1.350	0.997	1.345	3.897	5.950	8.718	12.300	15.619	16.705	20.360	20.963	18.048	21.892	24.995	23.260	25.425	28.120	29.512	29.255	31.064	33.908	34.154	33.674	37.251	39.172	38.889	39.941	43.091	43.302	38.639	46.375	48.501	48.566	48.349	52.245	53.463	54.688	50.048	53.032	56.812	57.067	57.044	37.898	36.015	32.158	30.089	25.687	25.295	23.254	25.308	27.881	24.918	25.268	28.123	29.395	25.135	28.554	31.393	30.051	27.882	32.283	34.797	33.352	32.297	37.184	38.760	35.450	39.570	42.381	41.975	41.998	43.921	47.018	47.100	51.560	39.285	41.331	42.874	40.325	37.520	36.694	40.858	37.404	33.394	38.243	39.066	33.362	34.860	38.872	37.569	36.837	40.449	41.357	37.032	41.640	44.757	42.532	40.990	46.765	48.691	47.133	48.004	51.747	51.824	49.213	54.453	55.474	60.866
8.036	3.667	5.762	2.376	2.692	1.345	0.997	1.348	3.050	4.717	9.000	12.249	13.058	16.458	17.383	15.096	18.419	21.479	20.567	22.383	24.829	26.368	26.621	28.034	30.829	31.564	31.162	34.369	36.368	36.532	37.361	40.414	41.033	36.551	43.923	46.025	46.459	46.325	50.286	51.508	52.750	47.880	51.134	54.825	54.958	55.057	34.034	32.280	28.639	26.920	22.327	22.505	20.535	22.228	25.159	22.849	23.133	25.797	27.480	23.803	26.753	29.558	29.111	26.747	30.739	33.381	32.606	30.952	35.867	37.773	34.862	38.418	41.288	41.548	41.221	42.594	46.110	45.575	50.757	35.774	38.090	39.753	36.758	34.176	33.657	38.206	35.158	30.767	35.612	36.898	31.334	32.388	36.690	35.776	35.099	38.587	39.766	35.859	40.069	43.287	41.519	39.952	45.559	47.610	46.401	47.055	50.771	51.309	48.775	53.721	55.139	60.168
8.124	5.745	8.909	6.396	6.857	3.897	1.348	0.997	1.343	3.365	5.342	9.259	11.076	14.356	15.789	13.135	15.669	19.266	19.031	20.200	22.375	24.454	24.762	25.635	28.618	29.756	29.320	32.138	34.324	34.836	35.410	38.398	39.390	35.048	42.059	44.157	44.896	44.793	48.804	50.022	51.245	46.154	49.606	53.154	53.109	53.299	33.885	31.682	28.243	26.122	21.811	22.625	20.049	21.096	24.427	22.513	22.111	24.687	26.724	23.280	25.733	28.469	28.813	26.151	29.736	32.488	32.190	30.126	34.979	37.109	34.542	37.638	40.564	41.305	40.705	41.656	45.498	44.439	50.193	36.097	38.300	39.407	36.427	33.616	33.626	37.905	35.209	30.611	34.865	36.288	30.894	31.324	35.716	35.012	34.074	37.532	39.082	35.366	39.083	42.468	41.228	39.347	44.828	47.021	46.028	46.433	50.164	51.095	48.543	53.257	55.004	59.698
6.481	5.614	8.563	7.462	8.169	5.950	3.050	1.343	1.080	1.346	3.427	6.451	8.970	12.434	13.910	10.135	13.060	16.843	16.216	16.816	19.524	21.708	21.243	22.267	25.451	26.409	25.495	28.682	30.927	31.142	31.599	34.789	35.847	31.073	38.256	40.447	41.084	40.781	44.806	45.959	47.128	42.091	45.492	49.128	49.186	49.371	32.729	30.271	26.881	24.343	20.376	21.192	18.303	19.109	22.451	20.354	19.355	21.974	24.017	20.048	22.370	25.117	25.547	22.397	25.883	28.739	28.392	25.972	30.946	33.158	30.535	33.432	36.442	37.307	36.523	37.407	41.325	40.326	46.166	35.019	37.057	37.855	35.069	32.072	32.218	36.069	33.388	28.964	32.767	33.916	28.573	28.821	32.999	32.162	30.727	34.345	36.068	32.100	35.555	39.111	38.068	35.671	41.228	43.524	42.395	42.586	46.455	47.521	44.763	49.444	51.329	55.846
4.644	3.459	6.877	5.966	9.293	8.718	4.717	3.365	1.346	0.997	1.342	3.687	5.003	7.876	9.460	7.371	9.795	13.029	13.434	14.144	16.226	18.263	18.833	19.645	22.434	23.769	23.517	26.118	28.233	28.986	29.558	32.389	33.490	29.500	36.186	38.213	39.132	39.251	43.230	44.516	45.925	40.924	44.634	48.275	48.329	48.642	27.587	25.299	22.073	20.083	15.838	17.152	14.632	15.124	18.778	17.577	16.877	19.198	21.559	18.873	20.660	23.263	24.419	21.826	24.693	27.554	27.918	25.602	30.019	32.463	30.609	33.074	35.939	37.298	36.681	37.059	41.120	39.242	45.634	30.114	32.370	33.325	30.179	27.446	27.738	32.111	29.805	24.962	29.021	30.759	25.595	25.603	30.149	29.723	28.796	32.109	33.869	30.636	33.852	37.316	36.613	34.649	39.863	42.131	41.527	41.687	45.352	46.681	44.336	48.679	50.755	55.070
7.052	8.309	11.901	11.690	14.324	12.300	9.000	5.342	3.427	1.342	1.080	1.342	3.483	6.393	8.207	6.138	7.146	10.956	12.036	12.317	13.937	16.409	17.197	17.599	20.398	21.964	21.927	24.101	26.321	27.360	27.828	30.525	31.815	28.168	34.464	36.449	37.574	37.810	41.801	43.101	44.569	39.502	43.396	46.964	46.934	47.325	27.591	24.848	21.871	19.379	15.725	17.559	14.610	14.115	18.182	17.473	15.989	18.006	20.724	18.544	19.810	22.281	23.908	21.566	23.799	26.776	27.594	25.140	29.115	31.867	30.491	32.496	35.318	36.974	36.358	36.354	40.618	38.162	45.003	30.466	32.461	32.871	29.866	26.937	27.618	31.648	29.606	24.806	28.093	29.958	24.999	24.425	28.992	28.720	27.695	30.905	32.872	29.969	32.793	36.314	36.044	33.986	38.982	41.312	40.970	40.955	44.566	46.114	43.940	48.044	50.283	54.375
6.838	9.428	12.663	14.104	16.504	15.619	12.249	9.259	6.451	3.687	1.342	1.080	1.347	3.972	6.018	2.929	3.761	7.798	8.614	8.026	10.060	12.634	12.941	13.395	16.314	17.804	17.562	19.888	22.098	23.045	23.461	26.220	27.566	23.806	30.102	32.117	33.220	33.409	37.398	38.702	40.206	35.173	39.094	42.706	42.733	43.139	25.639	22.652	19.925	17.088	13.960	15.957	12.841	11.671	15.873	15.353	12.988	14.661	17.627	15.370	16.082	18.499	20.351	17.947	19.639	22.800	23.844	21.119	24.880	27.853	26.714	28.379	31.190	32.990	32.355	32.161	36.520	33.825	40.862	28.747	30.548	30.635	27.740	24.742	25.622	29.220	27.259	22.783	25.350	27.068	22.260	21.274	25.613	25.329	23.785	27.069	29.242	26.360	28.778	32.444	32.563	30.075	34.991	37.412	37.114	36.869	40.541	42.247	40.063	44.025	46.387	50.300
5.468	8.181	10.989	12.953	16.469	16.705	13.058	11.076	8.970	5.003	3.483	1.347	0.960	1.351	2.441	2.162	2.646	4.873	6.093	7.274	8.563	10.438	11.868	12.885	14.828	16.369	17.278	19.061	20.876	22.064	23.128	25.348	26.371	23.666	29.518	31.266	32.398	33.162	37.067	38.578	40.419	35.773	39.897	43.610	43.829	44.324	21.425	18.679	15.518	12.917	9.317	11.136	8.232	7.702	11.682	11.370	10.146	11.916	14.734	13.511	14.613	16.953	18.761	17.540	19.376	22.087	23.371	21.903	24.780	27.647	27.094	29.137	31.438	33.248	33.441	33.184	37.111	33.835	40.762	24.117	26.027	26.436	23.564	20.533	21.131	25.121	23.095	18.264	21.636	23.555	18.652	18.118	22.785	22.636	22.134	25.047	26.943	24.556	27.421	30.696	30.471	29.104	33.740	35.927	36.038	36.258	39.508	41.045	39.435	43.289	45.469	49.578
9.628	12.101	15.020	16.588	20.358	20.360	16.458	14.356	12.434	7.876	6.393	3.972	1.351	0.960	1.349	3.136	2.409	2.032	4.416	6.126	6.418	7.826	9.994	11.286	12.177	14.117	15.765	16.955	18.546	20.020	21.449	23.197	24.254	22.492	27.589	29.118	30.441	31.516	35.435	37.042	39.051	34.618	38.942	42.630	42.906	43.515	19.323	16.237	14.113	11.354	9.147	12.206	9.915	6.737	11.566	12.972	10.790	10.660	14.692	14.787	14.803	16.579	18.936	18.685	18.893	21.891	23.837	22.329	24.068	27.613	28.086	29.178	31.096	33.370	33.835	32.974	37.006	32.783	40.303	23.045	24.796	24.518	21.470	18.646	19.968	23.765	22.527	17.834	19.837	22.315	18.199	16.382	21.210	21.519	20.979	23.524	25.811	24.428	26.354	29.631	30.319	28.820	32.916	35.164	35.838	35.703	38.782	40.613	39.464	42.809	45.183	48.892
8.043	11.672	13.402	16.311	20.143	20.963	17.383	15.789	13.910	9.460	8.207	6.018	2.441	1.349	0.997	1.352	3.198	2.418	1.983	4.407	6.107	6.052	7.947	10.009	11.263	12.355	13.888	15.816	17.021	18.092	19.773	21.679	22.223	20.195	25.863	27.417	28.396	29.499	33.326	34.999	37.113	32.962	37.123	40.981	41.461	42.009	15.853	12.949	9.835	7.289	4.107	6.681	4.291	2.488	6.686	7.695	6.459	7.393	10.564	10.619	11.287	13.252	15.316	15.344	16.183	18.739	20.520	19.604	21.377	24.557	24.991	26.502	28.323	30.421	31.133	30.539	34.264	30.310	37.384	18.628	20.414	20.662	17.771	14.716	15.505	19.587	17.962	13.000	16.183	18.380	13.858	13.054	17.928	18.016	18.000	20.641	22.481	20.767	23.363	26.493	26.494	25.570	29.816	31.922	32.459	32.686	35.692	37.312	36.168	39.691	41.914	45.864
6.075	10.189	12.308	15.081	17.760	18.048	15.096	13.135	10.135	7.371	6.138	2.929	2.162	3.136	1.352	0.997	1.349	3.243	2.397	2.096	4.479	6.246	6.764	8.064	10.260	11.423	12.006	14.187	15.943	16.929	17.938	20.300	21.368	18.349	24.337	26.158	27.231	27.904	31.807	33.290	35.116	30.588	34.631	38.438	38.766	39.267	21.160	17.827	14.892	11.301	8.982	10.337	6.916	5.741	9.576	8.999	6.444	8.157	11.071	9.128	9.962	12.345	14.172	12.431	14.177	17.081	18.286	16.520	19.526	22.471	21.797	23.787	26.163	27.963	28.065	27.857	31.783	28.546	35.593	23.784	25.111	24.917	22.583	19.186	20.000	22.890	20.820	16.758	18.951	20.525	15.695	14.769	19.104	18.856	17.549	20.697	22.852	20.132	22.686	26.229	26.242	24.238	29.010	31.340	31.243	31.254	34.686	36.321	34.443	38.347	40.622	44.640
10.975	14.338	17.048	19.221	22.220	21.892	18.419	15.669	13.060	9.795	7.146	3.761	2.646	2.409	3.198	1.349	0.997	1.351	3.312	2.610	1.999	4.535	6.215	6.564	8.200	10.122	11.386	12.410	14.340	15.891	16.868	18.808	20.226	18.251	23.149	24.828	26.286	27.166	31.135	32.617	34.505	29.892	34.280	37.898	38.082	38.735	21.462	17.658	15.788	11.961	10.796	13.295	10.208	7.336	11.839	12.717	9.746	9.085	13.567	13.143	12.289	14.120	16.748	16.053	15.093	18.885	21.039	18.801	20.219	24.329	24.994	25.382	27.308	29.882	30.079	28.850	33.176	28.649	36.651	24.755	25.675	24.896	22.468	19.330	20.814	23.487	22.229	18.260	19.078	21.293	17.391	14.899	19.258	19.600	17.921	20.668	23.424	22.089	23.238	26.806	28.094	25.825	29.810	32.251	32.923	32.273	35.562	37.601	36.359	39.515	42.006	45.469
12.842	16.439	18.568	21.293	24.735	24.995	21.479	19.266	16.843	13.029	10.956	7.798	4.873	2.032	2.418	3.243	1.351	0.997	1.352	3.228	2.537	2.014	4.320	6.068	6.431	8.032	10.017	11.351	12.521	13.957	15.658	17.240	18.178	16.951	21.640	23.080	24.378	25.616	29.517	31.197	33.361	29.255	33.671	37.430	37.888	38.573	14.515	10.765	8.987	5.797	5.206	8.945	7.572	2.937	7.593	9.834	8.147	6.027	10.799	11.883	10.653	11.896	14.687	15.077	13.776	17.117	19.481	18.269	18.812	22.847	24.215	24.576	25.959	28.643	29.487	28.170	32.039	27.187	35.002	17.878	19.004	18.417	15.629	12.689	14.275	17.913	17.270	12.643	14.046	16.835	13.471	10.952	15.783	16.386	15.385	17.812	20.469	19.670	20.824	24.146	25.449	23.745	27.455	29.767	30.750	30.350	33.321	35.304	34.486	37.465	39.889	43.379
10.164	14.827	15.662	19.489	22.529	23.260	20.567	19.031	16.216	13.434	12.036	8.614	6.093	4.416	1.983	2.397	3.312	1.352	0.997	1.350	3.224	2.607	2.011	4.396	6.252	6.626	7.865	10.046	11.357	12.183	13.743	15.809	16.517	14.197	19.854	21.527	22.498	23.462	27.311	28.942	31.062	26.993	31.203	35.114	35.694	36.294	18.502	14.752	11.986	7.109	6.695	7.067	3.677	2.315	4.888	5.363	2.425	2.549	5.769	5.828	5.616	7.370	9.584	9.986	10.354	12.892	14.790	14.248	15.492	18.764	19.594	20.884	22.458	24.680	25.609	24.871	28.462	24.330	31.412	20.166	20.710	20.138	18.778	14.916	15.538	17.471	15.437	11.845	13.484	14.849	10.239	9.084	13.358	13.115	12.295	15.241	17.234	15.121	17.579	20.869	21.129	19.696	23.991	26.203	26.643	26.762	29.830	31.518	30.321	33.790	36.093	39.980
13.423	17.690	19.541	22.598	25.272	25.425	22.383	20.200	16.816	14.144	12.317	8.026	7.274	6.126	4.407	2.096	2.610	3.228	1.350	0.997	1.350	3.300	2.574	2.104	4.586	6.145	6.524	8.124	10.129	11.378	12.002	14.315	15.819	13.313	18.430	20.283	21.648	22.317	26.277	27.706	29.576	25.041	29.431	33.176	33.538	34.222	22.111	18.186	16.019	11.408	11.028	12.685	9.366	6.685	10.360	10.766	7.597	6.431	10.654	10.155	8.043	10.171	12.720	11.603	10.372	14.352	16.449	14.069	15.433	19.625	20.361	20.592	22.510	25.101	25.352	24.028	28.344	23.725	31.887	24.600	25.058	24.194	22.495	18.904	20.114	21.859	20.245	16.714	17.463	19.017	14.957	12.742	16.451	16.690	13.927	16.928	19.971	18.111	19.055	22.854	24.238	21.413	25.508	28.075	28.522	27.656	31.130	33.248	31.769	34.961	37.488	40.857
16.086	20.073	22.133	25.008	28.004	28.120	24.829	22.375	19.524	16.226	13.937	10.060	8.563	6.418	6.107	4.479	1.999	2.537	3.224	1.350	0.997	1.353	3.240	2.560	2.204	4.441	6.273	6.682	8.212	10.074	11.383	12.783	14.253	13.572	17.297	18.790	20.384	21.581	25.545	27.107	29.177	24.966	29.575	33.213	33.605	34.407	20.186	16.075	15.126	10.974	11.535	14.341	11.379	7.627	11.613	12.871	9.831	7.100	12.072	12.721	10.437	10.910	14.620	14.478	11.533	15.889	18.545	16.607	16.179	21.095	22.850	22.206	23.317	26.537	27.240	25.233	29.251	23.809	32.322	23.559	23.830	22.479	20.387	17.509	19.308	20.748	19.880	16.229	16.118	18.139	14.993	11.525	15.090	16.052	13.487	15.672	19.250	18.947	18.813	22.318	24.300	22.020	25.261	27.829	29.006	27.926	31.025	33.264	32.559	35.133	37.612	40.740
16.471	20.705	21.802	25.443	28.841	29.512	26.368	24.454	21.708	18.263	16.409	12.634	10.438	7.826	6.052	6.246	4.535	2.014	2.607	3.300	1.353	0.997	1.350	3.242	2.446	2.019	4.439	6.140	6.663	7.841	9.790	11.371	12.119	11.486	15.662	17.052	18.257	19.614	23.482	25.223	27.540	23.867	28.311	32.155	32.848	33.597	15.651	11.548	10.259	5.489	7.297	9.972	8.171	3.156	6.295	8.804	6.896	2.397	7.447	9.333	7.589	6.964	10.628	12.056	9.135	12.502	15.413	14.830	13.714	18.306	20.405	20.059	20.826	23.993	25.201	23.350	26.918	21.481	29.607	18.221	18.303	17.180	15.497	12.126	13.592	15.125	14.076	10.401	10.585	12.707	9.458	6.220	10.495	11.126	9.878	12.115	14.936	14.702	15.360	18.583	20.173	18.657	21.953	24.273	25.516	24.964	27.818	29.886	29.432	32.049	34.465	37.757
16.549	21.494	22.380	26.216	28.785	29.255	26.621	24.762	21.243	18.833	17.197	12.941	11.868	9.994	7.947	6.764	6.215	4.320	2.011	2.574	3.240	1.350	0.997	1.351	3.287	2.442	1.979	4.369	6.061	6.562	7.692	9.972	11.105	7.487	13.854	15.690	16.692	17.175	21.021	22.511	24.325	20.222	24.027	28.069	28.779	29.276	21.458	17.331	15.712	10.521	11.866	12.715	9.929	6.863	9.298	8.969	5.559	4.003	7.006	6.118	3.088	4.248	6.756	5.652	3.211	7.030	9.261	6.871	8.278	12.068	13.229	13.060	15.083	17.489	17.885	16.822	20.863	17.250	24.543	23.507	23.254	21.923	20.955	17.290	18.331	18.644	17.094	14.016	14.118	14.647	11.104	8.893	11.676	11.619	8.092	11.625	14.231	11.423	12.448	16.452	17.552	14.087	18.585	21.173	21.169	20.401	24.060	26.058	24.268	27.664	30.211	33.791
19.091	23.529	25.152	28.409	30.966	31.064	28.034	25.635	22.267	19.645	17.599	13.395	12.885	11.286	10.009	8.064	6.564	6.068	4.396	2.104	2.560	3.242	1.351	0.997	1.351	3.211	2.581	2.166	4.509	6.232	6.480	8.262	10.201	9.199	12.555	14.331	16.003	16.902	20.866	22.279	24.224	19.763	24.397	27.982	28.210	29.040	23.602	19.393	18.181	13.107	14.564	15.937	13.139	9.642	12.547	13.195	9.926	7.180	11.453	11.762	8.608	8.969	12.670	12.200	8.045	13.167	15.698	12.776	12.304	17.678	19.297	17.901	19.301	22.642	22.723	20.511	24.953	19.353	28.273	25.927	25.618	24.138	22.956	19.585	20.868	21.389	20.238	16.882	16.746	17.851	14.669	11.619	14.269	15.158	11.399	13.372	17.704	16.881	16.152	19.877	22.069	19.150	22.045	24.966	26.055	24.296	27.659	30.093	29.200	31.558	34.080	36.896
21.447	25.799	27.273	30.665	33.596	33.908	30.829	28.618	25.451	22.434	20.398	16.314	14.828	12.177	11.263	10.260	8.200	6.431	6.252	4.586	2.204	2.446	3.287	1.351	0.997	1.352	3.318	2.422	1.998	4.308	5.961	6.765	8.054	9.402	11.376	12.589	14.206	15.763	19.694	21.398	23.709	20.216	24.915	28.555	29.213	30.134	19.613	15.374	15.550	11.145	13.579	16.080	14.108	9.466	11.837	14.168	11.445	7.342	11.973	13.457	10.453	8.748	13.585	14.325	9.204	13.402	16.559	15.239	12.626	18.128	20.482	19.094	19.323	23.158	24.392	21.657	25.021	18.814	27.638	22.316	21.553	19.553	18.193	15.668	17.346	17.744	17.580	14.124	13.139	15.088	12.980	8.705	11.123	13.161	9.769	10.686	15.423	16.171	14.514	17.727	20.229	18.192	20.279	23.172	24.773	23.304	26.131	28.555	28.423	30.329	32.741	35.497
21.102	26.131	26.628	30.792	33.534	34.154	31.564	29.756	26.409	23.769	21.964	17.804	16.369	14.117	12.355	11.423	10.122	8.032	6.626	6.145	4.441	2.019	2.442	3.211	1.352	0.997	1.352	3.215	2.533	1.890	4.128	6.000	5.582	6.016	9.775	11.242	11.884	13.557	17.197	19.069	21.540	18.441	22.771	26.713	27.702	28.450	20.777	16.785	15.735	10.614	13.552	14.087	12.694	9.199	8.970	10.486	8.139	4.639	6.183	8.307	5.970	1.833	6.684	8.656	4.574	6.081	10.010	10.961	7.859	12.020	14.651	14.599	14.409	17.667	19.566	17.954	20.559	14.956	22.261	21.399	19.978	18.163	18.950	15.112	14.588	13.581	12.401	10.050	8.848	8.699	6.252	3.555	4.813	5.581	1.748	4.605	7.529	7.805	7.200	10.451	12.381	10.959	13.817	16.089	17.481	17.321	19.734	21.741	21.739	24.118	26.455	29.871
21.272	26.544	27.339	31.189	33.323	33.674	31.162	29.320	25.495	23.517	21.927	17.562	17.278	15.765	13.888	12.006	11.386	10.017	7.865	6.524	6.273	4.439	1.979	2.581	3.318	1.352	0.997	1.351	3.307	2.518	1.846	4.400	6.119	3.608	7.852	9.919	11.305	11.962	15.880	17.309	19.379	15.319	19.759	23.665	24.364	25.097	24.767	20.611	19.664	14.401	16.836	17.454	15.121	12.035	13.272	13.370	10.080	8.061	10.561	9.600	6.337	6.089	9.333	8.180	2.592	8.029	10.463	7.712	6.315	11.800	13.606	12.063	13.278	16.638	17.131	14.839	19.005	13.905	22.475	26.373	25.404	23.622	23.320	19.816	20.420	20.083	19.109	16.157	15.257	15.708	13.024	10.167	11.494	12.438	7.262	9.763	13.837	12.464	11.168	15.260	17.206	13.549	16.992	19.866	20.429	18.626	22.326	24.701	23.319	25.983	28.564	31.537
24.895	29.634	30.849	34.455	36.987	37.251	34.369	32.138	28.682	26.118	24.101	19.888	19.061	16.955	15.816	14.187	12.410	11.351	10.046	8.124	6.682	6.140	4.369	2.166	2.422	3.215	1.351	0.997	1.350	3.316	2.533	2.168	4.557	6.170	6.819	8.224	10.210	11.605	15.536	17.047	19.220	15.648	20.522	23.952	24.396	25.398	25.144	20.953	21.060	16.211	18.844	20.067	17.888	14.182	15.740	16.851	13.680	10.647	14.001	14.454	11.313	9.493	14.032	14.130	7.869	12.974	15.809	13.628	10.667	16.625	18.806	16.777	17.089	21.162	21.903	18.723	22.204	15.578	24.886	27.448	26.341	24.172	23.264	20.722	21.841	21.551	21.088	18.016	16.745	17.667	15.431	11.944	12.771	14.913	10.080	10.387	15.931	16.285	13.577	17.011	19.803	17.261	18.483	21.878	23.531	21.177	24.112	26.788	26.680	28.009	30.449	32.660
26.362	31.179	31.927	35.927	38.704	39.172	36.368	34.324	30.927	28.233	26.321	22.098	20.876	18.546	17.021	15.943	14.340	12.521	11.357	10.129	8.212	6.663	6.061	4.509	1.998	2.533	3.307	1.350	0.997	1.350	3.188	2.573	2.143	4.534	6.164	6.829	8.225	10.217	14.048	15.966	18.581	16.245	20.809	24.519	25.581	26.556	22.875	18.870	18.986	14.413	17.779	19.041	17.725	13.745	13.886	16.246	13.777	9.698	12.549	14.402	11.691	8.141	13.147	14.614	8.551	11.911	15.500	14.814	10.355	15.920	18.496	16.592	15.764	20.220	21.857	18.574	21.018	14.199	23.047	24.368	22.729	20.400	20.350	17.579	18.168	17.430	17.402	14.631	12.682	13.755	12.244	8.303	8.662	11.398	7.586	6.972	12.579	13.898	10.763	13.734	16.797	15.086	15.581	18.893	20.796	18.928	21.354	24.004	24.428	25.565	27.890	30.215
25.917	31.336	31.576	35.889	38.289	38.889	36.532	34.836	31.142	28.986	27.360	23.045	22.064	20.020	18.092	16.929	15.891	13.957	12.183	11.378	10.074	7.841	6.562	6.232	4.308	1.890	2.518	3.316	1.350	0.997	1.348	3.186	2.430	1.893	4.252	5.939	6.637	7.881	11.634	13.366	16.007	13.571	17.896	21.888	23.127	24.033	25.565	21.564	21.047	16.109	19.095	19.438	17.987	14.813	14.462	15.467	12.932	9.837	11.327	12.297	9.151	6.285	10.433	11.131	4.643	8.196	11.408	10.550	5.871	11.412	13.951	12.255	11.891	15.934	17.554	14.779	17.485	10.891	19.890	26.562	24.974	22.873	23.269	19.981	19.875	18.738	17.951	15.641	13.892	13.784	11.802	8.753	8.998	10.436	5.027	5.669	10.940	10.855	8.026	11.787	14.211	11.314	13.322	16.478	17.786	15.794	18.912	21.457	21.006	22.820	25.288	27.735
27.636	32.823	33.683	37.510	39.645	39.941	37.361	35.410	31.599	29.558	27.828	23.461	23.128	21.449	19.773	17.938	16.868	15.658	13.743	12.002	11.383	9.790	7.692	6.480	5.961	4.128	1.846	2.533	3.188	1.348	0.960	1.350	3.263	2.394	2.139	4.467	6.249	6.929	10.825	12.191	14.414	11.394	16.192	19.868	20.745	21.749	28.236	24.202	23.811	18.854	21.827	22.486	20.695	17.356	17.697	18.671	15.770	12.895	14.942	15.339	11.970	9.822	13.912	13.694	6.829	11.628	14.577	12.145	7.995	14.051	16.238	13.188	12.862	17.331	18.199	14.429	17.604	11.050	20.470	29.464	27.888	25.714	25.912	22.781	22.978	21.999	21.485	18.973	17.134	17.394	15.556	12.241	12.419	14.207	8.878	8.837	14.367	14.434	10.797	14.748	17.308	14.307	15.450	18.991	20.256	17.264	20.645	23.394	22.795	24.078	26.630	28.551
30.469	35.483	36.290	40.217	42.694	43.091	40.414	38.398	34.789	32.389	30.525	26.220	25.348	23.197	21.679	20.300	18.808	17.240	15.809	14.315	12.783	11.371	9.972	8.262	6.765	6.000	4.400	2.168	2.573	3.186	1.350	0.997	1.350	3.325	2.589	2.140	4.492	6.427	10.344	12.114	14.582	12.765	17.505	20.855	21.821	22.963	27.399	23.539	23.965	19.707	23.126	24.300	22.723	18.998	19.162	20.914	18.139	14.803	17.041	17.979	14.712	12.040	16.343	16.639	9.799	13.976	17.134	15.498	10.775	16.666	19.047	16.229	15.222	20.050	21.276	17.365	19.644	12.527	21.435	28.774	26.866	24.275	24.366	21.944	22.527	21.474	21.763	19.338	16.868	17.694	16.755	12.846	12.228	15.312	10.621	8.903	15.033	16.071	11.205	14.448	17.798	15.930	15.193	18.894	20.875	18.138	20.262	23.301	23.943	24.097	26.456	27.975
29.998	35.508	35.366	39.962	42.511	43.302	41.033	39.390	35.847	33.490	31.815	27.566	26.371	24.254	22.223	21.368	20.226	18.178	16.517	15.819	14.253	12.119	11.105	10.201	8.054	5.582	6.119	4.557	2.143	2.430	3.263	1.350	0.997	1.350	3.174	2.542	2.127	4.564	8.175	10.292	13.272	12.601	16.629	20.371	21.863	22.883	25.746	22.152	21.953	17.838	21.427	21.913	21.229	17.830	16.245	18.435	16.563	12.791	13.617	15.539	12.759	9.407	12.862	14.201	8.718	9.565	13.445	13.805	8.193	12.943	15.721	14.067	11.863	16.681	18.738	15.534	16.746	9.661	17.908	25.967	23.682	21.129	22.433	19.489	18.937	17.079	17.129	15.542	12.667	12.495	12.108	8.726	7.287	9.687	6.132	2.731	8.425	9.832	5.557	7.898	11.336	10.569	9.860	13.101	15.252	13.839	15.524	18.262	19.313	19.978	22.164	24.290
26.043	31.883	32.062	36.283	38.118	38.639	36.551	35.048	31.073	29.500	28.168	23.806	23.666	22.492	20.195	18.349	18.251	16.951	14.197	13.313	13.572	11.486	7.487	9.199	9.402	6.016	3.608	6.170	4.534	1.893	2.394	3.325	1.350	0.976	1.351	3.234	2.723	2.462	6.085	7.627	10.422	9.191	13.200	17.147	18.623	19.612	29.582	25.690	24.617	19.479	21.865	21.547	19.866	17.287	16.753	16.673	14.107	11.649	12.286	11.966	8.687	7.466	9.912	9.170	3.099	6.146	9.122	7.557	2.896	8.500	10.905	8.923	8.252	12.560	14.108	10.915	13.354	6.651	15.678	29.853	28.006	25.799	27.021	23.599	22.735	20.958	19.986	18.338	16.400	15.318	13.632	11.294	10.722	10.754	6.130	6.081	10.434	9.490	5.382	9.755	11.946	8.521	9.856	13.334	14.520	11.905	15.094	17.775	17.377	18.764	21.256	23.431
33.751	39.126	39.633	43.749	45.942	46.375	43.923	42.059	38.256	36.186	34.464	30.102	29.518	27.589	25.863	24.337	23.149	21.640	19.854	18.430	17.297	15.662	13.854	12.555	11.376	9.775	7.852	6.819	6.164	4.252	2.139	2.589	3.174	1.351	0.997	1.349	3.199	2.975	6.384	7.789	9.998	8.424	13.099	16.466	17.609	18.814	32.349	28.519	28.486	23.912	27.191	27.783	26.317	22.974	22.614	23.839	21.234	18.203	19.538	20.052	16.728	14.578	17.980	17.639	11.210	14.118	17.285	15.600	10.257	15.695	18.000	14.579	12.830	17.925	19.091	14.528	16.526	9.607	18.591	33.230	31.160	28.599	29.251	26.535	26.468	24.890	24.801	22.851	20.289	20.219	19.231	15.857	15.013	16.896	12.266	10.244	15.939	16.232	10.743	14.677	17.652	14.941	14.183	18.027	19.658	16.079	18.743	21.832	21.937	21.795	24.335	25.124
35.686	41.004	41.397	45.627	47.995	48.501	46.025	44.157	40.447	38.213	36.449	32.117	31.266	29.118	27.417	26.158	24.828	23.080	21.527	20.283	18.790	17.052	15.690	14.331	12.589	11.242	9.919	8.224	6.829	5.939	4.467	2.140	2.542	3.234	1.349	0.997	1.347	3.173	5.820	8.219	10.784	11.050	15.368	18.471	19.805	21.001	31.030	27.501	27.880	23.951	27.671	28.498	27.553	23.938	22.834	25.065	22.787	19.212	20.412	21.762	18.577	15.861	19.351	19.601	13.340	15.424	18.900	17.788	12.139	17.314	19.790	16.684	14.160	19.481	21.093	16.747	17.581	10.672	18.180	31.656	29.208	26.293	27.296	25.005	24.932	23.041	23.519	21.973	18.872	18.891	18.862	15.358	13.546	16.377	12.871	9.001	14.658	15.873	10.370	12.743	16.604	15.188	12.971	16.704	18.824	15.450	16.715	20.271	21.362	20.352	22.568	23.277
35.495	41.300	41.130	45.712	47.868	48.566	46.459	44.896	41.084	39.132	37.574	33.220	32.398	30.441	28.396	27.231	26.286	24.378	22.498	21.648	20.384	18.257	16.692	16.003	14.206	11.884	11.305	10.210	8.225	6.637	6.249	4.492	2.127	2.723	3.199	1.347	0.997	1.350	3.107	5.589	8.911	10.292	13.511	17.121	18.994	20.056	32.315	28.829	28.732	24.642	28.147	28.412	27.589	24.386	22.824	24.424	22.457	19.127	19.553	20.523	17.580	15.224	17.551	17.699	12.604	12.717	16.258	15.350	9.599	13.765	16.418	13.670	10.242	15.581	17.477	13.683	13.719	6.897	14.148	32.382	29.842	27.031	28.673	26.009	25.263	22.962	23.087	22.005	18.939	18.212	18.174	15.230	13.261	14.799	11.458	7.895	12.691	12.851	7.155	9.786	13.202	11.163	8.861	12.651	14.632	11.216	12.916	16.192	17.108	16.456	18.795	19.855
35.871	41.804	41.842	46.137	47.824	48.349	46.325	44.793	40.781	39.251	37.810	33.409	33.162	31.516	29.499	27.904	27.166	25.616	23.462	22.317	21.581	19.614	17.175	16.902	15.763	13.557	11.962	11.605	10.217	7.881	6.929	6.427	4.564	2.462	2.975	3.173	1.350	0.976	1.347	2.915	3.596	3.435	6.007	10.056	12.058	13.192	35.331	31.657	31.423	27.052	30.239	30.381	29.131	26.131	25.066	25.957	23.656	20.713	21.269	21.308	18.230	16.523	18.334	17.307	12.588	13.526	15.706	13.288	8.879	12.535	13.780	10.279	7.674	12.365	12.936	8.246	9.158	4.238	11.221	35.646	33.281	30.594	31.888	29.098	28.572	26.509	26.386	25.045	22.247	21.517	20.936	18.031	16.610	17.534	13.777	11.214	15.915	15.084	9.657	13.119	15.786	11.743	11.255	14.908	15.714	10.627	14.116	17.155	16.209	15.638	18.431	18.962
39.512	45.559	45.365	49.864	51.618	52.245	50.286	48.804	44.806	43.230	41.801	37.398	37.067	35.435	33.326	31.807	31.135	29.517	27.311	26.277	25.545	23.482	21.021	20.866	19.694	17.197	15.880	15.536	14.048	11.634	10.825	10.344	8.175	6.085	6.384	5.820	3.107	1.347	0.996	1.351	4.030	6.984	9.612	12.731	14.941	16.126	38.220	34.758	34.513	30.373	33.598	33.589	32.574	29.626	28.169	29.134	27.086	24.032	24.246	24.501	21.600	19.647	21.109	20.564	16.217	15.913	18.599	16.693	11.871	14.738	16.803	13.766	10.029	14.637	15.896	11.651	10.702	6.001	10.082	38.117	35.473	32.564	34.477	31.848	30.947	28.451	28.429	27.649	24.662	23.497	23.445	20.868	18.752	19.254	15.862	13.325	16.903	15.788	10.795	12.588	15.389	12.137	9.922	13.217	14.529	9.402	10.929	14.656	14.927	12.900	15.182	14.963
40.961	47.029	46.933	51.320	52.908	53.463	51.508	50.022	45.959	44.516	43.101	38.702	38.578	37.042	34.999	33.290	32.617	31.197	28.942	27.706	27.107	25.223	22.511	22.279	21.398	19.069	17.309	17.047	15.966	13.366	12.191	12.114	10.292	7.627	7.789	8.219	5.589	2.915	1.351	0.997	1.344	4.194	6.971	9.922	12.164	13.463	40.916	37.334	37.045	32.662	35.753	35.681	34.477	31.608	30.429	31.034	28.864	25.982	26.183	26.155	23.212	21.449	22.778	21.922	17.607	17.748	19.835	17.610	13.205	16.097	17.461	14.216	10.970	15.313	15.889	11.389	10.876	7.020	10.935	40.989	38.480	35.686	37.363	34.632	33.790	31.422	31.239	30.265	27.409	26.284	25.910	23.316	21.491	21.792	18.237	16.001	19.800	18.313	13.282	15.862	18.227	14.182	13.025	16.285	16.939	11.286	14.190	17.465	16.802	14.943	17.615	17.093
42.568	48.724	48.728	52.964	54.247	54.688	52.750	51.245	47.128	45.925	44.569	40.206	40.419	39.051	37.113	35.116	34.505	33.361	31.062	29.576	29.177	27.540	24.325	24.224	23.709	21.540	19.379	19.220	18.581	16.007	14.414	14.582	13.272	10.422	9.998	10.784	8.911	3.596	4.030	1.344	0.995	1.348	3.537	6.287	8.569	9.918	43.616	40.015	39.761	35.339	38.325	38.204	36.840	34.059	33.101	33.415	31.158	28.492	28.600	28.246	25.332	23.743	24.820	23.594	19.435	20.008	21.283	18.751	15.056	17.750	18.212	14.771	12.386	16.233	15.777	11.159	11.397	8.684	11.340	43.801	41.306	38.472	40.078	37.443	36.666	34.318	34.130	33.130	30.334	29.221	28.769	26.234	24.390	24.648	21.067	19.117	22.579	20.932	16.219	18.688	20.606	16.425	15.557	18.690	18.814	13.183	15.983	19.274	18.122	16.078	18.673	17.239
38.499	44.331	44.837	48.622	49.848	50.048	47.880	46.154	42.091	40.924	39.502	35.173	35.773	34.618	32.962	30.588	29.892	29.255	26.993	25.041	24.966	23.867	20.222	19.763	20.216	18.441	15.319	15.648	16.245	13.571	11.394	12.765	12.601	9.191	8.424	11.050	10.292	3.435	6.984	4.194	1.348	0.997	1.341	3.628	5.988	7.520	41.932	38.033	37.627	32.806	35.459	35.465	33.596	30.892	30.704	30.653	27.964	25.716	26.320	25.457	22.341	21.436	22.783	20.983	16.125	18.449	19.583	16.414	13.347	17.001	16.930	12.974	11.931	15.940	14.335	9.715	11.979	8.656	13.394	42.689	40.636	38.128	39.045	36.135	35.737	33.902	33.406	31.803	29.459	28.667	27.475	24.802	23.828	24.134	19.912	18.794	22.970	21.301	16.492	20.224	21.900	17.225	17.471	20.825	20.690	15.310	18.944	21.860	20.037	18.805	21.610	20.653
41.575	47.779	47.975	51.865	52.752	53.032	51.134	49.606	45.492	44.634	43.396	39.094	39.897	38.942	37.123	34.631	34.280	33.671	31.203	29.431	29.575	28.311	24.027	24.397	24.915	22.771	19.759	20.522	20.809	17.896	16.192	17.505	16.629	13.200	13.099	15.368	13.511	6.007	9.612	6.971	3.537	1.341	1.080	1.349	3.994	5.234	46.081	42.242	41.659	36.823	39.344	39.020	37.267	34.778	34.264	33.933	31.480	29.255	29.359	28.376	25.523	24.433	25.138	23.316	19.353	20.635	21.035	18.023	15.512	17.970	17.261	13.708	12.714	15.743	13.620	9.448	11.439	9.566	12.805	46.504	44.359	41.862	43.162	40.150	39.377	37.281	36.630	35.376	33.026	31.811	30.740	28.420	27.099	26.812	22.999	22.024	25.332	23.134	18.784	22.132	23.161	18.370	18.733	21.903	21.155	15.798	19.607	22.286	19.849	18.731	21.590	20.536
45.600	51.684	52.040	55.782	56.632	56.812	54.825	53.154	49.128	48.275	46.964	42.706	43.610	42.630	40.981	38.438	37.898	37.430	35.114	33.176	33.213	32.155	28.069	27.982	28.555	26.713	23.665	23.952	24.519	21.888	19.868	20.855	20.371	17.147	16.466	18.471	17.121	10.056	12.731	9.922	6.287	3.628	1.349	0.997	1.347	3.408	49.717	45.917	45.551	40.782	43.376	43.213	41.420	38.831	38.463	38.238	35.735	33.518	33.748	32.788	29.922	28.858	29.664	27.827	23.755	25.207	25.597	22.551	20.155	22.490	21.690	18.250	17.292	19.934	17.542	13.706	15.618	14.008	15.933	50.300	48.098	45.480	46.672	43.893	43.285	41.213	40.725	39.442	37.010	35.939	34.988	32.542	31.170	31.149	27.311	26.094	29.512	27.484	23.121	26.138	27.257	22.730	22.743	25.744	24.941	19.664	22.928	25.703	23.336	21.749	24.431	22.600
46.167	52.103	52.701	56.224	57.026	57.067	54.958	53.109	49.186	48.329	46.934	42.733	43.829	42.906	41.461	38.766	38.082	37.888	35.694	33.538	33.605	32.848	28.779	28.210	29.213	27.702	24.364	24.396	25.581	23.127	20.745	21.821	21.863	18.623	17.609	19.805	18.994	12.058	14.941	12.164	8.569	5.988	3.994	1.347	0.960	1.347	50.722	46.872	46.609	41.786	44.322	44.308	42.351	39.711	39.669	39.423	36.778	34.689	35.150	34.063	31.151	30.305	31.261	29.246	24.969	26.983	27.373	24.093	21.932	24.560	23.607	20.096	19.514	22.103	19.125	15.669	18.150	16.470	18.903	51.567	49.471	46.862	47.794	45.097	44.699	42.779	42.319	40.853	38.493	37.617	36.542	33.983	32.809	33.026	28.997	27.853	31.594	29.705	25.271	28.454	29.712	25.183	25.321	28.314	27.592	22.468	25.654	28.383	25.977	24.569	27.142	25.221
46.241	52.276	52.741	56.281	56.963	57.044	55.057	53.299	49.371	48.642	47.325	43.139	44.324	43.515	42.009	39.267	38.735	38.573	36.294	34.222	34.407	33.597	29.276	29.040	30.134	28.450	25.097	25.398	26.556	24.033	21.749	22.963	22.883	19.612	18.814	21.001	20.056	13.192	16.126	13.463	9.918	7.520	5.234	3.408	1.347	0.996	51.442	47.614	47.237	42.376	44.848	44.693	42.758	40.227	40.097	39.735	37.168	35.143	35.453	34.302	31.501	30.638	31.407	29.374	25.353	27.120	27.322	24.117	22.156	24.422	23.344	20.013	19.481	21.651	18.634	15.504	17.904	16.601	18.788	52.190	50.113	47.564	48.597	45.830	45.321	43.371	42.803	41.415	39.135	38.129	37.018	34.613	33.402	33.402	29.457	28.474	31.943	29.941	25.711	28.832	29.815	25.293	25.578	28.455	27.491	22.565	25.765	28.268	25.646	24.384	26.938	25.080
24.787	28.284	27.791	31.560	35.925	37.898	34.034	33.885	32.729	27.587	27.591	25.639	21.425	19.323	15.853	21.160	21.462	14.515	18.502	22.111	20.186	15.651	21.458	23.602	19.613	20.777	24.767	25.144	22.875	25.565	28.236	27.399	25.746	29.582	32.349	31.030	32.315	35.331	38.220	40.916	43.616	41.932	46.081	49.717	50.722	51.442	1.036	1.349	3.903	7.705	10.522	11.351	15.199	14.082	11.857	16.661	18.688	15.672	18.052	21.814	23.251	21.419	24.577	27.120	27.326	27.120	30.210	32.253	30.961	33.509	36.049	37.447	36.896	39.632	41.741	41.365	43.205	37.541	42.912	2.025	5.256	6.060	2.466	4.149	4.528	9.243	11.099	8.525	10.846	13.758	14.502	14.305	17.593	19.845	22.395	22.202	22.185	25.417	27.554	27.642	28.269	31.402	32.956	33.028	35.601	37.474	38.186	39.546	41.169	43.209	44.327	47.865
22.662	26.385	26.187	30.046	34.294	36.015	32.280	31.682	30.271	25.299	24.848	22.652	18.679	16.237	12.949	17.827	17.658	10.765	14.752	18.186	16.075	11.548	17.331	19.393	15.374	16.785	20.611	20.953	18.870	21.564	24.202	23.539	22.152	25.690	28.519	27.501	28.829	31.657	34.758	37.334	40.015	38.033	42.242	45.917	46.872	47.614	1.349	0.960	1.347	4.221	7.466	9.223	12.594	10.622	8.630	13.565	15.371	11.868	14.551	18.316	19.564	17.575	20.935	23.450	23.388	23.388	26.596	28.442	27.089	29.896	32.364	33.631	33.223	35.977	38.029	37.506	39.518	33.881	39.629	4.545	6.444	6.506	2.260	1.960	3.511	8.300	9.904	6.186	8.072	11.185	11.473	10.548	14.305	16.397	18.789	18.848	19.362	22.161	24.161	24.741	25.501	28.012	29.810	30.446	32.628	34.304	35.343	36.751	38.081	40.206	41.647	45.153
18.738	22.507	22.006	26.196	30.295	32.158	28.639	28.243	26.881	22.073	21.871	19.925	15.518	14.113	9.835	14.892	15.788	8.987	11.986	16.019	15.126	10.259	15.712	18.181	15.550	15.735	19.664	21.060	18.986	21.047	23.811	23.965	21.953	24.617	28.486	27.880	28.732	31.423	34.513	37.045	39.761	37.627	41.659	45.551	46.609	47.237	3.903	1.347	0.960	1.349	3.759	4.934	8.532	7.382	5.457	9.840	11.894	9.676	11.786	15.179	16.711	15.775	18.292	20.686	21.514	21.377	24.085	26.008	25.454	27.826	30.010	31.613	31.572	34.003	35.951	35.903	37.982	32.878	38.239	5.259	7.197	8.490	5.391	3.087	3.051	8.102	8.327	3.592	7.714	10.228	9.043	9.394	13.483	14.940	17.296	18.344	18.231	20.307	22.819	23.858	23.761	26.316	28.609	29.193	31.157	32.893	34.246	35.405	36.391	38.897	40.288	44.127
16.456	20.552	20.253	24.628	28.496	30.089	26.920	26.122	24.343	20.083	19.379	17.088	12.917	11.354	7.289	11.301	11.961	5.797	7.109	11.408	10.974	5.489	10.521	13.107	11.145	10.614	14.401	16.211	14.413	16.109	18.854	19.707	17.838	19.479	23.912	23.951	24.642	27.052	30.373	32.662	35.339	32.806	36.823	40.782	41.786	42.376	7.705	4.221	1.349	0.997	1.351	3.313	5.879	2.926	2.291	5.995	7.270	4.273	7.530	10.639	11.645	10.765	13.649	15.887	16.234	16.620	19.500	21.010	20.376	23.208	25.316	26.653	26.874	29.343	31.166	30.783	33.241	28.226	34.164	8.908	9.791	9.774	7.764	4.100	4.783	8.877	8.355	3.560	6.249	8.750	6.374	5.293	10.102	11.147	13.026	14.577	15.351	16.416	18.736	20.477	20.733	22.089	24.822	26.097	27.676	28.945	30.714	32.102	32.585	35.244	37.064	40.802
12.359	16.152	16.113	20.064	24.053	25.687	22.327	21.811	20.376	15.838	15.725	13.960	9.317	9.147	4.107	8.982	10.796	5.206	6.695	11.028	11.535	7.297	11.866	14.564	13.579	13.552	16.836	18.844	17.779	19.095	21.827	23.126	21.427	21.865	27.191	27.671	28.147	30.239	33.598	35.753	38.325	35.459	39.344	43.376	44.322	44.848	10.522	7.466	3.759	1.351	0.960	1.343	2.981	2.342	2.101	4.409	6.046	6.400	8.293	10.270	11.740	12.778	14.295	16.119	17.457	18.163	20.247	21.671	22.219	24.532	25.903	27.815	28.622	30.672	32.285	32.436	34.953	30.744	36.322	12.062	13.634	14.126	11.577	8.301	8.665	13.089	11.713	6.476	10.735	12.871	8.660	9.105	13.778	14.141	15.658	17.855	18.549	18.135	21.348	23.459	22.888	23.959	27.428	28.828	29.932	31.180	33.330	34.541	34.402	37.621	39.382	43.515
12.051	16.052	14.677	19.557	23.202	25.295	22.505	22.625	21.192	17.152	17.559	15.957	11.136	12.206	6.681	10.337	13.295	8.945	7.067	12.685	14.341	9.972	12.715	15.937	16.080	14.087	17.454	20.067	19.041	19.438	22.486	24.300	21.913	21.547	27.783	28.498	28.412	30.381	33.589	35.681	38.204	35.465	39.020	43.213	44.308	44.693	11.351	9.223	4.934	3.313	1.343	1.080	1.350	3.205	2.492	2.050	4.352	6.343	6.816	8.133	10.234	11.794	12.464	14.121	16.062	16.903	18.228	20.016	21.265	22.934	23.790	26.201	27.246	28.959	30.536	31.238	33.493	30.072	34.935	11.957	13.537	14.942	12.834	10.068	8.708	13.081	10.315	5.657	10.851	12.514	7.690	9.657	13.767	13.743	15.093	17.591	17.847	16.516	20.546	22.742	21.390	22.506	26.417	27.717	28.411	29.869	32.199	33.099	32.651	36.270	37.805	42.320
