0.995	1.346	4.561	2.652	7.751	9.013	9.066	6.626	3.088	3.439	4.622	6.700	7.414	11.535	12.363	9.306	12.716	15.798	15.231	15.567	18.070	20.544	19.650	20.655	24.034	24.894	23.276	26.708	29.251	29.257	29.108	32.554	34.291	33.531	35.667	38.110	39.126	38.896	39.824	43.561	47.095	48.027	44.080	46.600	49.274	52.068	25.320	25.502	21.159	21.703	18.117	18.494	15.955	17.422	20.404	18.065	17.593	20.315	22.064	17.790	20.570	23.435	22.600	19.957	24.142	26.777	25.526	24.286	29.113	30.852	27.783	31.522	34.351	34.467	33.974	35.884	39.189	42.794	44.949	24.950	23.072	26.206	26.460	28.266	31.883	31.754	26.091	27.147	32.176	31.017	25.715	31.266	33.505	30.893	29.452	34.168	34.702	29.132	33.563	37.116	34.640	31.981	37.688	39.768	36.978	36.878	41.328	41.161	37.762	42.762	43.796	47.131
1.346	0.960	1.349	2.983	6.860	8.534	9.601	8.007	4.119	7.131	9.436	11.774	10.003	14.095	16.264	13.275	14.786	18.507	19.520	18.497	20.275	23.518	23.058	22.911	26.684	28.322	26.336	29.226	32.080	32.674	32.017	35.319	37.413	37.071	38.507	40.993	42.495	42.095	42.306	46.595	50.148	50.635	46.505	48.812	51.230	54.084	29.182	29.384	25.497	26.118	22.707	24.298	21.595	21.714	25.598	24.310	22.929	25.324	27.693	23.841	25.638	28.474	28.661	25.081	28.624	31.683	30.670	28.068	33.416	35.511	32.093	35.194	38.386	38.798	37.158	38.954	42.853	46.282	48.421	30.050	28.814	31.382	31.167	33.652	36.995	37.444	31.865	31.756	37.277	36.581	30.894	35.971	38.652	36.336	34.014	39.005	40.129	34.256	37.984	41.917	40.147	36.853	42.285	44.611	41.913	41.121	45.827	46.286	42.530	47.095	48.486	51.357
4.561	1.349	0.997	1.346	4.057	7.046	8.968	8.484	4.996	8.832	10.831	13.795	11.622	15.441	17.793	15.538	16.402	20.153	21.659	20.755	22.096	25.456	25.532	25.258	28.808	30.609	29.023	31.636	34.443	35.282	34.740	37.893	39.955	39.893	41.298	43.670	45.229	45.055	45.200	49.369	52.789	53.214	49.072	51.480	53.855	56.643	29.855	30.325	26.663	27.604	24.267	25.931	23.549	23.528	27.538	26.619	25.323	27.632	30.131	26.744	28.369	31.121	31.635	28.141	31.523	34.608	33.858	31.210	36.468	38.651	35.414	38.392	41.579	42.160	40.509	42.163	46.160	49.556	51.775	30.700	29.923	32.416	32.512	35.173	38.528	39.283	33.748	33.405	39.101	38.691	33.024	37.951	40.759	38.692	36.317	41.292	42.601	36.938	40.498	44.486	42.928	39.735	45.059	47.439	44.908	44.125	48.804	49.419	45.711	50.256	51.740	54.457
2.652	2.983	1.346	0.997	1.348	3.736	5.777	4.896	2.510	5.023	5.660	9.275	8.619	12.241	14.156	12.505	14.830	17.608	18.733	18.914	20.537	23.229	23.471	24.282	27.192	28.561	27.515	30.440	32.871	33.431	33.409	36.585	38.355	38.177	40.102	42.363	43.604	43.704	44.472	48.019	51.312	52.101	48.130	50.858	53.494	56.155	25.737	26.362	22.461	23.675	20.235	21.325	19.197	19.985	23.559	22.288	21.714	24.223	26.467	23.181	25.326	28.062	28.221	25.427	29.142	31.956	31.333	29.545	34.378	36.412	33.607	36.917	39.816	40.407	39.604	41.147	44.804	48.354	50.690	26.037	25.065	27.800	28.348	30.772	34.340	34.996	29.396	29.603	35.200	34.763	29.381	34.563	37.147	35.109	33.355	38.098	39.202	33.899	37.818	41.602	39.734	37.105	42.515	44.783	42.342	42.044	46.520	46.865	43.467	48.250	49.613	52.438
7.751	6.860	4.057	1.348	0.997	1.351	4.301	6.002	5.404	8.701	8.835	12.940	11.827	14.179	16.321	16.531	17.375	20.027	21.846	22.441	23.159	25.948	27.122	27.669	30.082	31.846	31.486	33.859	36.196	37.205	37.370	40.218	41.926	42.265	44.039	46.120	47.479	47.949	48.532	51.912	54.902	55.546	51.571	54.460	56.987	59.506	25.355	26.461	23.177	25.148	21.972	23.061	21.899	22.422	26.107	25.526	25.327	27.585	30.003	27.590	29.430	32.073	32.775	30.287	33.584	36.442	36.324	34.413	38.984	41.233	38.823	41.758	44.670	45.611	44.635	45.861	49.806	53.256	55.801	25.915	25.763	28.205	29.241	32.051	35.552	36.872	31.514	31.311	37.166	37.285	32.182	36.980	39.792	38.312	36.554	41.187	42.577	37.793	41.376	45.224	43.714	41.389	46.541	48.884	46.801	46.507	50.903	51.563	48.276	52.953	54.552	56.960
9.013	8.534	7.046	3.736	1.351	0.997	1.345	3.876	4.290	7.786	8.705	12.328	10.334	12.372	14.885	15.392	15.158	18.131	20.188	20.689	21.036	24.071	25.453	25.707	28.020	30.030	29.835	31.925	34.292	35.529	35.683	38.374	40.130	40.726	42.328	44.329	45.804	46.415	46.801	50.190	53.073	53.595	49.575	52.479	54.942	57.439	23.574	24.651	21.654	23.630	20.619	22.003	20.968	20.999	24.910	24.792	24.307	26.363	28.981	26.983	28.419	30.975	32.135	29.564	32.436	35.445	35.660	33.379	37.842	40.322	38.165	40.662	43.650	44.933	43.681	44.597	48.847	52.206	54.906	24.525	24.659	26.864	27.728	30.761	34.116	35.650	30.418	29.794	35.774	36.081	30.895	35.448	38.449	37.151	35.069	39.789	41.388	36.665	39.933	43.901	42.747	40.279	45.262	47.690	45.783	45.303	49.721	50.698	47.400	51.895	53.723	55.778
9.066	9.601	8.968	5.777	4.301	1.345	0.997	1.350	3.713	6.196	6.108	9.572	7.942	9.134	11.770	12.986	12.206	15.014	17.183	18.076	18.001	20.801	22.628	23.025	24.723	27.013	27.328	29.072	31.318	32.686	33.158	35.585	37.216	38.084	39.698	41.547	43.002	43.896	44.335	47.436	50.042	50.512	46.552	49.639	52.075	54.402	19.755	20.682	18.035	20.057	17.131	18.646	17.801	17.740	21.636	21.728	21.436	23.334	26.009	24.346	25.745	28.250	29.540	27.327	29.967	32.959	33.448	31.361	35.407	38.048	36.271	38.601	41.490	42.943	41.888	42.551	46.863	50.166	53.012	21.316	21.512	23.477	24.017	27.229	30.444	32.146	27.030	26.157	32.204	32.675	27.584	31.921	35.049	33.982	31.883	36.541	38.230	33.796	36.919	40.884	39.890	37.629	42.472	44.906	43.212	42.820	47.129	48.203	45.068	49.513	51.417	53.249
6.626	8.007	8.484	4.896	6.002	3.876	1.350	0.997	1.342	2.742	2.601	5.164	3.123	4.507	6.894	8.108	7.934	10.287	12.303	13.258	13.585	16.198	17.815	18.559	20.399	22.323	22.579	24.628	26.734	27.950	28.447	30.987	32.561	33.308	35.034	36.932	38.298	39.168	39.806	42.783	45.495	46.116	42.214	45.360	47.961	50.329	17.493	17.843	14.408	15.853	12.789	14.510	13.167	12.960	16.921	17.094	16.543	18.452	21.137	19.637	20.845	23.322	24.788	22.626	25.105	28.086	28.752	26.643	30.560	33.248	31.674	33.878	36.717	38.283	37.319	37.885	42.178	45.499	48.372	18.970	18.439	20.460	20.470	23.417	26.678	28.019	22.699	21.935	27.909	28.188	22.868	27.416	30.434	29.194	27.086	31.778	33.444	28.896	32.061	36.019	35.043	32.735	37.571	40.005	38.334	37.945	42.238	43.373	40.277	44.667	46.625	48.384
3.088	4.119	4.996	2.510	5.404	4.290	3.713	1.342	1.080	1.347	2.874	6.198	5.049	8.328	10.663	9.331	10.238	13.448	15.160	15.098	16.026	19.159	19.911	20.203	22.972	24.732	23.955	26.463	28.907	29.889	29.828	32.768	34.600	34.824	36.519	38.657	40.080	40.396	40.893	44.436	47.555	48.154	44.123	46.911	49.441	52.067	22.803	23.077	19.261	20.242	16.952	18.327	16.030	16.516	20.270	19.246	18.569	20.966	23.338	20.484	22.340	25.021	25.597	22.888	26.199	29.134	28.923	26.809	31.543	33.786	31.340	34.149	37.122	38.156	37.035	38.195	42.223	45.691	48.216	23.669	22.559	25.101	25.171	27.714	31.120	31.841	26.280	26.169	31.859	31.532	26.066	31.062	33.804	31.906	29.939	34.739	36.029	30.856	34.486	38.382	36.805	34.175	39.412	41.769	39.531	39.102	43.586	44.257	40.862	45.506	47.164	49.601
3.439	7.131	8.832	5.023	8.701	7.786	6.196	2.742	1.347	0.997	1.343	2.736	1.890	5.131	6.529	2.653	7.020	9.658	8.503	9.571	12.346	14.223	13.467	15.252	18.014	18.586	17.693	21.086	23.259	23.276	23.641	26.909	28.416	27.941	30.264	32.531	33.432	33.718	35.055	38.039	41.294	42.394	38.643	41.612	44.558	47.154	20.256	20.066	15.817	15.981	12.707	13.752	10.624	11.203	14.513	12.741	11.395	14.020	16.141	12.595	14.665	17.411	17.661	15.046	18.657	21.374	21.132	19.758	24.088	26.146	24.071	27.147	29.818	30.843	30.465	31.634	35.214	38.837	41.282	21.113	19.341	21.861	21.276	23.387	26.619	26.491	20.931	21.378	26.423	25.267	19.642	25.126	27.466	24.935	23.129	27.932	28.864	23.295	27.381	31.094	29.171	26.520	31.940	34.181	31.789	31.647	36.017	36.433	33.206	37.954	39.473	42.083
4.622	9.436	10.831	5.660	8.835	8.705	6.108	2.601	2.874	1.343	1.080	1.341	2.436	3.909	4.492	6.000	7.867	9.359	10.538	12.056	13.631	14.878	16.310	17.899	19.781	20.906	21.399	23.930	25.692	26.393	27.316	29.981	31.142	31.621	33.809	35.766	36.736	37.664	38.958	41.443	44.156	45.114	41.467	44.853	47.752	50.036	17.039	17.033	12.785	13.700	10.363	11.726	9.902	10.432	14.020	13.656	13.493	15.648	18.082	16.303	17.960	20.553	21.597	19.881	22.777	25.438	25.999	24.764	28.388	30.773	29.415	32.059	34.595	36.010	35.734	36.453	40.270	43.730	46.477	17.581	16.151	18.727	18.644	21.101	24.523	25.351	19.846	19.710	25.443	25.399	20.130	25.089	27.793	26.311	24.723	29.235	30.646	26.121	29.727	33.471	32.086	30.151	35.120	37.422	35.664	35.679	39.814	40.601	37.714	42.281	44.034	46.041
6.700	11.774	13.795	9.275	12.940	12.328	9.572	5.164	6.198	2.736	1.341	1.080	1.351	3.250	2.422	2.025	4.300	6.063	6.587	7.925	10.003	11.268	12.183	13.832	15.940	16.823	17.203	19.835	21.620	22.212	23.108	25.824	27.033	27.379	29.599	31.587	32.536	33.434	34.772	37.243	40.042	41.040	37.391	40.751	43.711	46.040	16.435	16.012	11.540	11.621	8.186	9.372	6.485	7.301	10.711	9.698	9.202	11.547	13.858	11.996	13.594	16.224	17.292	15.674	18.500	21.111	21.775	20.704	24.120	26.509	25.366	27.930	30.390	31.877	31.729	32.340	36.138	39.552	42.372	17.110	14.971	17.510	16.898	18.970	22.316	22.498	16.900	17.211	22.560	21.954	16.496	21.794	24.295	22.357	20.847	25.417	26.611	21.838	25.658	29.353	27.787	25.825	30.864	33.131	31.312	31.386	35.502	36.249	33.413	37.975	39.727	41.725
7.414	10.003	11.622	8.619	11.827	10.334	7.942	3.123	5.049	1.890	2.436	1.351	0.960	1.349	3.177	2.651	2.033	4.366	6.099	6.707	7.755	10.103	11.301	12.246	14.355	15.895	16.113	18.321	20.333	21.456	21.972	24.549	26.131	26.833	28.564	30.480	31.824	32.715	33.483	36.313	39.091	39.823	35.964	39.174	41.950	44.344	18.050	17.389	13.306	12.758	9.944	12.372	9.711	8.107	12.739	13.203	11.369	12.774	15.907	14.623	15.122	17.427	19.368	17.159	18.881	22.124	23.189	20.732	24.271	27.301	26.104	27.799	30.628	32.441	31.471	31.725	36.183	39.413	42.428	19.676	17.979	20.119	18.686	21.343	23.952	24.737	19.474	18.336	23.946	23.773	17.853	22.432	25.511	23.952	21.168	26.145	27.943	23.006	25.879	29.999	29.443	26.625	31.336	33.858	32.294	31.631	35.967	37.420	34.348	38.464	40.598	42.035
11.535	14.095	15.441	12.241	14.179	12.372	9.134	4.507	8.328	5.131	3.909	3.250	1.349	0.960	1.349	3.284	2.573	2.061	4.304	6.151	6.564	7.895	9.901	11.391	12.524	14.259	15.507	17.234	18.846	20.108	21.272	23.381	24.671	25.827	27.590	29.276	30.546	31.806	32.738	35.115	37.502	38.225	34.501	38.028	40.847	42.995	13.979	13.415	9.779	9.661	7.163	10.284	8.617	5.723	10.495	12.083	10.566	11.011	14.552	14.533	14.589	16.564	18.825	17.810	18.316	21.720	23.421	21.166	23.623	27.207	26.910	27.933	30.535	32.616	31.954	31.716	36.332	39.352	42.596	16.404	15.363	16.934	15.392	18.406	20.802	22.002	16.944	15.225	21.033	21.323	15.470	19.634	22.961	21.935	19.029	23.917	25.913	21.633	24.129	28.249	28.158	25.642	30.025	32.566	31.494	30.904	35.011	36.679	34.014	37.886	40.133	41.090
12.363	16.264	17.793	14.156	16.321	14.885	11.770	6.894	10.663	6.529	4.492	2.422	3.177	1.349	0.997	1.350	3.263	2.654	1.956	4.301	6.147	6.479	7.763	9.802	11.464	12.289	13.370	15.655	17.125	17.902	19.214	21.550	22.549	23.414	25.486	27.291	28.275	29.487	30.823	32.980	35.509	36.478	32.931	36.522	39.546	41.704	12.343	11.462	7.030	6.475	3.331	5.449	2.978	2.366	6.054	6.842	6.093	7.648	10.361	10.115	10.849	13.058	14.959	14.366	15.451	18.397	19.983	18.436	20.762	24.056	23.947	25.263	27.662	29.658	29.432	29.290	33.593	36.723	39.875	13.514	11.453	13.449	12.106	14.413	17.340	17.906	12.536	12.018	17.572	17.476	11.945	16.872	19.611	18.252	16.352	20.962	22.566	18.276	21.371	25.281	24.477	22.503	27.067	29.495	28.245	27.995	32.031	33.410	30.809	34.885	37.005	38.215
9.306	13.275	15.538	12.505	16.531	15.392	12.986	8.108	9.331	2.653	6.000	2.025	2.651	3.284	1.350	0.997	1.350	3.303	2.370	1.973	4.390	6.221	6.560	7.798	10.144	11.303	11.289	13.817	15.766	16.618	17.177	19.868	21.397	21.879	23.748	25.724	26.963	27.795	28.801	31.490	34.373	35.237	31.454	34.702	37.637	40.045	17.435	16.230	11.968	10.433	7.637	9.607	6.279	5.055	9.047	8.649	6.079	8.195	10.792	8.631	9.453	12.009	13.496	11.059	13.516	16.461	17.147	15.336	19.047	21.593	20.306	22.565	25.208	26.807	26.314	26.750	30.839	34.236	37.109	19.175	16.922	18.635	16.590	18.804	21.285	21.348	16.074	15.616	20.656	19.709	13.785	18.813	21.557	19.345	16.778	21.811	23.282	17.853	21.143	25.203	24.052	21.301	26.285	28.721	26.807	26.404	30.735	31.793	28.652	33.068	34.977	36.802
12.716	14.786	16.402	14.830	17.375	15.158	12.206	7.934	10.238	7.020	7.867	4.300	2.033	2.573	3.263	1.350	0.997	1.353	3.298	2.644	1.995	4.556	6.215	6.733	8.402	10.282	11.111	12.599	14.525	16.008	16.742	18.879	20.502	21.666	23.154	24.873	26.377	27.527	28.074	30.802	33.377	33.957	30.052	33.359	36.109	38.415	17.922	16.563	12.968	11.245	9.211	12.210	9.413	6.291	11.118	12.327	9.601	9.138	13.644	12.954	12.284	14.377	16.844	15.138	14.696	18.871	20.636	17.443	19.958	23.926	23.460	23.928	26.760	28.972	27.752	27.354	32.341	35.197	38.532	20.738	18.901	20.288	17.433	20.098	21.691	22.600	17.755	15.837	21.040	20.839	14.707	18.400	21.934	20.617	16.704	21.925	24.031	19.230	21.195	25.575	25.903	22.573	26.860	29.531	28.422	27.253	31.575	33.496	30.711	34.281	36.631	37.445
15.798	18.507	20.153	17.608	20.027	18.131	15.014	10.287	13.448	9.658	9.359	6.063	4.366	2.061	2.654	3.303	1.353	0.997	1.350	3.265	2.643	2.101	4.278	6.080	6.744	8.212	10.011	11.559	12.834	14.127	15.672	17.480	18.656	19.981	21.755	23.315	24.569	25.963	27.004	29.142	31.420	32.165	28.517	32.195	35.131	37.185	12.059	9.883	6.544	4.843	3.794	7.560	7.044	2.355	6.880	9.382	8.320	6.183	11.117	12.035	10.708	12.292	15.002	14.474	13.156	17.274	19.407	16.991	18.352	22.660	23.173	23.206	25.596	28.005	27.444	26.662	31.518	34.254	37.688	15.392	13.505	13.968	10.652	13.647	15.208	16.911	12.307	9.648	15.553	16.389	10.672	14.049	17.779	17.254	13.617	18.668	20.867	16.658	18.503	22.809	23.374	20.445	24.513	27.150	26.427	25.525	29.561	31.509	29.163	32.621	34.959	35.515
15.231	19.520	21.659	18.733	21.846	20.188	17.183	12.303	15.160	8.503	10.538	6.587	6.099	4.304	1.956	2.370	3.298	1.350	0.997	1.350	3.213	2.717	1.901	4.161	6.127	6.547	7.521	9.760	11.302	12.014	13.271	15.593	16.733	17.426	19.515	21.341	22.353	23.532	24.858	27.050	29.716	30.693	27.100	30.632	33.736	35.957	16.957	14.982	11.104	8.154	6.366	7.054	3.617	2.251	4.816	5.368	2.392	2.597	5.595	5.296	4.831	6.675	8.959	8.666	9.355	12.012	13.860	12.903	14.527	17.791	18.270	19.485	21.522	23.562	23.877	23.555	27.657	30.725	33.901	19.132	16.115	16.911	14.155	15.463	16.998	16.505	11.720	11.305	15.564	14.214	8.161	13.311	15.865	13.580	10.964	15.914	17.421	12.153	15.474	19.379	18.614	16.102	20.797	23.200	21.807	21.650	25.635	27.000	24.443	28.479	30.635	31.892
15.567	18.497	20.755	18.914	22.441	20.689	18.076	13.258	15.098	9.571	12.056	7.925	6.707	6.151	4.301	1.973	2.644	3.265	1.350	0.997	1.350	3.323	2.647	2.055	4.514	6.178	6.090	7.932	10.031	11.338	11.683	14.069	15.817	16.759	18.189	20.040	21.560	22.543	23.124	25.937	28.784	29.454	25.545	28.745	31.653	34.081	19.821	17.831	14.077	11.360	9.604	11.809	8.624	5.584	9.639	10.652	7.541	6.451	10.690	10.160	8.001	10.360	12.718	10.662	10.019	14.246	15.926	12.651	15.185	19.120	18.773	19.043	21.876	24.118	22.961	22.349	27.425	30.210	33.600	22.336	19.823	20.689	17.644	19.651	20.939	21.090	16.418	15.042	19.610	18.700	12.509	16.533	19.768	17.861	13.668	18.936	20.928	15.392	17.199	21.709	21.935	18.172	22.466	25.183	23.901	22.443	26.893	28.876	25.966	29.440	31.810	32.635
18.070	20.275	22.096	20.537	23.159	21.036	18.001	13.585	16.026	12.346	13.631	10.003	7.755	6.564	6.147	4.390	1.995	2.643	3.213	1.350	0.997	1.352	3.285	2.673	2.367	4.690	6.511	6.980	8.462	10.301	11.608	13.030	14.547	16.076	17.549	18.985	20.555	21.972	22.535	24.946	27.259	27.769	23.899	27.422	30.271	32.425	18.720	16.221	13.372	10.932	10.298	13.459	10.730	6.710	10.879	12.766	9.862	6.798	12.298	12.788	10.450	11.533	14.939	13.613	10.872	16.060	18.303	14.864	15.663	20.708	21.334	20.318	22.800	25.496	24.329	23.094	28.466	30.792	34.443	22.359	20.404	20.620	16.875	19.337	20.045	20.827	16.726	14.161	18.610	18.242	12.204	14.621	18.487	17.438	12.434	17.654	19.995	15.572	16.232	20.860	22.026	18.386	22.048	24.838	24.319	22.647	26.820	29.062	26.870	29.766	32.160	32.401
20.544	23.518	25.456	23.229	25.948	24.071	20.801	16.198	19.159	14.223	14.878	11.268	10.103	7.895	6.479	6.221	4.556	2.101	2.717	3.323	1.352	0.997	1.351	3.211	2.548	2.098	4.510	6.195	6.858	7.973	9.891	11.552	12.516	13.886	15.767	17.225	18.397	19.880	21.137	22.993	25.284	26.129	22.613	26.425	29.568	31.568	15.611	12.491	9.772	6.468	6.813	9.630	8.216	2.825	5.641	8.891	7.367	2.419	7.945	9.760	7.860	7.685	11.378	11.884	8.290	13.160	15.695	13.249	13.024	18.173	19.554	18.470	20.470	23.277	22.894	21.479	26.502	28.860	32.473	18.945	16.489	16.088	12.106	13.883	14.402	14.983	10.991	8.544	12.886	12.597	6.619	9.604	13.270	12.392	7.999	13.182	15.449	11.461	12.807	17.178	18.148	15.170	18.858	21.568	21.208	19.932	23.884	26.048	24.122	27.085	29.436	29.667
19.650	23.058	25.532	23.471	27.122	25.453	22.628	17.815	19.911	13.467	16.310	12.183	11.301	9.901	7.763	6.560	6.215	4.278	1.901	2.647	3.285	1.351	0.997	1.352	3.217	2.431	1.885	4.175	5.994	6.459	7.415	9.806	11.211	11.207	13.598	15.541	16.491	17.217	18.898	21.177	24.164	25.163	21.500	24.906	28.116	30.427	20.764	18.006	14.725	11.150	10.692	11.678	8.892	5.651	8.497	8.776	5.439	2.851	6.508	5.811	2.848	3.799	6.264	4.383	2.848	6.560	8.500	5.687	8.042	11.448	11.728	12.145	14.590	16.671	16.443	16.337	20.449	23.692	26.765	23.499	20.581	20.601	17.031	18.326	18.762	18.186	14.432	13.148	16.172	14.372	8.537	12.280	14.791	12.187	8.416	13.462	14.704	8.231	11.256	15.277	14.530	10.632	15.505	18.014	16.182	15.317	19.700	21.296	18.279	22.132	24.414	25.830
20.655	22.911	25.258	24.282	27.669	25.707	23.025	18.559	20.203	15.252	17.899	13.832	12.246	11.391	9.802	7.798	6.733	6.080	4.161	2.055	2.673	3.211	1.352	0.997	1.351	3.266	2.340	2.169	4.399	6.241	6.543	8.143	10.096	11.413	12.546	14.180	15.934	17.093	17.384	20.169	22.944	23.461	19.483	22.706	25.655	28.078	23.115	20.306	17.211	13.768	13.339	15.071	12.293	8.447	11.813	12.961	9.773	6.341	11.265	11.529	8.288	9.331	12.575	10.781	7.376	12.845	14.833	10.309	11.650	16.659	16.826	15.412	18.248	20.903	18.851	17.821	23.478	25.688	29.320	26.114	23.387	23.350	19.597	21.072	21.500	21.446	17.600	15.723	19.223	18.077	12.105	14.874	18.166	16.306	11.549	16.436	18.644	13.460	13.465	18.300	19.454	15.011	18.505	21.396	20.705	18.339	22.727	25.103	22.781	25.287	27.747	27.988
24.034	26.684	28.808	27.192	30.082	28.020	24.723	20.399	22.972	18.014	19.781	15.940	14.355	12.524	11.464	10.144	8.402	6.744	6.127	4.514	2.367	2.548	3.217	1.351	0.997	1.354	3.358	2.579	2.061	4.230	6.032	6.913	8.068	9.853	11.472	12.627	14.114	15.739	16.584	18.527	20.756	21.372	17.674	21.470	24.594	26.565	21.157	17.637	15.589	12.377	13.129	15.704	13.820	8.969	11.287	14.264	11.539	6.738	12.218	13.404	10.169	9.080	13.630	13.096	7.796	13.412	15.951	12.660	11.149	17.131	18.698	16.387	18.181	21.389	20.534	18.396	23.877	25.561	29.458	24.941	22.624	21.803	17.325	18.721	18.458	19.073	15.919	13.019	15.868	15.874	10.590	10.961	14.960	14.211	8.909	13.379	15.994	12.192	10.921	15.815	17.475	13.735	16.462	19.445	19.515	17.311	21.229	23.698	22.229	24.341	26.706	26.461
24.894	28.322	30.609	28.561	31.846	30.030	27.013	22.323	24.732	18.586	20.906	16.823	15.895	14.259	12.289	11.303	10.282	8.212	6.547	6.178	4.690	2.098	2.431	3.266	1.354	0.997	1.355	3.239	2.717	1.941	4.115	6.092	6.632	7.707	9.743	11.310	12.297	13.696	15.283	16.937	19.560	20.685	17.352	21.117	24.559	26.583	22.428	18.958	16.166	11.887	12.596	12.615	11.620	8.179	7.822	9.520	7.593	2.728	5.054	7.592	5.684	1.744	6.602	8.476	3.657	7.094	10.530	9.734	7.237	12.480	14.766	13.492	14.726	17.823	18.065	16.000	21.022	22.995	26.652	24.456	20.761	19.667	15.812	15.364	14.664	13.546	10.639	9.907	10.534	8.644	4.268	6.484	8.250	5.778	1.689	6.671	8.360	4.086	5.477	9.686	10.566	7.925	11.498	14.106	13.981	13.386	16.843	18.845	17.480	20.401	22.689	22.939
23.276	26.336	29.023	27.515	31.486	29.835	27.328	22.579	23.955	17.693	21.399	17.203	16.113	15.507	13.370	11.289	11.111	10.011	7.521	6.090	6.511	4.510	1.885	2.340	3.358	1.355	0.997	1.353	3.322	2.531	1.811	4.232	6.096	6.556	7.758	9.789	11.307	12.145	13.008	15.569	18.825	19.763	16.012	19.181	22.532	24.945	25.776	22.526	19.645	15.708	15.909	16.559	14.126	10.878	12.591	13.101	9.577	6.440	10.268	9.099	5.959	6.403	9.115	6.303	2.366	7.698	9.495	4.831	6.067	10.758	11.143	9.455	12.294	14.815	13.513	12.559	17.650	20.301	23.774	28.526	25.347	24.790	20.780	21.395	21.170	20.669	17.426	15.986	17.729	16.365	11.161	13.096	15.776	13.312	9.027	13.317	14.849	9.460	9.445	14.108	14.732	9.788	13.798	16.584	15.266	12.905	17.564	19.792	16.942	19.792	22.261	22.874
26.708	29.226	31.636	30.440	33.859	31.925	29.072	24.628	26.463	21.086	23.930	19.835	18.321	17.234	15.655	13.817	12.599	11.559	9.760	7.932	6.980	6.195	4.175	2.169	2.579	3.239	1.353	0.997	1.350	3.334	2.729	2.177	4.412	6.180	6.931	8.132	10.120	11.495	11.683	14.167	16.888	17.376	13.432	16.724	19.717	22.121	27.266	23.778	21.412	17.692	18.106	19.307	17.026	13.192	15.139	16.485	13.161	9.105	13.547	13.728	10.514	9.594	13.478	12.038	6.406	12.166	14.416	10.162	9.278	15.020	16.063	13.214	15.257	18.541	16.574	14.355	20.227	21.359	25.457	30.557	27.647	26.937	22.665	23.399	22.992	22.783	19.651	17.823	19.599	18.605	13.496	14.684	17.639	15.637	11.043	14.530	16.894	12.468	10.550	15.303	17.012	12.281	14.471	17.740	17.758	14.512	18.550	21.195	19.776	21.032	23.501	23.071
29.251	32.080	34.443	32.871	36.196	34.292	31.318	26.734	28.907	23.259	25.692	21.620	20.333	18.846	17.125	15.766	14.525	12.834	11.302	10.031	8.462	6.858	5.994	4.399	2.061	2.717	3.322	1.350	0.997	1.351	3.231	2.743	2.126	4.323	6.213	6.857	8.072	9.940	11.279	12.553	14.903	15.784	12.499	16.516	20.034	21.837	26.493	22.613	20.532	16.764	17.849	19.001	17.619	13.474	14.028	16.561	13.973	8.871	12.892	14.509	11.543	8.722	13.507	13.628	6.995	12.235	14.909	11.940	8.471	14.747	16.598	13.466	14.309	18.089	17.659	14.574	19.812	20.662	24.823	29.612	26.605	25.240	20.644	20.794	19.739	19.640	16.917	14.878	15.828	15.335	10.981	10.727	13.810	12.391	7.638	10.714	13.497	10.391	7.400	12.101	14.074	10.222	11.478	14.869	15.573	12.722	16.187	18.859	18.235	19.329	21.642	20.878
29.257	32.674	35.282	33.431	37.205	35.529	32.686	27.950	29.889	23.276	26.393	22.212	21.456	20.108	17.902	16.618	16.008	14.127	12.014	11.338	10.301	7.973	6.459	6.241	4.230	1.941	2.531	3.334	1.351	0.997	1.350	3.245	2.657	1.914	4.209	6.011	6.707	7.802	9.783	11.260	14.509	15.930	12.819	16.375	20.086	22.072	28.262	24.604	22.072	17.964	18.647	18.762	17.225	14.026	14.132	15.144	12.489	8.400	10.840	11.857	8.536	6.261	10.091	9.773	3.098	7.757	10.441	8.151	4.123	10.355	12.400	9.919	10.792	14.425	14.403	11.360	16.432	17.664	21.666	30.756	27.226	26.127	21.964	21.660	20.587	19.708	17.012	15.693	16.047	14.602	10.747	11.364	13.011	10.609	7.055	9.974	11.567	7.265	5.388	10.076	11.307	6.501	9.523	12.557	12.134	9.507	13.451	16.048	14.702	16.252	18.629	18.453
29.108	32.017	34.740	33.409	37.370	35.683	33.158	28.447	29.828	23.641	27.316	23.108	21.972	21.272	19.214	17.177	16.742	15.672	13.271	11.683	11.608	9.891	7.415	6.543	6.032	4.115	1.811	2.729	3.231	1.350	0.960	1.349	3.295	2.709	2.076	4.326	6.243	6.708	7.199	9.923	13.512	14.541	10.824	13.758	17.342	19.723	30.817	27.233	24.682	20.677	21.261	21.705	19.672	16.406	17.283	18.057	14.851	11.178	14.225	13.987	10.512	9.613	12.906	10.930	5.028	10.214	12.257	7.770	5.853	11.258	12.444	8.750	10.410	13.779	12.472	9.729	15.401	16.353	20.553	33.586	30.279	29.297	25.022	25.045	24.067	23.433	20.665	19.151	19.721	18.476	14.371	14.892	16.685	14.383	10.793	13.328	14.849	10.885	8.426	12.911	14.049	8.581	11.418	14.493	13.724	10.059	14.477	17.048	15.111	16.343	18.880	18.568
32.554	35.319	37.893	36.585	40.218	38.374	35.585	30.987	32.768	26.909	29.981	25.824	24.549	23.381	21.550	19.868	18.879	17.480	15.593	14.069	13.030	11.552	9.806	8.143	6.913	6.092	4.232	2.177	2.743	3.245	1.349	0.997	1.350	3.276	2.736	2.095	4.431	6.138	6.420	8.040	10.834	11.580	7.985	11.635	15.299	17.268	31.940	28.016	26.022	22.239	23.122	23.946	22.099	18.416	19.312	20.666	17.638	13.407	16.727	17.153	13.688	12.112	15.723	14.557	8.099	13.036	15.422	11.612	8.671	14.353	15.697	11.742	13.009	16.703	15.238	11.951	17.364	17.126	21.652	35.114	32.070	30.764	26.111	26.143	24.779	24.641	22.134	20.002	20.487	19.935	16.077	15.334	17.787	16.026	12.026	13.618	15.992	12.943	9.312	13.222	15.153	10.573	11.125	14.725	15.524	11.423	14.723	17.592	17.112	16.972	19.358	18.093
34.291	37.413	39.955	38.355	41.926	40.130	37.216	32.561	34.600	28.416	31.142	27.033	26.131	24.671	22.549	21.397	20.502	18.656	16.733	15.817	14.547	12.516	11.211	10.096	8.068	6.632	6.096	4.412	2.126	2.657	3.295	1.350	0.997	1.354	3.260	2.590	2.058	4.228	6.196	6.782	9.413	10.948	8.733	12.857	16.605	18.019	30.657	26.604	24.596	20.748	22.032	22.281	21.450	17.941	17.169	19.057	17.052	12.493	14.176	16.245	13.249	10.194	13.779	14.295	7.990	10.996	14.182	12.306	7.411	13.123	15.173	11.394	10.984	15.338	15.377	11.446	15.805	15.580	20.031	33.114	29.724	27.956	23.424	22.565	20.578	19.969	18.043	15.960	15.412	14.785	11.785	10.361	11.487	10.213	6.720	6.902	9.487	7.710	3.077	6.779	9.227	6.886	6.292	9.906	11.531	8.668	11.255	14.089	14.346	14.266	16.494	15.105
33.531	37.071	39.893	38.177	42.265	40.726	38.084	33.308	34.824	27.941	31.621	27.379	26.833	25.827	23.414	21.879	21.666	19.981	17.426	16.759	16.076	13.886	11.207	11.413	9.853	7.707	6.556	6.180	4.323	1.914	2.709	3.276	1.354	0.976	1.353	3.265	2.808	2.031	4.430	6.059	10.027	12.179	9.571	12.553	16.332	18.140	33.873	30.069	27.699	23.601	24.262	23.853	22.310	19.523	19.139	19.305	16.892	13.723	14.452	14.456	11.398	9.775	11.236	10.179	6.039	6.604	8.565	6.324	2.101	5.802	7.044	3.594	2.727	6.557	6.873	2.766	7.242	8.835	12.586	36.265	32.554	31.429	27.231	26.602	25.056	23.900	21.665	20.285	19.897	18.249	15.352	15.072	15.338	12.784	10.473	11.888	11.591	8.097	6.498	9.437	8.960	3.517	6.499	9.294	7.354	3.473	8.316	10.373	7.387	8.730	11.408	12.708
35.667	38.507	41.298	40.102	44.039	42.328	39.698	35.034	36.519	30.264	33.809	29.599	28.564	27.590	25.486	23.748	23.154	21.755	19.515	18.189	17.549	15.767	13.598	12.546	11.472	9.743	7.758	6.931	6.213	4.209	2.076	2.736	3.260	1.353	0.997	1.350	3.301	2.507	1.933	4.294	8.203	9.667	6.563	9.088	12.857	14.906	36.220	32.429	30.094	26.075	26.864	27.082	25.346	22.152	22.452	23.145	20.317	16.590	18.689	18.757	15.344	14.068	16.616	15.037	9.432	12.511	14.749	11.399	7.892	12.604	13.419	9.062	9.502	13.345	11.831	7.563	12.793	12.387	16.992	38.922	35.507	34.245	29.862	29.428	27.885	27.119	24.802	23.074	22.879	21.768	18.554	17.935	18.859	16.824	13.771	14.815	15.874	12.908	9.725	12.885	13.861	8.840	9.768	13.053	13.229	8.335	12.261	15.058	13.762	13.269	15.754	14.553
38.110	40.993	43.670	42.363	46.120	44.329	41.547	36.932	38.657	32.531	35.766	31.587	30.480	29.276	27.291	25.724	24.873	23.315	21.341	20.040	18.985	17.225	15.541	14.180	12.627	11.310	9.789	8.132	6.857	6.011	4.326	2.095	2.590	3.265	1.350	0.997	1.348	3.191	2.868	2.106	5.248	7.034	4.502	8.098	11.915	13.499	36.648	32.551	30.676	26.882	28.109	28.609	27.168	23.671	23.635	25.048	22.374	18.225	20.444	21.063	17.677	15.971	18.870	17.630	11.868	14.719	17.260	14.139	10.253	14.996	16.216	11.970	11.793	15.999	15.038	10.678	15.268	13.472	18.387	39.490	36.271	34.525	29.857	29.179	27.147	26.699	24.821	22.584	22.059	21.611	18.620	16.949	18.176	16.947	13.498	13.312	15.612	13.576	9.412	11.982	14.332	10.282	9.292	12.676	14.075	9.463	11.268	14.763	14.972	13.571	15.626	13.360
39.126	42.495	45.229	43.604	47.479	45.804	43.002	38.298	40.080	33.432	36.736	32.536	31.824	30.546	28.275	26.963	26.377	24.569	22.353	21.560	20.555	18.397	16.491	15.934	14.114	12.297	11.307	10.120	8.072	6.707	6.243	4.431	2.058	2.808	3.301	1.348	0.997	1.350	3.269	3.036	5.784	8.455	7.188	10.824	14.487	15.598	37.251	33.242	31.137	27.158	28.300	28.207	27.120	23.984	23.257	24.245	22.076	18.226	19.240	20.081	17.031	15.045	17.115	16.495	11.734	12.489	15.292	13.175	8.326	12.455	14.444	10.811	8.951	13.608	14.339	9.818	12.668	10.926	15.670	39.515	35.957	34.247	29.853	28.734	26.528	25.599	23.965	22.070	20.976	20.154	17.551	15.924	16.220	14.884	11.693	11.540	12.510	10.457	7.094	8.329	10.265	6.551	4.909	8.169	9.801	6.036	7.351	10.664	11.380	10.068	12.070	9.982
38.896	42.095	45.055	43.704	47.949	46.415	43.896	39.168	40.396	33.718	37.664	33.434	32.715	31.806	29.487	27.795	27.527	25.963	23.532	22.543	21.972	19.880	17.217	17.093	15.739	13.696	12.145	11.495	9.940	7.802	6.708	6.138	4.228	2.031	2.507	3.191	1.350	0.976	1.350	3.217	7.028	9.727	8.133	9.996	13.197	14.763	39.618	35.726	33.450	29.384	30.270	30.133	28.654	25.695	25.345	25.774	23.282	19.906	20.866	20.708	17.653	16.133	17.173	15.827	11.946	12.391	12.944	10.597	7.369	9.215	9.159	5.869	3.761	7.228	6.762	2.557	4.603	4.480	8.582	41.999	38.398	36.947	32.624	31.724	29.770	28.763	26.871	25.154	24.301	23.194	20.449	19.255	19.507	17.751	14.758	15.104	15.519	12.973	10.173	11.715	11.961	7.989	7.630	10.192	8.564	3.734	7.082	9.283	6.601	5.745	8.488	9.320
39.824	42.306	45.200	44.472	48.532	46.801	44.335	39.806	40.893	35.055	38.958	34.772	33.483	32.738	30.823	28.801	28.074	27.004	24.858	23.124	22.535	21.137	18.898	17.384	16.584	15.283	13.008	11.683	11.279	9.783	7.199	6.420	6.196	4.430	1.933	2.868	3.269	1.350	0.996	1.349	4.281	6.226	4.268	5.564	8.819	10.649	41.481	37.558	35.407	31.436	32.380	32.568	30.911	27.698	27.822	28.507	25.795	22.119	23.764	23.833	20.540	19.230	21.009	19.421	14.569	16.421	18.009	14.696	11.603	15.247	15.420	11.207	10.467	14.578	12.198	8.120	12.431	9.640	14.592	44.226	40.790	39.304	34.854	34.069	32.079	31.237	29.354	27.478	26.695	25.769	22.965	21.627	22.057	20.438	17.342	17.485	18.190	15.792	12.779	14.190	15.468	11.232	10.407	13.369	13.782	8.505	10.716	14.021	13.441	11.573	13.570	11.467
43.561	46.595	49.369	48.019	51.912	50.190	47.436	42.783	44.436	38.039	41.443	37.243	36.313	35.115	32.980	31.490	30.802	29.142	27.050	25.937	24.946	22.993	21.177	20.169	18.527	16.937	15.569	14.167	12.553	11.260	9.923	8.040	6.782	6.059	4.294	2.106	3.036	3.217	1.349	0.997	1.348	3.735	3.473	6.585	9.626	10.313	42.217	38.144	36.178	32.270	33.446	33.577	32.321	29.048	28.646	29.687	27.311	23.362	24.773	25.392	22.214	20.459	22.457	21.395	16.596	17.753	19.905	17.209	13.168	16.765	17.777	13.996	12.032	16.433	16.236	11.345	14.409	11.507	16.524	44.786	41.363	39.619	35.094	34.058	31.715	30.968	29.456	27.378	26.232	25.670	23.095	21.219	21.552	20.480	17.277	16.446	17.765	15.990	12.592	13.153	15.421	11.911	9.712	12.708	14.192	9.384	9.665	13.894	14.360	12.201	13.706	10.676
47.095	50.148	52.789	51.312	54.902	53.073	50.042	45.495	47.555	41.294	44.156	40.042	39.091	37.502	35.509	34.373	33.377	31.420	29.716	28.784	27.259	25.284	24.164	22.944	20.756	19.560	18.825	16.888	14.903	14.509	13.512	10.834	9.413	10.027	8.203	5.248	5.784	7.028	4.281	1.348	0.995	1.349	3.420	6.298	8.026	7.923	42.764	38.457	36.996	33.375	35.060	35.441	34.692	31.050	30.170	32.109	30.099	25.673	27.004	28.536	25.483	23.133	25.549	25.061	20.065	20.924	23.551	21.150	16.704	20.105	21.569	18.006	15.316	19.809	19.980	15.119	17.200	13.459	18.326	45.428	42.296	40.139	35.408	34.249	31.569	31.139	30.044	27.614	26.281	26.279	23.946	21.396	21.966	21.578	18.322	16.404	18.698	17.694	13.868	13.734	16.794	14.530	11.057	13.848	16.083	12.059	10.394	15.306	16.418	14.023	14.910	11.255
48.027	50.635	53.214	52.101	55.546	53.595	50.512	46.116	48.154	42.394	45.114	41.040	39.823	38.225	36.478	35.237	33.957	32.165	30.693	29.454	27.769	26.129	25.163	23.461	21.372	20.685	19.763	17.376	15.784	15.930	14.541	11.580	10.948	12.179	9.667	7.034	8.455	9.727	6.226	3.735	1.349	0.997	1.343	3.580	5.260	5.212	43.665	39.284	38.038	34.541	36.312	37.061	36.202	32.281	31.717	34.044	31.807	27.145	29.131	30.636	27.420	25.055	28.018	27.337	21.817	23.590	26.257	23.517	19.343	23.224	24.291	20.384	18.551	22.958	21.922	17.276	20.368	16.493	21.372	46.686	43.820	41.621	36.733	35.857	33.280	33.203	31.951	29.309	28.339	28.558	25.974	23.297	24.512	24.135	20.701	18.860	21.801	20.619	16.453	17.006	20.202	17.601	14.561	17.733	19.907	15.690	14.862	19.510	20.430	18.097	19.185	15.683
44.080	46.505	49.072	48.130	51.571	49.575	46.552	42.214	44.123	38.643	41.467	37.391	35.964	34.501	32.931	31.454	30.052	28.517	27.100	25.545	23.899	22.613	21.500	19.483	17.674	17.352	16.012	13.432	12.499	12.819	10.824	7.985	8.733	9.571	6.563	4.502	7.188	8.133	4.268	3.473	3.420	1.343	1.080	1.348	4.208	5.709	41.149	36.888	35.473	31.956	33.478	34.516	33.272	29.262	29.316	31.496	28.890	24.286	26.905	27.891	24.510	22.507	25.657	24.448	18.707	21.403	23.748	20.540	16.907	21.174	21.841	17.605	16.919	21.102	19.486	14.945	19.075	15.886	20.870	44.478	41.675	39.732	34.767	34.355	32.202	32.198	30.466	27.862	27.450	27.484	24.509	22.218	23.928	23.111	19.557	18.548	21.394	19.689	15.502	17.064	19.882	16.282	14.428	17.786	19.493	14.742	15.509	19.620	19.937	17.957	19.567	16.623
46.600	48.812	51.480	50.858	54.460	52.479	49.639	45.360	46.911	41.612	44.853	40.751	39.174	38.028	36.522	34.702	33.359	32.195	30.632	28.745	27.422	26.425	24.906	22.706	21.470	21.117	19.181	16.724	16.516	16.375	13.758	11.635	12.857	12.553	9.088	8.098	10.824	9.996	5.564	6.585	6.298	3.580	1.348	0.997	1.345	3.660	45.744	41.557	40.035	36.430	37.769	38.713	37.152	33.323	33.722	35.350	32.532	28.253	30.849	31.247	27.824	26.323	28.950	27.264	21.854	24.573	26.205	22.758	19.792	23.659	23.508	19.345	18.885	22.691	20.164	15.897	19.978	16.371	21.278	49.128	46.257	44.502	39.638	39.270	37.217	37.083	35.237	32.784	32.387	32.185	29.170	27.179	28.650	27.539	24.094	23.467	25.727	23.695	19.875	21.510	23.753	19.692	18.342	21.467	22.449	17.227	18.505	22.373	21.881	19.703	21.184	18.738
49.274	51.230	53.855	53.494	56.987	54.942	52.075	47.961	49.441	44.558	47.752	43.711	41.950	40.847	39.546	37.637	36.109	35.131	33.736	31.653	30.271	29.568	28.116	25.655	24.594	24.559	22.532	19.717	20.034	20.086	17.342	15.299	16.605	16.332	12.857	11.915	14.487	13.197	8.819	9.626	8.026	5.260	4.208	1.345	0.960	1.345	48.647	44.428	43.060	39.554	40.968	42.127	40.519	36.557	37.107	38.909	36.023	31.686	34.498	34.841	31.404	29.960	32.595	30.801	25.420	28.264	29.656	26.104	23.406	27.097	26.566	22.575	22.078	25.634	22.604	18.678	22.219	17.749	22.328	52.209	49.510	47.715	42.779	42.509	40.411	40.434	38.664	36.094	35.711	35.697	32.695	30.480	32.109	31.177	27.683	26.782	29.267	27.386	23.509	24.916	27.268	23.395	21.755	24.722	25.714	20.502	21.018	25.209	24.578	22.130	23.041	20.495
52.068	54.084	56.643	56.155	59.506	57.439	54.402	50.329	52.067	47.154	50.036	46.040	44.344	42.995	41.704	40.045	38.415	37.185	35.957	34.081	32.425	31.568	30.427	28.078	26.565	26.583	24.945	22.121	21.837	22.072	19.723	17.268	18.019	18.140	14.906	13.499	15.598	14.763	10.649	10.313	7.923	5.212	5.709	3.660	1.345	0.996	49.618	45.263	44.195	40.787	42.505	43.690	42.422	38.318	38.445	40.709	38.062	33.504	36.128	36.920	33.548	31.748	34.492	33.033	27.681	30.064	31.731	28.434	25.316	28.875	28.701	24.828	23.727	27.456	25.094	20.927	23.905	19.067	23.741	53.185	50.635	48.578	43.555	43.158	40.833	40.984	39.479	36.751	36.175	36.440	33.605	30.993	32.632	32.082	28.563	27.092	29.925	28.406	24.393	25.302	28.021	24.682	22.358	25.241	26.658	21.723	21.224	25.844	25.696	23.054	23.663	20.752
25.320	29.182	29.855	25.737	25.355	23.574	19.755	17.493	22.803	20.256	17.039	16.435	18.050	13.979	12.343	17.435	17.922	12.059	16.957	19.821	18.720	15.611	20.764	23.115	21.157	22.428	25.776	27.266	26.493	28.262	30.817	31.940	30.657	33.873	36.220	36.648	37.251	39.618	41.481	42.217	42.764	43.665	41.149	45.744	48.647	49.618	1.036	1.347	4.068	7.601	8.236	9.111	12.603	13.047	11.923	15.893	17.707	17.630	19.963	22.189	23.368	23.719	26.368	28.011	27.778	29.888	32.481	32.579	32.323	36.324	37.844	38.535	39.785	42.319	43.169	42.185	46.372	48.773	52.198	2.025	4.641	3.354	4.984	9.063	10.474	13.719	12.643	10.700	16.013	17.703	16.389	18.882	21.702	22.694	22.980	25.375	27.296	26.767	28.771	31.629	31.799	32.203	35.317	37.230	37.767	38.390	41.189	42.646	41.768	45.125	47.159	46.941
25.502	29.384	30.325	26.362	26.461	24.651	20.682	17.843	23.077	20.066	17.033	16.012	17.389	13.415	11.462	16.230	16.563	9.883	14.982	17.831	16.221	12.491	18.006	20.306	17.637	18.958	22.526	23.778	22.613	24.604	27.233	28.016	26.604	30.069	32.429	32.551	33.242	35.726	37.558	38.144	38.457	39.284	36.888	41.557	44.428	45.263	1.347	0.960	1.344	4.696	5.813	7.190	10.790	10.788	8.825	13.413	15.318	14.536	17.037	19.586	20.714	20.452	23.517	25.334	24.585	26.756	29.592	29.748	28.973	33.226	35.028	35.368	36.465	39.164	40.085	38.817	43.095	45.258	48.806	5.297	5.554	3.915	2.883	7.038	8.607	11.704	10.065	6.972	12.892	14.763	12.872	14.958	18.192	19.315	19.217	21.576	23.751	23.377	24.955	27.882	28.548	28.739	31.617	33.620	34.367	34.860	37.546	39.166	38.474	41.594	43.666	43.201
21.159	25.497	26.663	22.461	23.177	21.654	18.035	14.408	19.261	15.817	12.785	11.540	13.306	9.779	7.030	11.968	12.968	6.544	11.104	14.077	13.372	9.772	14.725	17.211	15.589	16.166	19.645	21.412	20.532	22.072	24.682	26.022	24.596	27.699	30.094	30.676	31.137	33.450	35.407	36.178	36.996	38.038	35.473	40.035	43.060	44.195	4.068	1.344	0.960	1.346	2.219	2.960	6.366	6.843	5.681	9.375	11.217	11.251	13.604	15.698	16.903	17.348	19.923	21.544	21.423	23.495	26.031	26.219	25.950	29.905	31.411	32.168	33.422	35.911	36.823	35.861	39.999	42.449	45.838	6.154	4.421	4.526	2.929	6.141	9.015	11.188	7.930	5.848	11.756	13.126	10.331	13.303	16.426	17.106	16.788	19.669	21.601	20.479	22.607	25.658	25.814	25.887	29.140	31.181	31.526	32.083	34.980	36.460	35.438	38.847	40.913	40.842
21.703	26.118	27.604	23.675	25.148	23.630	20.057	15.853	20.242	15.981	13.700	11.621	12.758	9.661	6.475	10.433	11.245	4.843	8.154	11.360	10.932	6.468	11.150	13.768	12.377	11.887	15.708	17.692	16.764	17.964	20.677	22.239	20.748	23.601	26.075	26.882	27.158	29.384	31.436	32.270	33.375	34.541	31.956	36.430	39.554	40.787	7.601	4.696	1.346	0.997	1.353	3.437	5.656	3.693	2.599	6.770	8.382	7.261	9.899	12.374	13.249	13.173	16.133	17.839	17.190	19.377	22.096	22.225	21.671	25.757	27.485	27.958	29.151	31.731	32.717	31.643	35.757	38.188	41.594	9.517	6.971	6.023	3.162	5.082	7.147	8.733	4.868	3.484	8.577	9.719	6.784	9.960	12.790	13.225	12.769	15.784	17.638	16.399	18.554	21.600	21.698	21.689	24.990	27.023	27.364	27.858	30.819	32.331	31.216	34.660	36.777	36.929
18.117	22.707	24.267	20.235	21.972	20.619	17.131	12.789	16.952	12.707	10.363	8.186	9.944	7.163	3.331	7.637	9.211	3.794	6.366	9.604	10.298	6.813	10.692	13.339	13.129	12.596	15.909	18.106	17.849	18.647	21.261	23.122	22.032	24.262	26.864	28.109	28.300	30.270	32.380	33.446	35.060	36.312	33.478	37.769	40.968	42.505	8.236	5.813	2.219	1.353	0.960	1.344	2.706	2.233	2.430	4.703	6.148	6.876	8.975	10.719	11.783	12.971	14.995	16.431	16.947	18.797	21.038	21.334	21.573	25.083	26.376	27.516	28.906	31.140	32.120	31.564	35.397	38.197	41.400	9.870	7.288	7.707	5.559	8.073	11.098	12.341	7.308	6.542	12.256	12.726	8.075	12.585	15.289	14.760	14.012	17.630	19.228	16.531	19.632	22.888	22.277	21.824	25.742	27.864	27.448	28.019	31.291	32.547	30.957	34.787	36.836	37.496
18.494	24.298	25.931	21.325	23.061	22.003	18.646	14.510	18.327	13.752	11.726	9.372	12.372	10.284	5.449	9.607	12.210	7.560	7.054	11.809	13.459	9.630	11.678	15.071	15.704	12.615	16.559	19.307	19.001	18.762	21.705	23.946	22.281	23.853	27.082	28.609	28.207	30.133	32.568	33.577	35.441	37.061	34.516	38.713	42.127	43.690	9.111	7.190	2.960	3.437	1.344	1.080	1.350	3.131	2.422	2.042	4.247	6.168	7.030	8.286	10.146	11.736	12.934	14.463	15.884	17.164	19.072	20.114	20.572	23.449	24.627	26.311	27.597	29.579	30.842	30.767	34.089	37.047	40.035	9.095	5.349	6.888	6.060	7.148	10.818	10.940	5.502	7.171	11.675	11.432	7.567	12.370	14.555	13.660	13.929	17.155	18.137	15.187	19.214	22.119	20.562	20.539	24.792	26.671	25.854	26.828	30.112	30.843	29.223	33.401	35.197	36.386
