0.002	0.028	0.578	1.121	0.687	1.441	1.329	1.575	1.265	1.354	1.277	1.242	1.292	1.410	1.571	1.493	1.389	2.022	1.759	1.696	1.791	2.023	1.931	2.057	2.358	2.133	2.022	1.926	2.215	2.159	2.022	2.219	2.188	2.103	2.160	2.231	2.164	2.251	2.116	2.195	2.476	2.593	2.410	2.706	3.279	4.201	2.344	1.931	1.656	1.498	1.708	1.813	2.016	1.829	1.777	1.838	1.779	1.864	1.920	1.693	1.878	2.149	1.956	1.822	2.212	2.035	1.948	1.945	2.180	2.016	1.994	2.046	2.013	1.990	2.261	2.235	2.169	2.281	2.261	1.650	1.515	1.586	1.644	1.593	1.565	1.845	1.739	1.742	1.952	1.958	1.886	2.114	2.417	2.084	2.114	2.710	2.225	2.107	2.259	2.313	2.226	2.306	2.289	2.281	2.281	2.236	2.254	2.272	2.416	2.305	2.541	2.335
0.028	0.004	0.029	0.588	0.370	1.470	1.459	1.550	1.396	1.513	1.461	1.583	1.731	1.917	2.090	1.905	1.782	1.970	2.004	1.868	1.754	2.156	1.958	2.018	2.236	2.120	1.969	1.876	2.128	2.072	1.959	2.116	2.087	2.011	2.074	2.130	2.075	2.196	2.035	2.113	2.369	2.446	2.302	2.608	3.207	4.095	2.276	2.152	1.999	1.892	1.928	1.969	2.011	1.813	1.993	1.904	1.794	2.137	1.971	1.802	1.930	2.092	1.957	1.965	2.109	1.983	1.956	2.010	2.072	1.952	2.095	1.953	1.898	1.922	2.287	2.086	2.045	2.113	2.098	1.969	1.817	1.939	1.931	1.887	1.892	2.060	1.986	1.949	2.193	2.181	2.096	2.192	2.412	2.166	2.116	2.505	2.229	2.168	2.177	2.229	2.202	2.232	2.174	2.197	2.198	2.116	2.152	2.185	2.321	2.229	2.446	2.237
0.578	0.029	0.004	0.029	0.427	1.285	1.171	1.243	1.288	1.500	1.324	1.387	1.605	1.590	1.658	1.586	1.740	1.881	1.760	1.737	1.721	1.962	1.812	2.101	2.247	1.941	1.866	1.984	2.055	1.974	1.952	2.123	2.037	1.928	2.113	2.123	2.028	2.192	2.101	2.067	2.369	2.408	2.196	2.552	3.139	3.936	2.485	2.282	2.320	2.030	2.260	2.306	2.370	2.030	1.979	2.053	1.857	1.910	1.908	1.690	1.771	1.959	1.824	1.692	2.009	1.827	1.736	1.765	1.953	1.780	1.815	1.847	1.800	1.763	2.103	2.054	1.932	2.158	1.964	2.391	2.131	2.348	2.157	2.016	1.990	2.028	1.965	2.033	2.051	2.003	1.923	2.023	2.317	1.977	1.925	2.413	2.048	1.987	2.012	2.072	2.025	2.042	2.024	2.029	2.015	1.963	2.007	2.011	2.110	2.045	2.242	2.124
1.121	0.588	0.029	0.004	0.029	0.649	0.778	1.560	1.705	1.598	1.891	1.853	1.732	2.037	2.585	2.086	1.804	2.379	2.225	1.997	1.912	2.578	2.195	2.135	2.394	2.568	2.163	2.086	2.366	2.307	2.132	2.335	2.336	2.214	2.265	2.379	2.332	2.311	2.261	2.363	2.700	2.699	2.654	2.954	3.549	4.390	3.846	3.552	3.588	3.210	2.946	2.956	2.821	2.617	2.870	2.709	2.474	2.658	2.593	2.409	2.379	2.530	2.447	2.236	2.357	2.366	2.304	2.162	2.419	2.283	2.204	2.139	2.227	2.198	2.333	2.178	2.230	2.262	2.384	3.526	3.122	3.237	3.130	3.117	3.117	3.185	3.132	2.940	3.150	3.096	3.005	2.827	2.852	2.780	2.536	2.841	2.840	2.780	2.583	2.720	2.853	2.638	2.603	2.688	2.703	2.515	2.597	2.674	2.785	2.642	2.824	2.624
0.687	0.370	0.427	0.029	0.004	0.029	0.350	1.015	1.359	1.159	1.006	1.030	1.342	1.361	1.382	1.344	1.681	1.634	1.534	1.669	1.693	1.856	1.672	2.130	2.219	1.826	1.793	2.010	2.020	1.903	1.931	2.105	1.995	1.844	2.118	2.110	1.995	2.154	2.104	2.023	2.288	2.345	2.105	2.449	3.093	3.923	3.089	2.717	2.783	2.289	2.086	2.154	2.028	1.661	1.805	1.710	1.483	1.724	1.569	1.374	1.463	1.648	1.483	1.421	1.826	1.539	1.427	1.633	1.781	1.532	1.647	1.698	1.597	1.561	1.974	1.977	1.800	2.135	1.765	2.854	2.301	2.426	2.150	2.123	2.145	2.227	2.118	1.901	2.196	2.105	1.905	1.881	2.141	1.830	1.756	2.199	1.936	1.806	1.818	1.941	1.893	1.817	1.870	1.880	1.822	1.769	1.845	1.851	1.878	1.867	2.076	2.015
1.441	1.470	1.285	0.649	0.029	0.004	0.028	0.470	0.603	0.721	0.764	0.544	0.700	0.597	0.678	0.540	1.025	1.044	0.755	0.974	1.155	1.122	0.932	1.589	1.552	1.060	1.131	1.529	1.306	1.151	1.307	1.389	1.247	1.143	1.457	1.405	1.270	1.517	1.432	1.300	1.559	1.591	1.409	1.610	2.291	3.155	2.590	2.358	2.454	2.057	2.057	2.210	2.060	1.470	1.455	1.577	1.192	1.109	1.096	1.080	0.842	0.927	0.913	0.878	1.098	0.824	0.798	1.050	1.019	0.814	1.041	1.006	0.880	0.863	1.415	1.359	1.090	1.488	1.028	2.663	2.237	2.449	2.073	1.931	1.894	1.853	1.780	1.709	1.771	1.622	1.537	1.249	1.415	1.188	0.985	1.395	1.220	1.257	0.993	1.105	1.262	1.050	1.027	1.061	1.025	0.951	0.998	1.029	1.171	1.045	1.189	1.172
1.329	1.459	1.171	0.778	0.350	0.028	0.004	0.029	0.488	1.053	0.950	0.783	0.761	0.606	0.578	0.571	1.037	0.999	0.769	0.962	1.108	1.027	0.907	1.370	1.403	0.941	1.061	1.318	1.174	1.047	1.162	1.198	1.100	1.074	1.239	1.215	1.109	1.377	1.229	1.148	1.402	1.434	1.324	1.458	2.099	2.961	2.287	2.067	2.199	1.782	1.859	2.049	1.946	1.313	1.235	1.461	1.073	1.006	0.958	0.979	0.778	0.860	0.822	0.844	1.064	0.783	0.763	1.084	0.981	0.789	1.048	1.005	0.872	0.865	1.431	1.327	1.076	1.362	1.006	2.512	2.030	2.386	1.918	1.679	1.589	1.530	1.425	1.509	1.470	1.318	1.275	1.056	1.250	0.987	0.894	1.294	1.000	1.076	0.913	0.949	1.031	0.954	0.905	0.916	0.880	0.867	0.876	0.884	1.091	0.963	1.115	1.063
1.575	1.550	1.243	1.560	1.015	0.470	0.029	0.004	0.033	0.340	1.009	0.710	0.608	0.778	1.085	0.696	0.926	1.280	0.963	0.795	1.066	1.338	0.971	0.976	1.269	1.327	0.906	1.139	1.093	1.017	0.909	1.039	1.068	0.935	0.977	1.061	1.039	1.024	0.959	1.021	1.330	1.324	1.475	1.400	1.985	2.817	2.211	2.216	2.238	2.090	2.160	2.366	2.383	1.789	1.791	1.966	1.629	1.444	1.536	1.555	1.280	1.305	1.371	1.142	1.137	1.173	1.146	1.071	1.146	1.089	1.062	0.929	1.021	1.010	1.213	1.039	1.022	1.006	1.133	2.384	2.197	2.486	2.234	2.056	1.985	1.955	1.934	1.990	1.954	1.851	1.904	1.595	1.608	1.560	1.245	1.473	1.538	1.679	1.227	1.352	1.661	1.354	1.269	1.341	1.372	1.232	1.268	1.334	1.451	1.274	1.326	1.251
1.265	1.396	1.288	1.705	1.359	0.603	0.488	0.033	0.004	0.028	0.405	0.255	0.883	0.561	0.520	0.561	1.089	0.859	0.681	0.764	0.938	0.865	0.739	0.923	1.139	0.786	0.863	1.047	0.890	0.810	0.881	0.893	0.845	0.865	0.896	0.910	0.846	1.040	0.881	0.863	1.175	1.167	1.173	1.267	1.901	2.809	1.684	1.566	1.496	1.446	1.176	1.354	1.510	1.104	0.994	1.173	0.951	0.943	0.847	0.837	0.715	0.817	0.743	0.861	1.021	0.765	0.765	1.033	0.889	0.774	0.999	0.919	0.842	0.824	1.246	1.123	0.981	1.012	0.958	1.401	1.209	1.588	1.359	1.091	1.088	1.126	0.970	1.165	1.207	1.061	1.039	0.930	1.132	0.853	0.767	1.161	0.847	0.996	0.791	0.802	0.901	0.895	0.777	0.790	0.796	0.801	0.771	0.773	1.044	0.882	1.006	0.914
1.354	1.513	1.500	1.598	1.159	0.721	1.053	0.340	0.028	0.004	0.033	0.302	0.374	0.507	0.461	0.387	0.640	0.528	0.449	0.437	0.571	0.711	0.440	0.499	0.685	0.627	0.541	0.551	0.514	0.474	0.511	0.502	0.515	0.584	0.506	0.506	0.517	0.847	0.554	0.569	0.878	0.954	1.109	1.029	1.733	2.534	1.278	1.327	1.313	1.483	0.902	1.003	1.101	0.821	0.698	0.967	0.802	0.877	0.704	0.963	0.675	0.702	0.834	0.973	0.774	0.676	0.899	0.919	0.726	0.738	1.105	0.792	0.748	0.877	1.229	0.935	0.813	0.726	0.834	1.343	1.020	1.533	1.135	0.847	0.822	0.821	0.717	0.930	1.016	0.877	0.952	0.691	0.681	0.793	0.585	0.744	0.728	1.018	0.619	0.636	0.930	0.817	0.620	0.652	0.743	0.693	0.625	0.660	1.007	0.779	0.920	0.712
1.277	1.461	1.324	1.891	1.006	0.764	0.950	1.009	0.405	0.033	0.004	0.032	0.210	0.423	0.374	0.406	0.440	0.588	0.469	0.450	0.538	0.826	0.467	0.479	0.585	0.696	0.534	0.525	0.513	0.521	0.520	0.510	0.604	0.598	0.521	0.516	0.573	0.857	0.572	0.603	0.837	0.949	1.196	1.042	1.762	2.520	1.366	1.430	1.459	1.646	1.036	1.127	1.297	1.092	0.869	1.086	0.851	0.927	0.750	0.935	0.742	0.748	0.801	0.855	0.769	0.724	0.788	0.915	0.771	0.731	0.981	0.733	0.720	0.749	1.199	0.885	0.757	0.688	0.813	1.341	1.138	1.401	1.164	1.033	1.049	1.071	0.941	1.063	1.166	1.000	1.073	0.723	0.675	0.847	0.634	0.705	0.801	1.102	0.675	0.706	1.013	0.872	0.695	0.729	0.814	0.756	0.702	0.753	1.059	0.834	0.921	0.755
1.242	1.583	1.387	1.853	1.030	0.544	0.783	0.710	0.255	0.302	0.032	0.004	0.029	0.164	0.333	0.219	0.260	0.260	0.274	0.270	0.304	0.577	0.334	0.311	0.338	0.605	0.521	0.354	0.343	0.435	0.424	0.374	0.564	0.543	0.422	0.403	0.528	0.816	0.514	0.537	0.803	0.917	1.152	0.995	1.702	2.466	1.109	1.201	1.364	1.574	1.066	0.808	0.848	0.891	0.701	0.884	0.727	0.730	0.665	0.917	0.630	0.626	0.771	0.836	0.648	0.630	0.757	0.879	0.663	0.658	0.913	0.685	0.665	0.721	1.183	0.828	0.695	0.631	0.773	1.456	1.042	1.470	1.087	0.857	0.844	0.804	0.740	0.889	0.960	0.841	0.971	0.625	0.572	0.890	0.606	0.613	0.796	1.100	0.627	0.682	1.032	0.841	0.655	0.699	0.785	0.701	0.653	0.702	1.009	0.764	0.846	0.697
1.292	1.731	1.605	1.732	1.342	0.700	0.761	0.608	0.883	0.374	0.210	0.029	0.004	0.028	0.158	0.261	0.190	0.241	0.222	0.232	0.370	0.313	0.243	0.345	0.405	0.526	0.455	0.393	0.322	0.328	0.377	0.339	0.371	0.478	0.365	0.356	0.401	0.781	0.443	0.476	0.818	0.958	0.997	0.928	1.693	2.582	0.929	1.097	1.073	1.301	0.825	0.746	0.844	0.581	0.470	0.761	0.684	0.580	0.490	0.875	0.508	0.511	0.611	0.879	0.686	0.526	0.760	0.847	0.590	0.585	0.924	0.628	0.589	0.712	1.209	0.817	0.693	0.669	0.727	1.109	0.798	1.300	1.017	0.641	0.601	0.585	0.507	0.761	0.746	0.693	0.669	0.509	0.504	0.793	0.524	0.618	0.642	0.952	0.505	0.536	0.758	0.727	0.506	0.540	0.644	0.580	0.515	0.533	0.920	0.636	0.731	0.628
1.410	1.917	1.590	2.037	1.361	0.597	0.606	0.778	0.561	0.507	0.423	0.164	0.028	0.004	0.029	0.154	0.331	0.242	0.223	0.260	0.398	0.408	0.256	0.297	0.590	0.483	0.343	0.434	0.339	0.319	0.350	0.338	0.388	0.457	0.348	0.355	0.390	0.758	0.408	0.437	0.878	0.882	0.941	0.993	1.733	2.590	1.149	1.182	1.053	1.143	0.971	1.104	1.249	0.958	0.650	0.875	0.929	0.620	0.586	0.781	0.515	0.572	0.548	0.602	0.801	0.525	0.513	0.648	0.644	0.520	0.731	0.619	0.577	0.536	0.972	0.792	0.657	0.570	0.677	1.021	0.914	1.353	1.161	0.684	0.705	0.675	0.560	0.743	0.733	0.699	0.688	0.535	0.623	0.666	0.432	0.680	0.542	0.881	0.459	0.475	0.625	0.628	0.450	0.467	0.499	0.516	0.475	0.461	0.768	0.558	0.654	0.632
1.571	2.090	1.658	2.585	1.382	0.678	0.578	1.085	0.520	0.461	0.374	0.333	0.158	0.029	0.004	0.028	0.144	0.209	0.128	0.183	0.211	0.547	0.185	0.216	0.350	0.659	0.324	0.250	0.273	0.329	0.297	0.271	0.546	0.443	0.295	0.306	0.457	0.724	0.392	0.476	0.902	0.861	1.068	1.112	1.732	2.453	1.195	1.364	1.273	1.641	0.701	0.805	1.071	0.254	0.504	0.872	0.959	0.710	0.771	0.904	0.753	0.807	0.777	0.754	0.807	0.748	0.735	0.660	0.707	0.711	0.830	0.660	0.685	0.683	0.986	0.756	0.649	0.531	0.762	1.028	0.718	1.276	1.089	0.593	0.621	0.695	0.633	0.777	0.970	0.832	0.894	0.630	0.707	0.946	0.635	0.766	0.894	1.196	0.706	0.801	1.077	0.872	0.758	0.804	0.804	0.753	0.769	0.788	0.923	0.763	0.822	0.791
1.493	1.905	1.586	2.086	1.344	0.540	0.571	0.696	0.561	0.387	0.406	0.219	0.261	0.154	0.028	0.004	0.029	0.156	0.233	0.176	0.219	0.229	0.250	0.245	0.282	0.513	0.476	0.298	0.281	0.383	0.363	0.311	0.439	0.576	0.363	0.338	0.491	0.902	0.521	0.588	0.840	1.010	1.146	1.011	1.736	2.561	0.951	1.160	1.035	1.344	0.759	0.612	0.755	0.530	0.396	0.620	0.553	0.577	0.484	0.858	0.623	0.602	0.698	0.911	0.708	0.685	0.851	1.053	0.709	0.755	1.012	0.777	0.769	0.863	1.350	0.887	0.826	0.804	0.918	0.855	0.643	1.097	0.979	0.512	0.542	0.582	0.541	0.607	0.800	0.713	0.618	0.575	0.530	0.959	0.679	0.701	0.802	1.061	0.710	0.716	0.958	0.948	0.727	0.770	0.878	0.797	0.740	0.776	1.089	0.840	0.905	0.774
1.389	1.782	1.740	1.804	1.681	1.025	1.037	0.926	1.089	0.640	0.440	0.260	0.190	0.331	0.144	0.029	0.004	0.027	0.139	0.241	0.268	0.281	0.289	0.373	0.425	0.346	0.402	0.485	0.368	0.351	0.394	0.365	0.377	0.500	0.385	0.387	0.389	0.811	0.453	0.477	0.917	1.004	0.891	0.976	1.782	2.751	1.110	1.155	0.947	1.082	0.749	0.735	0.895	0.772	0.475	0.601	0.626	0.596	0.395	0.782	0.400	0.463	0.416	0.686	0.787	0.439	0.515	0.669	0.634	0.478	0.775	0.575	0.535	0.525	1.004	0.802	0.695	0.704	0.715	0.842	0.668	1.079	0.957	0.495	0.511	0.637	0.505	0.488	0.632	0.657	0.482	0.609	0.610	0.719	0.524	0.806	0.543	0.741	0.474	0.487	0.498	0.655	0.489	0.483	0.516	0.524	0.484	0.472	0.811	0.571	0.708	0.662
2.022	1.970	1.881	2.379	1.634	1.044	0.999	1.280	0.859	0.528	0.588	0.260	0.241	0.242	0.209	0.156	0.027	0.004	0.030	0.150	0.205	0.215	0.211	0.248	0.484	0.397	0.251	0.346	0.307	0.293	0.301	0.310	0.330	0.409	0.318	0.334	0.350	0.728	0.368	0.412	0.891	0.881	0.894	1.014	1.783	2.703	1.333	1.319	0.944	1.080	0.986	1.123	1.392	1.293	0.720	0.992	1.031	0.612	0.626	0.660	0.401	0.522	0.441	0.493	0.795	0.429	0.411	0.566	0.660	0.440	0.630	0.559	0.555	0.476	0.855	0.763	0.643	0.525	0.666	0.811	0.808	0.933	1.070	0.689	0.715	0.895	0.771	0.703	1.011	0.994	0.756	0.723	0.852	0.655	0.412	0.804	0.499	0.675	0.417	0.437	0.455	0.595	0.426	0.417	0.432	0.479	0.429	0.411	0.751	0.533	0.679	0.620
1.759	2.004	1.760	2.225	1.534	0.755	0.769	0.963	0.681	0.449	0.469	0.274	0.222	0.223	0.128	0.233	0.139	0.030	0.004	0.029	0.154	0.242	0.120	0.210	0.222	0.589	0.218	0.217	0.213	0.310	0.253	0.239	0.513	0.469	0.255	0.263	0.439	0.717	0.371	0.458	0.827	0.811	1.093	1.022	1.665	2.395	0.890	1.111	0.923	1.219	0.642	0.452	0.555	0.476	0.329	0.423	0.404	0.201	0.354	0.805	0.328	0.379	0.381	0.517	0.697	0.461	0.439	0.757	0.679	0.524	0.779	0.705	0.623	0.581	0.973	0.847	0.705	0.551	0.681	0.665	0.541	0.843	0.990	0.490	0.531	0.658	0.544	0.493	0.830	0.652	0.481	0.623	0.649	1.092	0.642	0.699	0.881	0.954	0.604	0.696	0.855	0.696	0.590	0.647	0.608	0.562	0.562	0.585	0.827	0.622	0.702	0.655
1.696	1.868	1.737	1.997	1.669	0.974	0.962	0.795	0.764	0.437	0.450	0.270	0.232	0.260	0.183	0.176	0.241	0.150	0.029	0.004	0.028	0.155	0.292	0.222	0.267	0.258	0.372	0.288	0.269	0.262	0.304	0.293	0.308	0.447	0.300	0.313	0.317	0.756	0.373	0.412	0.873	1.004	0.893	0.917	1.717	2.728	1.021	1.137	0.892	1.116	0.624	0.618	0.768	0.641	0.405	0.497	0.490	0.490	0.374	0.804	0.471	0.390	0.485	0.810	0.703	0.503	0.618	0.637	0.610	0.502	0.741	0.528	0.503	0.508	0.900	0.767	0.658	0.646	0.690	0.690	0.579	0.875	0.974	0.466	0.460	0.603	0.501	0.439	0.635	0.582	0.435	0.580	0.543	0.876	0.649	0.818	0.601	0.816	0.489	0.492	0.514	0.695	0.482	0.476	0.550	0.506	0.463	0.456	0.829	0.548	0.681	0.620
1.791	1.754	1.721	1.912	1.693	1.155	1.108	1.066	0.938	0.571	0.538	0.304	0.370	0.398	0.211	0.219	0.268	0.205	0.154	0.028	0.004	0.028	0.148	0.278	0.282	0.338	0.325	0.499	0.365	0.362	0.367	0.364	0.403	0.477	0.371	0.400	0.398	0.737	0.416	0.442	0.979	0.998	0.879	1.037	1.824	2.874	1.330	1.253	0.975	0.995	0.895	0.857	0.925	1.036	0.714	0.570	0.539	0.662	0.392	0.736	0.484	0.500	0.397	0.663	0.646	0.445	0.460	0.620	0.716	0.508	0.646	0.643	0.663	0.580	0.910	0.872	0.732	0.637	0.773	0.803	0.772	0.860	1.033	0.619	0.617	0.729	0.570	0.520	0.644	0.680	0.421	0.576	0.636	0.625	0.506	1.062	0.458	0.475	0.459	0.536	0.442	0.632	0.520	0.475	0.486	0.565	0.501	0.477	0.741	0.582	0.725	0.664
2.023	2.156	1.962	2.578	1.856	1.122	1.027	1.338	0.865	0.711	0.826	0.577	0.313	0.408	0.547	0.229	0.281	0.215	0.242	0.155	0.028	0.004	0.028	0.168	0.232	0.188	0.224	0.226	0.230	0.253	0.242	0.247	0.296	0.400	0.269	0.288	0.325	0.662	0.332	0.375	0.899	0.841	0.884	1.011	1.754	2.703	1.436	1.443	1.116	1.262	0.724	0.662	0.725	0.773	0.651	0.528	0.504	0.415	0.500	0.608	0.657	0.533	0.481	0.580	0.662	0.535	0.518	0.599	0.721	0.535	0.550	0.626	0.685	0.566	0.856	0.849	0.678	0.540	0.724	0.831	0.742	0.679	0.942	0.618	0.694	0.764	0.592	0.539	0.731	0.630	0.442	0.585	0.550	0.588	0.338	0.854	0.435	0.505	0.424	0.429	0.392	0.596	0.437	0.401	0.415	0.492	0.425	0.396	0.729	0.516	0.663	0.609
1.931	1.958	1.812	2.195	1.672	0.932	0.907	0.971	0.739	0.440	0.467	0.334	0.243	0.256	0.185	0.250	0.289	0.211	0.120	0.292	0.148	0.028	0.004	0.028	0.157	0.220	0.123	0.214	0.195	0.187	0.216	0.210	0.259	0.490	0.224	0.229	0.323	0.804	0.372	0.474	0.777	0.953	1.106	0.954	1.677	2.535	0.989	1.070	0.819	1.014	0.593	0.636	0.716	0.718	0.566	0.628	0.591	0.533	0.533	0.657	0.520	0.444	0.544	0.616	0.317	0.478	0.503	0.654	0.513	0.472	0.657	0.563	0.513	0.501	0.868	0.786	0.652	0.614	0.720	0.668	0.585	1.022	1.304	0.645	0.507	0.572	0.621	0.548	0.560	0.489	0.567	0.480	0.597	0.916	0.643	0.685	0.668	0.866	0.720	0.648	0.785	0.896	0.647	0.727	0.799	0.699	0.674	0.701	0.962	0.738	0.811	0.715
2.057	2.018	2.101	2.135	2.130	1.589	1.370	0.976	0.923	0.499	0.479	0.311	0.345	0.297	0.216	0.245	0.373	0.248	0.210	0.222	0.278	0.168	0.028	0.004	0.028	0.153	0.287	0.217	0.233	0.251	0.290	0.251	0.300	0.380	0.257	0.286	0.290	0.676	0.344	0.348	0.937	1.028	0.847	0.918	1.744	2.849	1.113	1.144	0.868	1.034	0.615	0.659	0.793	0.763	0.524	0.548	0.559	0.601	0.527	0.679	0.640	0.436	0.438	0.734	0.523	0.410	0.470	0.647	0.595	0.439	0.713	0.539	0.534	0.489	0.948	0.849	0.648	0.592	0.703	0.649	0.597	0.827	1.074	0.531	0.501	0.595	0.529	0.477	0.589	0.527	0.400	0.495	0.586	0.804	0.637	0.931	0.499	0.526	0.440	0.556	0.431	0.590	0.495	0.463	0.453	0.517	0.475	0.443	0.615	0.550	0.632	0.627
2.358	2.236	2.247	2.394	2.219	1.552	1.403	1.269	1.139	0.685	0.585	0.338	0.405	0.590	0.350	0.282	0.425	0.484	0.222	0.267	0.282	0.232	0.157	0.028	0.004	0.029	0.145	0.234	0.194	0.209	0.211	0.216	0.277	0.262	0.237	0.286	0.318	0.467	0.315	0.343	0.955	0.957	0.816	1.020	1.839	2.887	1.567	1.493	1.283	1.252	1.104	0.917	0.953	1.131	1.005	0.581	0.547	0.691	0.647	0.630	0.668	0.463	0.371	0.642	0.347	0.406	0.344	0.602	0.537	0.338	0.399	0.479	0.597	0.444	0.724	0.808	0.580	0.484	0.702	1.070	0.987	0.975	1.209	0.839	0.869	0.930	0.825	0.762	0.887	0.906	0.685	0.706	0.879	0.716	0.690	1.108	0.573	0.424	0.470	0.647	0.472	0.584	0.494	0.484	0.463	0.513	0.484	0.456	0.554	0.509	0.640	0.633
2.133	2.120	1.941	2.568	1.826	1.060	0.941	1.327	0.786	0.627	0.696	0.605	0.526	0.483	0.659	0.513	0.346	0.397	0.589	0.258	0.338	0.188	0.220	0.153	0.029	0.004	0.029	0.161	0.200	0.152	0.176	0.194	0.242	0.329	0.213	0.230	0.301	0.549	0.303	0.333	0.860	0.816	0.849	0.929	1.677	2.632	0.822	0.838	0.719	0.907	0.600	0.486	0.596	0.694	0.464	0.423	0.423	0.613	0.532	0.410	0.538	0.120	0.233	0.403	0.187	0.488	0.319	0.563	0.565	0.391	0.372	0.500	0.611	0.466	0.702	0.828	0.578	0.470	0.677	0.558	0.552	0.808	1.093	0.598	0.576	0.571	0.503	0.643	0.586	0.423	0.424	0.173	0.479	0.549	0.131	0.540	0.409	0.317	0.316	0.289	0.275	0.533	0.447	0.297	0.298	0.466	0.414	0.370	0.611	0.485	0.618	0.587
2.022	1.969	1.866	2.163	1.793	1.131	1.061	0.906	0.863	0.541	0.534	0.521	0.455	0.343	0.324	0.476	0.402	0.251	0.218	0.372	0.325	0.224	0.123	0.287	0.145	0.029	0.004	0.029	0.149	0.246	0.111	0.202	0.216	0.367	0.196	0.211	0.226	0.688	0.293	0.335	0.850	1.003	0.864	0.861	1.662	2.752	0.984	1.027	0.783	0.966	0.572	0.573	0.693	0.716	0.498	0.568	0.600	0.553	0.530	0.647	0.550	0.385	0.602	0.770	0.354	0.523	0.606	0.689	0.582	0.519	0.801	0.640	0.556	0.610	1.005	0.898	0.769	0.565	0.779	0.592	0.558	0.887	1.147	0.518	0.462	0.529	0.495	0.484	0.528	0.457	0.425	0.353	0.588	0.796	0.747	0.752	0.573	0.672	0.576	0.604	0.604	0.732	0.554	0.577	0.659	0.597	0.494	0.516	0.835	0.606	0.721	0.609
1.926	1.876	1.984	2.086	2.010	1.529	1.318	1.139	1.047	0.551	0.525	0.354	0.393	0.434	0.250	0.298	0.485	0.346	0.217	0.288	0.499	0.226	0.214	0.217	0.234	0.161	0.029	0.004	0.028	0.141	0.207	0.193	0.241	0.224	0.220	0.249	0.265	0.376	0.296	0.316	0.988	1.093	0.836	0.969	1.818	2.978	1.255	1.207	0.896	0.994	0.602	0.572	0.706	0.740	0.493	0.529	0.524	0.574	0.687	0.759	0.700	0.390	0.534	0.824	0.556	0.561	0.548	0.747	0.526	0.434	0.609	0.506	0.501	0.422	0.799	0.811	0.584	0.499	0.719	0.637	0.559	0.766	1.053	0.511	0.494	0.605	0.520	0.492	0.595	0.543	0.419	0.417	0.660	0.754	0.813	0.748	0.472	0.478	0.442	0.670	0.457	0.607	0.529	0.533	0.501	0.560	0.552	0.497	0.514	0.568	0.639	0.656
2.215	2.128	2.055	2.366	2.020	1.306	1.174	1.093	0.890	0.514	0.513	0.343	0.322	0.339	0.273	0.281	0.368	0.307	0.213	0.269	0.365	0.230	0.195	0.233	0.194	0.200	0.149	0.028	0.004	0.028	0.155	0.199	0.239	0.232	0.236	0.256	0.320	0.300	0.309	0.355	0.960	0.914	0.794	1.010	1.798	2.834	1.161	1.137	0.882	0.936	0.662	0.575	0.694	0.785	0.582	0.558	0.531	0.648	0.719	0.682	0.689	0.414	0.524	0.506	0.649	0.671	0.431	0.611	0.454	0.359	0.353	0.433	0.582	0.430	0.605	0.859	0.540	0.456	0.736	0.694	0.568	0.777	1.098	0.580	0.541	0.602	0.552	0.587	0.575	0.563	0.489	0.452	0.701	0.591	0.843	0.750	0.515	0.445	0.431	0.739	0.536	0.536	0.528	0.547	0.508	0.556	0.549	0.506	0.511	0.559	0.642	0.655
2.159	2.072	1.974	2.307	1.903	1.151	1.047	1.017	0.810	0.474	0.521	0.435	0.328	0.319	0.329	0.383	0.351	0.293	0.310	0.262	0.362	0.253	0.187	0.251	0.209	0.152	0.246	0.141	0.028	0.004	0.028	0.151	0.183	0.181	0.224	0.226	0.254	0.419	0.281	0.315	0.829	0.881	0.840	0.841	1.604	2.649	0.911	0.938	0.738	0.903	0.572	0.521	0.625	0.701	0.501	0.556	0.535	0.542	0.635	0.710	0.712	0.589	0.571	0.532	0.767	0.667	0.442	0.597	0.503	0.379	0.367	0.452	0.541	0.423	0.628	0.849	0.531	0.435	0.697	0.579	0.579	0.891	1.135	0.580	0.518	0.574	0.558	0.602	0.564	0.531	0.539	0.354	0.625	0.795	0.870	0.520	0.580	0.602	0.478	0.563	0.503	0.724	0.512	0.506	0.528	0.543	0.469	0.450	0.606	0.556	0.641	0.611
2.022	1.959	1.952	2.132	1.931	1.307	1.162	0.909	0.881	0.511	0.520	0.424	0.377	0.350	0.297	0.363	0.394	0.301	0.253	0.304	0.367	0.242	0.216	0.290	0.211	0.176	0.111	0.207	0.155	0.028	0.004	0.028	0.150	0.263	0.177	0.206	0.217	0.349	0.287	0.312	0.927	1.145	0.875	0.896	1.699	2.925	0.988	1.013	0.772	0.929	0.571	0.526	0.652	0.714	0.481	0.541	0.533	0.559	0.652	0.769	0.727	0.536	0.645	0.816	0.774	0.704	0.612	0.875	0.528	0.504	0.666	0.584	0.474	0.529	0.803	0.834	0.643	0.516	0.722	0.571	0.546	0.832	1.105	0.527	0.480	0.543	0.498	0.536	0.533	0.476	0.467	0.358	0.619	0.728	0.794	0.557	0.496	0.535	0.496	0.578	0.503	0.689	0.558	0.542	0.561	0.618	0.597	0.524	0.597	0.625	0.659	0.690
2.219	2.116	2.123	2.335	2.105	1.389	1.198	1.039	0.893	0.502	0.510	0.374	0.339	0.338	0.271	0.311	0.365	0.310	0.239	0.293	0.364	0.247	0.210	0.251	0.216	0.194	0.202	0.193	0.199	0.151	0.028	0.004	0.028	0.144	0.242	0.215	0.236	0.259	0.284	0.319	1.085	1.170	0.849	1.052	1.893	3.078	1.245	1.188	0.928	0.942	0.645	0.549	0.678	0.755	0.544	0.541	0.528	0.613	0.702	0.747	0.734	0.530	0.604	0.645	0.758	0.726	0.524	0.720	0.550	0.434	0.501	0.494	0.476	0.342	0.688	0.834	0.553	0.436	0.767	0.778	0.581	0.785	1.112	0.635	0.598	0.680	0.623	0.617	0.633	0.653	0.512	0.502	0.816	0.597	0.804	0.694	0.580	0.415	0.387	0.814	0.542	0.582	0.592	0.632	0.571	0.626	0.741	0.654	0.621	0.709	0.726	0.793
2.188	2.087	2.037	2.336	1.995	1.247	1.100	1.068	0.845	0.515	0.604	0.564	0.371	0.388	0.546	0.439	0.377	0.330	0.513	0.308	0.403	0.296	0.259	0.300	0.277	0.242	0.216	0.241	0.239	0.183	0.150	0.028	0.004	0.028	0.163	0.225	0.267	0.289	0.270	0.315	0.884	0.863	0.830	1.060	1.813	2.736	0.988	0.920	0.790	0.882	0.751	0.638	0.743	0.892	0.680	0.649	0.707	0.760	0.701	0.759	0.775	0.680	0.738	0.721	0.859	0.824	0.663	0.675	0.775	0.695	0.649	0.615	0.786	0.685	0.648	0.781	0.496	0.418	0.844	0.719	0.718	0.970	1.235	0.711	0.722	0.726	0.637	0.819	0.835	0.678	0.676	0.531	0.512	0.451	0.459	0.414	0.352	0.334	0.315	0.575	0.481	0.590	0.600	0.604	0.580	0.648	0.636	0.604	0.600	0.649	0.778	0.744
2.103	2.011	1.928	2.214	1.844	1.143	1.074	0.935	0.865	0.584	0.598	0.543	0.478	0.457	0.443	0.576	0.500	0.409	0.469	0.447	0.477	0.400	0.490	0.380	0.262	0.329	0.367	0.224	0.232	0.181	0.263	0.144	0.028	0.004	0.028	0.173	0.312	0.187	0.228	0.332	0.649	1.087	1.140	0.989	1.556	2.503	0.948	0.854	0.707	0.885	0.611	0.562	0.594	0.695	0.567	0.572	0.563	0.525	0.527	0.611	0.580	0.572	0.599	0.543	0.684	0.678	0.462	0.457	0.525	0.448	0.347	0.314	0.193	0.262	0.434	0.478	0.490	0.440	0.698	0.816	0.756	1.155	1.325	0.823	0.757	0.847	0.836	0.841	0.814	0.848	0.790	0.478	0.731	0.811	0.691	0.597	0.684	0.759	0.694	0.691	0.726	0.800	0.658	0.680	0.811	0.741	0.676	0.690	0.827	0.814	0.825	0.697
2.160	2.074	2.113	2.265	2.118	1.457	1.239	0.977	0.896	0.506	0.521	0.422	0.365	0.348	0.295	0.363	0.385	0.318	0.255	0.300	0.371	0.269	0.224	0.257	0.237	0.213	0.196	0.220	0.236	0.224	0.177	0.242	0.163	0.028	0.004	0.028	0.195	0.279	0.424	0.409	1.020	1.319	1.075	0.980	1.772	3.138	1.015	1.013	0.787	0.904	0.588	0.511	0.623	0.717	0.489	0.520	0.508	0.552	0.590	0.694	0.675	0.541	0.624	0.605	0.835	0.744	0.515	0.568	0.540	0.452	0.486	0.510	0.363	0.315	0.592	0.794	0.607	0.583	0.653	0.618	0.561	0.862	1.155	0.577	0.536	0.587	0.532	0.609	0.591	0.530	0.523	0.377	0.599	0.550	0.677	0.473	0.401	0.400	0.366	0.590	0.443	0.606	0.538	0.533	0.505	0.576	0.755	0.535	0.549	0.724	0.739	0.823
2.231	2.130	2.123	2.379	2.110	1.405	1.215	1.061	0.910	0.506	0.516	0.403	0.356	0.355	0.306	0.338	0.387	0.334	0.263	0.313	0.400	0.288	0.229	0.286	0.286	0.230	0.211	0.249	0.256	0.226	0.206	0.215	0.225	0.173	0.028	0.004	0.028	0.179	0.367	0.466	1.197	1.253	1.014	1.075	1.894	3.103	1.156	1.085	0.911	0.917	0.712	0.594	0.667	0.789	0.620	0.554	0.528	0.649	0.703	0.682	0.681	0.575	0.627	0.565	0.810	0.785	0.468	0.512	0.608	0.484	0.408	0.491	0.617	0.347	0.439	0.654	0.542	0.426	0.842	0.791	0.643	0.872	1.188	0.690	0.657	0.676	0.628	0.735	0.709	0.643	0.623	0.490	0.668	0.526	0.523	0.669	0.540	0.518	0.466	0.815	0.709	0.727	0.805	0.853	0.799	0.704	1.021	0.850	0.826	0.970	0.935	0.978
2.164	2.075	2.028	2.332	1.995	1.270	1.109	1.039	0.846	0.517	0.573	0.528	0.401	0.390	0.457	0.491	0.389	0.350	0.439	0.317	0.398	0.325	0.323	0.290	0.318	0.301	0.226	0.265	0.320	0.254	0.217	0.236	0.267	0.312	0.195	0.028	0.004	0.029	0.184	0.324	0.860	0.931	0.755	0.812	1.565	2.670	1.115	0.997	0.856	0.933	0.739	0.607	0.684	0.800	0.631	0.633	0.629	0.665	0.690	0.754	0.753	0.714	0.748	0.674	0.832	0.795	0.627	0.606	0.716	0.670	0.502	0.581	0.730	0.521	0.434	0.427	0.518	0.491	0.802	0.793	0.707	0.968	1.240	0.731	0.724	0.757	0.684	0.796	0.813	0.736	0.665	0.533	0.666	0.546	0.556	0.691	0.504	0.427	0.465	0.557	0.472	0.551	0.569	0.540	0.531	0.631	0.661	0.589	0.672	0.792	0.744	0.757
2.251	2.196	2.192	2.311	2.154	1.517	1.377	1.024	1.040	0.847	0.857	0.816	0.781	0.758	0.724	0.902	0.811	0.728	0.717	0.756	0.737	0.662	0.804	0.676	0.467	0.549	0.688	0.376	0.300	0.419	0.349	0.259	0.289	0.187	0.279	0.179	0.029	0.004	0.029	0.240	0.482	1.413	0.942	0.914	1.494	2.822	0.948	0.978	0.832	1.007	0.696	0.681	0.718	0.760	0.675	0.735	0.714	0.645	0.713	0.802	0.749	0.755	0.801	0.752	0.927	0.837	0.737	0.715	0.793	0.750	0.710	0.759	0.712	0.715	0.791	0.448	0.586	0.418	0.412	0.784	0.764	1.175	1.392	0.793	0.717	0.694	0.703	0.819	0.733	0.650	0.725	0.533	0.621	0.672	0.703	0.562	0.420	0.463	0.437	0.518	0.382	0.514	0.503	0.476	0.400	0.439	0.675	0.494	0.685	0.760	0.877	0.647
2.116	2.035	2.101	2.261	2.104	1.432	1.229	0.959	0.881	0.554	0.572	0.514	0.443	0.408	0.392	0.521	0.453	0.368	0.371	0.373	0.416	0.332	0.372	0.344	0.315	0.303	0.293	0.296	0.309	0.281	0.287	0.284	0.270	0.228	0.424	0.367	0.184	0.029	0.004	0.029	0.337	1.468	1.293	1.235	1.655	2.956	1.067	0.984	0.805	0.903	0.642	0.518	0.595	0.713	0.529	0.553	0.528	0.550	0.607	0.701	0.676	0.658	0.702	0.620	0.822	0.727	0.594	0.591	0.675	0.557	0.524	0.513	0.556	0.600	0.646	0.515	0.509	0.444	0.610	0.720	0.626	0.927	1.200	0.662	0.638	0.683	0.621	0.717	0.714	0.660	0.603	0.451	0.639	0.543	0.534	0.645	0.477	0.443	0.450	0.519	0.438	0.483	0.470	0.467	0.445	0.462	0.741	0.541	0.832	0.835	0.996	0.717
2.195	2.113	2.067	2.363	2.023	1.300	1.148	1.021	0.863	0.569	0.603	0.537	0.476	0.437	0.476	0.588	0.477	0.412	0.458	0.412	0.442	0.375	0.474	0.348	0.343	0.333	0.335	0.316	0.355	0.315	0.312	0.319	0.315	0.332	0.409	0.466	0.324	0.240	0.029	0.004	0.029	0.765	0.640	0.748	1.318	2.480	1.200	1.048	0.920	1.000	0.796	0.648	0.671	0.760	0.655	0.673	0.600	0.631	0.742	0.771	0.739	0.762	0.766	0.646	0.769	0.760	0.607	0.584	0.723	0.598	0.488	0.515	0.647	0.477	0.488	0.449	0.399	0.377	0.577	0.853	0.761	0.975	1.181	0.759	0.789	0.854	0.759	0.829	0.883	0.850	0.710	0.582	0.822	0.673	0.676	0.781	0.626	0.574	0.657	0.637	0.456	0.496	0.539	0.501	0.384	0.417	0.728	0.468	0.698	0.724	0.786	0.601
2.476	2.369	2.369	2.700	2.288	1.559	1.402	1.330	1.175	0.878	0.837	0.803	0.818	0.878	0.902	0.840	0.917	0.891	0.827	0.873	0.979	0.899	0.777	0.937	0.955	0.860	0.850	0.988	0.960	0.829	0.927	1.085	0.884	0.649	1.020	1.197	0.860	0.482	0.337	0.029	0.003	0.029	0.551	0.663	1.334	2.025	1.458	1.301	1.197	1.254	1.088	0.908	0.922	1.070	0.949	0.894	0.887	0.948	0.965	0.901	0.872	0.895	0.888	0.754	0.858	0.930	0.690	0.653	0.786	0.713	0.524	0.552	0.671	0.502	0.492	0.466	0.402	0.454	0.648	1.107	0.961	1.067	1.251	0.976	1.055	1.096	0.975	1.077	1.193	1.086	0.943	0.866	0.895	0.782	0.795	0.921	0.836	0.739	0.772	0.815	0.722	0.638	0.726	0.833	0.631	0.585	0.959	0.751	0.765	0.871	0.673	0.450
2.593	2.446	2.408	2.699	2.345	1.591	1.434	1.324	1.167	0.954	0.949	0.917	0.958	0.882	0.861	1.010	1.004	0.881	0.811	1.004	0.998	0.841	0.953	1.028	0.957	0.816	1.003	1.093	0.914	0.881	1.145	1.170	0.863	1.087	1.319	1.253	0.931	1.413	1.468	0.765	0.029	0.004	0.033	0.446	0.979	2.007	1.287	1.183	1.052	1.061	0.840	0.706	0.774	0.832	0.721	0.781	0.762	0.772	0.856	0.919	0.920	0.851	0.904	0.900	0.950	0.901	0.964	1.036	0.822	0.993	1.275	1.244	0.983	1.401	1.741	1.538	1.383	1.563	1.284	1.018	0.827	0.996	1.204	0.858	0.887	0.958	0.832	0.905	1.016	0.911	0.768	0.738	0.799	0.652	0.645	0.809	0.732	0.688	0.615	0.746	0.784	0.755	0.723	0.888	0.961	0.890	1.233	1.101	1.314	1.385	1.536	1.179
2.410	2.302	2.196	2.654	2.105	1.409	1.324	1.475	1.173	1.109	1.196	1.152	0.997	0.941	1.068	1.146	0.891	0.894	1.093	0.893	0.879	0.884	1.106	0.847	0.816	0.849	0.864	0.836	0.794	0.840	0.875	0.849	0.830	1.140	1.075	1.014	0.755	0.942	1.293	0.640	0.551	0.033	0.004	0.029	0.694	1.177	1.851	1.636	1.504	1.503	1.438	1.373	1.329	1.330	1.317	1.357	1.234	1.223	1.385	1.353	1.264	1.358	1.464	1.304	1.206	1.467	1.439	1.289	1.293	1.539	1.415	1.325	1.594	1.576	1.406	1.206	1.345	1.361	1.833	1.560	1.405	1.476	1.556	1.435	1.438	1.523	1.469	1.439	1.479	1.522	1.381	1.088	1.245	1.346	1.242	1.176	1.485	1.522	1.283	1.498	1.704	1.650	1.554	1.841	2.002	1.912	1.801	2.146	2.374	2.455	2.620	1.888
2.706	2.608	2.552	2.954	2.449	1.610	1.458	1.400	1.267	1.029	1.042	0.995	0.928	0.993	1.112	1.011	0.976	1.014	1.022	0.917	1.037	1.011	0.954	0.918	1.020	0.929	0.861	0.969	1.010	0.841	0.896	1.052	1.060	0.989	0.980	1.075	0.812	0.914	1.235	0.748	0.663	0.446	0.029	0.004	0.029	0.619	2.211	1.981	1.810	1.739	1.569	1.411	1.296	1.354	1.374	1.307	1.176	1.226	1.346	1.205	1.116	1.215	1.265	1.074	1.022	1.277	1.138	1.015	1.056	1.198	1.141	1.102	1.174	1.307	1.393	1.213	1.237	1.325	1.387	1.903	1.641	1.687	1.834	1.738	1.729	1.852	1.742	1.675	1.797	1.775	1.532	1.310	1.433	1.383	1.240	1.415	1.602	1.420	1.318	1.604	1.613	1.408	1.471	1.822	1.724	1.543	1.958	2.102	1.919	1.761	2.239	2.040
3.279	3.207	3.139	3.549	3.093	2.291	2.099	1.985	1.901	1.733	1.762	1.702	1.693	1.733	1.732	1.736	1.782	1.783	1.665	1.717	1.824	1.754	1.677	1.744	1.839	1.677	1.662	1.818	1.798	1.604	1.699	1.893	1.813	1.556	1.772	1.894	1.565	1.494	1.655	1.318	1.334	0.979	0.694	0.029	0.004	0.029	2.564	2.472	2.339	2.192	1.936	1.821	1.760	1.702	1.773	1.800	1.654	1.686	1.871	1.754	1.727	1.734	1.725	1.611	1.678	1.750	1.665	1.599	1.595	1.717	1.811	1.717	1.628	2.071	2.123	1.789	1.872	1.901	2.213	2.376	2.094	2.108	2.224	2.173	2.113	2.245	2.135	1.973	2.125	2.098	1.901	1.903	2.017	1.752	1.689	1.966	1.881	1.648	1.650	1.873	1.718	1.543	1.590	1.912	1.759	1.587	2.116	2.036	2.050	1.973	2.131	1.797
4.201	4.095	3.936	4.390	3.923	3.155	2.961	2.817	2.809	2.534	2.520	2.466	2.582	2.590	2.453	2.561	2.751	2.703	2.395	2.728	2.874	2.703	2.535	2.849	2.887	2.632	2.752	2.978	2.834	2.649	2.925	3.078	2.736	2.503	3.138	3.103	2.670	2.822	2.956	2.480	2.025	2.007	1.177	0.619	0.029	0.003	3.196	3.241	3.102	2.914	2.562	2.381	2.290	2.283	2.356	2.326	2.228	2.274	2.399	2.284	2.320	2.252	2.172	2.148	2.358	2.163	2.126	2.207	2.186	2.101	2.358	2.340	2.035	2.515	2.814	2.583	2.462	2.419	2.386	2.992	2.686	2.574	2.640	2.784	2.773	2.920	2.752	2.574	2.810	2.750	2.473	2.624	2.679	2.305	2.281	2.651	2.394	2.112	2.185	2.387	2.127	1.878	1.981	2.327	2.032	1.767	2.454	2.481	2.311	2.062	2.305	1.830
2.344	2.276	2.485	3.846	3.089	2.590	2.287	2.211	1.684	1.278	1.366	1.109	0.929	1.149	1.195	0.951	1.110	1.333	0.890	1.021	1.330	1.436	0.989	1.113	1.567	0.822	0.984	1.255	1.161	0.911	0.988	1.245	0.988	0.948	1.015	1.156	1.115	0.948	1.067	1.200	1.458	1.287	1.851	2.211	2.564	3.196	0.003	0.028	0.473	0.197	0.238	0.617	0.611	0.630	0.722	0.680	0.476	0.985	1.078	0.959	0.712	0.923	1.451	0.987	1.105	1.270	1.335	1.052	1.114	1.439	1.297	1.202	1.460	1.436	1.266	1.226	1.211	1.131	1.364	0.042	0.389	0.544	1.014	0.786	0.423	0.635	0.728	0.607	0.837	0.750	0.722	0.788	1.115	1.095	1.120	1.011	0.986	1.176	1.059	1.000	1.501	1.306	1.083	1.227	1.344	1.239	1.161	1.262	1.509	1.177	1.367	1.216
1.931	2.152	2.282	3.552	2.717	2.358	2.067	2.216	1.566	1.327	1.430	1.201	1.097	1.182	1.364	1.160	1.155	1.319	1.111	1.137	1.253	1.443	1.070	1.144	1.493	0.838	1.027	1.207	1.137	0.938	1.013	1.188	0.920	0.854	1.013	1.085	0.997	0.978	0.984	1.048	1.301	1.183	1.636	1.981	2.472	3.241	0.028	0.004	0.028	0.223	0.269	0.533	0.517	0.767	0.855	0.397	0.461	1.204	0.819	0.582	0.639	0.898	0.927	0.678	1.003	0.953	0.864	0.816	0.924	0.945	0.872	0.898	1.050	0.972	0.983	1.022	0.910	0.843	0.973	0.370	0.393	0.322	0.508	0.479	0.254	0.569	0.518	0.538	0.858	0.678	0.552	0.820	1.055	0.847	0.862	1.009	0.836	0.831	0.781	0.867	1.106	0.916	0.779	0.928	0.865	0.825	0.844	0.868	1.036	0.834	1.012	1.016
1.656	1.999	2.320	3.588	2.783	2.454	2.199	2.238	1.496	1.313	1.459	1.364	1.073	1.053	1.273	1.035	0.947	0.944	0.923	0.892	0.975	1.116	0.819	0.868	1.283	0.719	0.783	0.896	0.882	0.738	0.772	0.928	0.790	0.707	0.787	0.911	0.856	0.832	0.805	0.920	1.197	1.052	1.504	1.810	2.339	3.102	0.473	0.028	0.004	0.028	0.222	0.453	0.371	0.765	0.727	0.373	0.532	0.991	0.629	0.529	0.607	0.828	0.729	0.599	0.856	0.752	0.666	0.749	0.824	0.692	0.746	0.686	0.817	0.716	0.969	0.853	0.762	0.687	0.813	0.734	0.556	0.631	0.545	0.463	0.373	0.507	0.466	0.583	0.796	0.637	0.617	0.747	0.941	0.669	0.673	0.923	0.781	0.807	0.634	0.767	0.982	0.759	0.638	0.807	0.699	0.653	0.684	0.757	0.969	0.748	0.934	0.893
1.498	1.892	2.030	3.210	2.289	2.057	1.782	2.090	1.446	1.483	1.646	1.574	1.301	1.143	1.641	1.344	1.082	1.080	1.219	1.116	0.995	1.262	1.014	1.034	1.252	0.907	0.966	0.994	0.936	0.903	0.929	0.942	0.882	0.885	0.904	0.917	0.933	1.007	0.903	1.000	1.254	1.061	1.503	1.739	2.192	2.914	0.197	0.223	0.028	0.004	0.028	0.348	0.292	0.882	0.721	0.595	0.799	1.292	0.766	0.753	0.835	0.931	0.777	0.800	0.998	0.820	0.790	0.928	0.934	0.779	0.856	0.818	0.861	0.800	1.098	0.959	0.866	0.818	0.905	0.360	0.416	0.507	0.617	0.273	0.217	0.401	0.364	0.535	0.770	0.650	0.813	0.906	0.959	0.751	0.767	0.977	0.822	0.930	0.754	0.775	1.038	0.857	0.736	0.788	0.753	0.744	0.750	0.802	1.028	0.852	1.026	0.952
1.708	1.928	2.260	2.946	2.086	2.057	1.859	2.160	1.176	0.902	1.036	1.066	0.825	0.971	0.701	0.759	0.749	0.986	0.642	0.624	0.895	0.724	0.593	0.615	1.104	0.600	0.572	0.602	0.662	0.572	0.571	0.645	0.751	0.611	0.588	0.712	0.739	0.696	0.642	0.796	1.088	0.840	1.438	1.569	1.936	2.562	0.238	0.269	0.222	0.028	0.004	0.034	0.335	0.495	0.494	0.434	0.553	0.698	0.568	0.547	0.568	0.772	0.664	0.590	0.746	0.688	0.651	0.656	0.787	0.634	0.746	0.625	0.732	0.658	0.984	0.784	0.709	0.622	0.794	0.580	0.490	0.648	0.750	0.411	0.458	0.528	0.459	0.498	0.624	0.555	0.950	0.707	0.729	0.589	0.586	0.717	0.781	1.059	0.584	0.613	1.033	0.769	0.597	0.699	0.720	0.642	0.635	0.778	1.027	0.786	0.931	0.796
1.813	1.969	2.306	2.956	2.154	2.210	2.049	2.366	1.354	1.003	1.127	0.808	0.746	1.104	0.805	0.612	0.735	1.123	0.452	0.618	0.857	0.662	0.636	0.659	0.917	0.486	0.573	0.572	0.575	0.521	0.526	0.549	0.638	0.562	0.511	0.594	0.607	0.681	0.518	0.648	0.908	0.706	1.373	1.411	1.821	2.381	0.617	0.533	0.453	0.348	0.034	0.004	0.029	0.210	0.264	0.217	0.298	0.255	0.415	0.452	0.581	0.651	0.688	0.535	0.636	0.631	0.621	0.656	0.722	0.596	0.750	0.622	0.666	0.605	0.952	0.863	0.671	0.533	0.712	0.614	0.310	0.304	0.741	0.481	0.557	0.619	0.554	0.249	0.468	0.438	0.903	0.649	0.538	0.445	0.434	0.464	0.787	1.066	0.460	0.529	1.018	0.733	0.508	0.689	0.720	0.574	0.563	0.824	1.052	0.785	0.911	0.699
2.016	2.011	2.370	2.821	2.028	2.060	1.946	2.383	1.510	1.101	1.297	0.848	0.844	1.249	1.071	0.755	0.895	1.392	0.555	0.768	0.925	0.725	0.716	0.793	0.953	0.596	0.693	0.706	0.694	0.625	0.652	0.678	0.743	0.594	0.623	0.667	0.684	0.718	0.595	0.671	0.922	0.774	1.329	1.296	1.760	2.290	0.611	0.517	0.371	0.292	0.335	0.029	0.004	0.028	0.184	0.284	0.346	0.318	0.363	0.448	0.564	0.588	0.566	0.478	0.548	0.519	0.524	0.662	0.665	0.493	0.779	0.534	0.548	0.513	1.011	0.819	0.628	0.542	0.704	0.735	0.408	0.560	0.786	0.537	0.592	0.519	0.445	0.390	0.415	0.406	1.049	0.688	0.538	0.634	0.505	0.512	0.860	1.165	0.534	0.640	1.144	0.814	0.612	0.710	0.792	0.636	0.640	0.845	1.091	0.829	0.920	0.737
1.829	1.813	2.030	2.617	1.661	1.470	1.313	1.789	1.104	0.821	1.092	0.891	0.581	0.958	0.254	0.530	0.772	1.293	0.476	0.641	1.036	0.773	0.718	0.763	1.131	0.694	0.716	0.740	0.785	0.701	0.714	0.755	0.892	0.695	0.717	0.789	0.800	0.760	0.713	0.760	1.070	0.832	1.330	1.354	1.702	2.283	0.630	0.767	0.765	0.882	0.495	0.210	0.028	0.004	0.028	0.184	0.373	0.278	0.480	0.448	0.568	0.717	0.592	0.524	0.804	0.688	0.586	0.784	0.831	0.662	0.733	0.732	0.781	0.679	0.924	0.954	0.797	0.670	0.755	0.506	0.568	0.544	0.727	0.440	0.534	0.521	0.334	0.401	0.567	0.442	0.818	0.715	0.661	0.603	0.571	0.655	0.669	1.020	0.592	0.578	0.931	0.697	0.555	0.576	0.600	0.613	0.580	0.602	0.843	0.634	0.730	0.750
1.777	1.993	1.979	2.870	1.805	1.455	1.235	1.791	0.994	0.698	0.869	0.701	0.470	0.650	0.504	0.396	0.475	0.720	0.329	0.405	0.714	0.651	0.566	0.524	1.005	0.464	0.498	0.493	0.582	0.501	0.481	0.544	0.680	0.567	0.489	0.620	0.631	0.675	0.529	0.655	0.949	0.721	1.317	1.374	1.773	2.356	0.722	0.855	0.727	0.721	0.494	0.264	0.184	0.028	0.004	0.028	0.195	0.238	0.474	0.473	0.546	0.704	0.629	0.568	0.752	0.695	0.636	0.705	0.753	0.664	0.727	0.699	0.734	0.678	0.895	0.905	0.724	0.553	0.698	0.577	0.623	0.539	0.629	0.405	0.288	0.297	0.348	0.222	0.403	0.395	0.720	0.683	0.839	0.506	0.437	0.609	0.671	0.967	0.461	0.513	0.935	0.664	0.469	0.537	0.563	0.529	0.500	0.590	0.842	0.618	0.738	0.672
1.838	1.904	2.053	2.709	1.710	1.577	1.461	1.966	1.173	0.967	1.086	0.884	0.761	0.875	0.872	0.620	0.601	0.992	0.423	0.497	0.570	0.528	0.628	0.548	0.581	0.423	0.568	0.529	0.558	0.556	0.541	0.541	0.649	0.572	0.520	0.554	0.633	0.735	0.553	0.673	0.894	0.781	1.357	1.307	1.800	2.326	0.680	0.397	0.373	0.595	0.434	0.217	0.284	0.184	0.028	0.004	0.029	0.204	0.246	0.389	0.629	0.543	0.543	0.508	0.536	0.499	0.527	0.604	0.606	0.494	0.766	0.546	0.531	0.517	1.007	0.796	0.609	0.529	0.721	1.018	0.587	1.087	1.014	0.710	0.503	0.495	0.647	0.713	0.456	0.561	1.089	0.630	0.597	0.768	0.519	0.542	1.114	1.197	0.596	0.773	1.197	0.857	0.710	0.825	0.827	0.661	0.713	0.894	1.070	0.887	0.928	0.805
1.779	1.794	1.857	2.474	1.483	1.192	1.073	1.629	0.951	0.802	0.851	0.727	0.684	0.929	0.959	0.553	0.626	1.031	0.404	0.490	0.539	0.504	0.591	0.559	0.547	0.423	0.600	0.524	0.531	0.535	0.533	0.528	0.707	0.563	0.508	0.528	0.629	0.714	0.528	0.600	0.887	0.762	1.234	1.176	1.654	2.228	0.476	0.461	0.532	0.799	0.553	0.298	0.346	0.373	0.195	0.029	0.004	0.028	0.169	0.263	0.565	0.590	0.439	0.428	0.561	0.517	0.475	0.698	0.606	0.510	0.770	0.572	0.556	0.533	0.979	0.822	0.649	0.531	0.669	0.774	0.466	0.802	0.853	0.535	0.432	0.429	0.508	0.637	0.541	0.531	0.897	0.479	0.470	0.839	0.445	0.486	0.798	1.047	0.524	0.635	1.022	0.754	0.578	0.642	0.657	0.573	0.573	0.635	0.888	0.687	0.777	0.691
1.864	2.137	1.910	2.658	1.724	1.109	1.006	1.444	0.943	0.877	0.927	0.730	0.580	0.620	0.710	0.577	0.596	0.612	0.201	0.490	0.662	0.415	0.533	0.601	0.691	0.613	0.553	0.574	0.648	0.542	0.559	0.613	0.760	0.525	0.552	0.649	0.665	0.645	0.550	0.631	0.948	0.772	1.223	1.226	1.686	2.274	0.985	1.204	0.991	1.292	0.698	0.255	0.318	0.278	0.238	0.204	0.028	0.004	0.029	0.249	0.255	0.586	0.516	0.406	0.636	0.608	0.537	0.589	0.675	0.590	0.619	0.594	0.646	0.601	0.778	0.769	0.655	0.519	0.667	0.520	0.524	0.574	0.831	0.423	0.467	0.517	0.498	0.420	0.641	0.490	0.520	0.353	0.528	0.755	0.507	0.571	0.649	0.907	0.523	0.574	0.736	0.666	0.513	0.544	0.547	0.548	0.523	0.529	0.797	0.604	0.710	0.690
1.920	1.971	1.908	2.593	1.569	1.096	0.958	1.536	0.847	0.704	0.750	0.665	0.490	0.586	0.771	0.484	0.395	0.626	0.354	0.374	0.392	0.500	0.533	0.527	0.647	0.532	0.530	0.687	0.719	0.635	0.652	0.702	0.701	0.527	0.590	0.703	0.690	0.713	0.607	0.742	0.965	0.856	1.385	1.346	1.871	2.399	1.078	0.819	0.629	0.766	0.568	0.415	0.363	0.480	0.474	0.246	0.169	0.029	0.004	0.029	0.178	0.204	0.266	0.250	0.257	0.315	0.317	0.322	0.477	0.307	0.407	0.317	0.376	0.361	0.679	0.583	0.463	0.463	0.661	1.122	0.914	1.295	1.454	1.162	0.955	0.832	0.769	1.012	0.666	0.398	0.298	0.334	0.752	1.123	0.742	0.873	1.283	1.107	0.723	1.009	1.120	0.834	0.799	0.914	0.751	0.636	0.741	0.821	0.949	0.829	0.839	0.856
