0.003	0.028	0.673	0.527	2.194	1.795	1.890	1.826	1.810	2.019	2.006	2.047	2.124	1.988	1.953	1.983	1.808	1.915	1.858	1.767	1.625	1.663	1.598	1.404	1.591	1.487	1.376	1.518	1.418	1.399	1.340	1.435	1.402	1.379	1.412	1.423	1.393	1.605	1.562	1.464	1.454	2.231	2.089	2.758	3.945	4.152	2.259	2.187	2.189	2.208	2.043	2.048	1.950	1.940	1.975	1.905	1.822	1.866	1.784	1.753	1.618	1.618	1.647	1.581	1.554	1.524	1.505	1.452	1.525	1.458	1.549	1.486	1.473	1.434	1.775	1.946	1.575	2.207	2.857	2.133	1.985	1.986	2.011	1.955	1.953	1.813	1.835	2.127	1.692	1.676	1.790	1.626	1.586	1.576	1.680	1.625	1.533	1.542	1.510	1.571	1.511	1.632	1.497	1.530	1.501	1.572	1.658	1.613	1.494	2.116	2.107	5.086
0.028	0.004	0.029	0.390	0.857	1.118	1.283	1.144	1.351	1.362	1.309	1.323	1.429	1.236	1.171	1.426	1.172	1.206	1.157	1.259	1.224	1.204	1.261	1.497	1.489	1.342	1.398	1.792	1.500	1.457	1.530	1.698	1.614	1.418	1.687	1.696	1.643	1.716	1.845	1.750	1.621	2.349	2.295	2.837	3.965	4.284	1.788	1.560	1.582	1.426	1.345	1.269	1.196	1.179	1.195	1.151	1.202	1.274	1.212	1.404	1.276	1.259	1.292	1.415	1.370	1.284	1.376	1.342	1.390	1.303	1.462	1.406	1.360	1.337	1.765	1.836	1.470	1.996	2.713	1.774	1.395	1.380	1.263	1.240	1.320	1.247	1.129	1.281	1.192	1.144	1.155	1.134	1.306	1.156	1.243	1.683	1.339	1.254	1.433	1.592	1.449	1.292	1.545	1.581	1.499	1.546	1.673	1.597	1.707	2.490	2.518	5.586
0.673	0.029	0.004	0.028	0.458	1.212	1.186	1.540	1.604	1.271	1.430	1.381	1.639	1.674	1.564	1.622	1.709	2.024	1.719	1.693	1.824	1.821	1.719	1.868	2.052	1.844	1.766	2.139	1.911	1.869	1.867	1.985	1.935	1.950	1.943	1.986	1.948	2.061	2.031	1.974	1.913	2.653	2.460	3.128	4.344	4.463	2.377	2.252	2.244	2.198	1.936	1.923	1.738	1.856	1.995	1.715	1.626	1.960	1.743	1.592	1.665	1.707	1.665	1.734	1.839	1.712	1.713	1.818	1.939	1.788	1.917	1.997	1.939	1.857	2.297	2.562	2.117	2.769	3.469	2.138	1.844	1.809	2.041	2.127	2.182	2.135	2.072	2.156	2.053	2.034	2.044	1.987	2.041	1.983	1.983	2.078	1.983	1.964	2.011	2.025	1.990	2.033	2.072	2.052	2.054	2.214	2.261	2.219	2.008	2.290	2.069	5.024
0.527	0.390	0.028	0.004	0.028	0.410	0.657	0.641	0.885	0.892	0.770	0.858	1.101	0.891	0.822	1.108	1.079	1.135	0.991	1.130	1.146	1.132	1.116	1.420	1.383	1.216	1.284	1.671	1.357	1.306	1.373	1.523	1.440	1.314	1.516	1.511	1.469	1.622	1.632	1.560	1.477	2.297	2.034	2.673	3.760	4.034	1.752	1.448	1.496	1.362	1.098	1.054	0.968	0.977	1.004	0.952	0.946	1.101	0.963	1.036	1.025	1.029	1.019	1.203	1.229	1.082	1.170	1.267	1.275	1.162	1.343	1.361	1.272	1.272	1.756	1.756	1.407	1.729	2.804	1.707	1.256	1.232	1.321	1.413	1.497	1.476	1.260	1.246	1.464	1.344	1.070	1.230	1.564	1.292	1.117	1.730	1.408	1.192	1.374	1.592	1.416	1.300	1.422	1.481	1.380	1.364	1.524	1.452	1.488	2.278	2.264	5.191
2.194	0.857	0.458	0.028	0.004	0.029	0.524	0.860	1.151	0.848	0.814	0.764	1.056	1.171	1.025	1.079	1.456	1.731	1.349	1.383	1.602	1.641	1.460	1.718	2.035	1.667	1.504	1.913	1.788	1.677	1.607	1.916	1.834	1.501	1.800	1.864	1.800	1.822	1.947	1.908	1.975	2.740	2.318	2.848	3.760	4.127	2.195	1.862	1.913	1.848	1.383	1.375	1.205	1.407	1.460	1.230	1.121	1.564	1.264	1.071	1.198	1.274	1.183	1.170	1.459	1.236	1.158	1.325	1.467	1.247	1.292	1.392	1.341	1.272	1.680	1.723	1.406	1.618	2.836	1.970	1.501	1.466	1.838	2.068	2.209	2.272	2.020	1.789	2.317	2.133	1.677	1.952	2.355	2.033	1.664	2.436	2.122	1.754	1.902	2.249	2.030	1.756	1.900	2.019	1.876	1.689	1.982	1.980	1.789	2.581	2.686	5.285
1.795	1.118	1.212	0.410	0.029	0.004	0.028	0.417	0.613	0.630	0.560	0.573	0.953	0.786	0.660	0.982	1.256	1.187	1.025	1.229	1.400	1.351	1.256	1.657	1.760	1.456	1.419	1.949	1.614	1.515	1.511	1.736	1.657	1.400	1.683	1.705	1.645	1.759	1.781	1.742	1.642	2.581	2.182	2.733	3.663	3.980	1.736	1.389	1.488	1.362	0.962	0.930	0.805	0.934	0.949	0.830	0.884	1.165	0.940	0.948	1.062	1.079	1.026	1.139	1.331	1.131	1.127	1.319	1.326	1.171	1.256	1.329	1.250	1.197	1.629	1.636	1.330	1.496	2.755	1.675	1.149	1.128	1.259	1.399	1.474	1.462	1.252	1.176	1.536	1.380	1.075	1.359	1.683	1.410	1.243	1.994	1.610	1.319	1.630	1.867	1.641	1.433	1.676	1.734	1.595	1.530	1.705	1.659	1.710	2.435	2.463	5.208
1.890	1.283	1.186	0.657	0.524	0.028	0.004	0.028	0.329	0.813	0.635	0.723	0.866	0.729	0.559	0.858	1.148	1.035	0.818	1.003	1.157	1.089	0.993	1.394	1.473	1.133	1.170	1.756	1.273	1.182	1.252	1.356	1.307	1.174	1.402	1.366	1.304	1.643	1.438	1.388	1.240	2.233	1.870	2.299	3.232	3.559	1.665	1.319	1.427	1.297	0.911	0.865	0.755	0.840	0.832	0.746	0.741	0.973	0.763	0.839	0.830	0.838	0.840	1.070	1.058	0.915	1.038	1.291	1.086	1.012	1.238	1.255	1.123	1.165	1.573	1.604	1.265	1.393	2.847	1.667	1.101	1.071	1.141	1.294	1.424	1.388	1.147	1.094	1.437	1.280	0.971	1.222	1.479	1.236	1.028	1.723	1.353	1.068	1.315	1.542	1.319	1.125	1.346	1.380	1.252	1.273	1.351	1.334	1.393	1.916	1.921	4.697
1.826	1.144	1.540	0.641	0.860	0.417	0.028	0.004	0.033	0.300	0.595	0.398	0.644	0.964	0.711	0.656	1.211	1.276	0.898	0.882	1.118	1.140	0.964	1.193	1.452	1.086	1.005	1.528	1.146	1.051	1.009	1.142	1.188	0.992	1.115	1.148	1.092	1.533	1.143	1.130	1.146	1.938	1.677	1.890	2.731	3.132	1.923	1.655	1.863	1.683	1.234	1.211	0.997	1.153	1.147	0.931	0.832	1.178	0.946	0.768	0.820	0.860	0.821	0.948	0.941	0.850	0.908	1.228	0.989	0.896	1.066	1.147	1.009	1.005	1.475	1.530	1.146	1.311	3.031	1.778	1.323	1.269	1.487	1.680	1.752	1.701	1.547	1.496	1.667	1.559	1.368	1.403	1.572	1.422	1.227	1.687	1.410	1.279	1.297	1.459	1.345	1.203	1.307	1.340	1.284	1.292	1.330	1.394	1.335	1.589	1.567	4.230
1.810	1.351	1.604	0.885	1.151	0.613	0.329	0.033	0.004	0.028	0.463	0.313	1.185	0.740	0.633	0.960	1.230	0.980	0.881	1.060	1.091	1.018	0.995	1.287	1.339	1.033	1.224	1.525	1.117	1.082	1.169	1.165	1.154	1.192	1.196	1.174	1.152	1.682	1.199	1.173	1.209	1.918	1.730	1.833	2.605	3.026	1.477	1.208	1.349	1.255	0.890	0.845	0.783	0.881	0.865	0.791	0.891	0.979	0.862	0.948	0.982	0.948	0.967	1.348	1.159	1.072	1.267	1.637	1.204	1.211	1.501	1.497	1.330	1.395	1.795	1.760	1.503	1.632	3.131	1.443	1.033	0.982	1.069	1.238	1.429	1.372	1.104	1.077	1.384	1.235	0.959	1.162	1.347	1.140	0.988	1.524	1.195	1.032	1.126	1.301	1.138	1.105	1.154	1.161	1.103	1.200	1.146	1.155	1.301	1.495	1.505	4.141
2.019	1.362	1.271	0.892	0.848	0.630	0.813	0.300	0.028	0.004	0.033	0.265	0.306	0.449	0.361	0.339	0.430	0.551	0.375	0.408	0.535	0.547	0.449	0.548	0.694	0.561	0.597	0.831	0.495	0.474	0.531	0.508	0.595	0.648	0.539	0.518	0.517	1.242	0.582	0.558	1.033	1.469	1.224	1.293	2.203	2.611	1.258	0.992	1.187	0.998	0.645	0.644	0.573	0.531	0.481	0.558	0.525	0.545	0.508	0.678	0.580	0.538	0.673	0.962	0.668	0.623	0.920	1.209	0.693	0.751	1.126	0.984	0.843	1.050	1.540	1.316	1.020	1.142	2.989	1.367	0.892	0.846	0.718	0.778	0.952	0.844	0.696	0.716	0.852	0.763	0.660	0.814	0.819	0.695	0.614	1.076	0.735	0.754	0.694	0.806	0.698	0.847	0.748	0.718	0.718	0.862	0.704	0.727	1.075	0.962	0.966	3.563
2.006	1.309	1.430	0.770	0.814	0.560	0.635	0.595	0.463	0.033	0.004	0.033	0.190	0.226	0.199	0.244	0.257	0.519	0.386	0.282	0.342	0.493	0.347	0.387	0.527	0.550	0.526	0.516	0.361	0.382	0.424	0.372	0.536	0.577	0.408	0.381	0.422	1.015	0.466	0.457	1.174	1.274	1.090	1.158	2.049	2.513	1.213	0.970	1.226	0.998	0.722	0.790	0.608	0.457	0.432	0.591	0.568	0.505	0.529	0.665	0.618	0.563	0.669	0.886	0.664	0.627	0.782	1.085	0.667	0.702	0.919	0.858	0.750	0.806	1.308	1.152	0.857	1.034	2.999	1.295	0.916	0.863	0.778	0.816	0.972	0.883	0.763	0.728	0.796	0.726	0.656	0.737	0.698	0.592	0.556	0.938	0.624	0.734	0.615	0.671	0.604	0.837	0.658	0.623	0.648	0.788	0.615	0.674	1.049	0.846	0.828	3.308
2.047	1.323	1.381	0.858	0.764	0.573	0.723	0.398	0.313	0.265	0.033	0.004	0.028	0.166	0.263	0.182	0.229	0.255	0.434	0.241	0.250	0.324	0.362	0.397	0.333	0.487	0.548	0.394	0.324	0.405	0.438	0.366	0.494	0.630	0.423	0.388	0.450	1.131	0.489	0.464	1.109	1.235	1.133	1.054	1.925	2.420	1.188	0.973	1.118	0.989	0.588	0.521	0.507	0.375	0.359	0.509	0.384	0.383	0.382	0.550	0.506	0.459	0.576	0.839	0.611	0.571	0.771	1.113	0.664	0.685	0.911	0.907	0.788	0.837	1.367	1.259	0.913	1.025	3.037	1.308	0.952	0.850	0.741	0.693	0.823	0.749	0.693	0.655	0.717	0.652	0.656	0.684	0.635	0.530	0.495	0.921	0.570	0.704	0.588	0.625	0.571	0.819	0.652	0.598	0.695	0.857	0.651	0.653	1.055	0.779	0.728	3.226
2.124	1.429	1.639	1.101	1.056	0.953	0.866	0.644	1.185	0.306	0.190	0.028	0.004	0.028	0.149	0.229	0.226	0.258	0.246	0.257	0.331	0.323	0.286	0.552	0.416	0.344	0.501	0.629	0.335	0.314	0.403	0.363	0.471	0.526	0.422	0.384	0.373	1.164	0.483	0.452	0.970	1.351	1.155	1.212	2.131	2.557	1.150	0.965	1.100	0.952	0.555	0.434	0.463	0.418	0.322	0.468	0.360	0.419	0.364	0.569	0.450	0.416	0.493	0.801	0.549	0.496	0.743	1.027	0.581	0.608	0.920	0.858	0.708	0.816	1.333	1.256	0.881	1.055	2.853	1.228	0.909	0.781	0.671	0.646	0.811	0.714	0.592	0.658	0.756	0.637	0.558	0.660	0.690	0.568	0.492	1.075	0.626	0.643	0.631	0.737	0.612	0.796	0.671	0.642	0.634	0.788	0.625	0.625	0.993	0.910	0.878	3.609
1.988	1.236	1.674	0.891	1.171	0.786	0.729	0.964	0.740	0.449	0.226	0.166	0.028	0.004	0.028	0.148	0.223	0.272	0.322	0.313	0.390	0.399	0.346	0.428	0.613	0.435	0.466	0.681	0.403	0.377	0.433	0.412	0.564	0.494	0.427	0.428	0.421	0.925	0.481	0.492	1.129	1.339	1.093	1.300	2.190	2.604	1.365	1.249	1.306	1.193	0.789	0.654	0.456	0.493	0.450	0.420	0.468	0.544	0.457	0.524	0.496	0.472	0.489	0.683	0.609	0.503	0.591	0.925	0.603	0.563	0.763	0.745	0.612	0.624	1.072	1.079	0.743	1.023	2.813	1.173	1.002	0.918	0.971	0.988	1.129	1.004	0.781	0.955	0.818	0.745	0.608	0.690	0.751	0.644	0.564	1.078	0.683	0.689	0.662	0.777	0.665	0.817	0.692	0.678	0.647	0.764	0.645	0.687	0.973	1.027	0.970	3.604
1.953	1.171	1.564	0.822	1.025	0.660	0.559	0.711	0.633	0.361	0.199	0.263	0.149	0.028	0.004	0.029	0.156	0.267	0.189	0.202	0.218	0.346	0.269	0.254	0.360	0.452	0.440	0.347	0.295	0.316	0.366	0.315	0.488	0.490	0.340	0.330	0.364	0.832	0.391	0.404	1.192	1.205	1.049	1.094	1.962	2.447	0.964	0.858	1.021	0.854	0.444	0.392	0.456	0.189	0.285	0.474	0.529	0.427	0.490	0.620	0.564	0.477	0.589	0.800	0.587	0.520	0.663	0.951	0.585	0.578	0.799	0.734	0.612	0.644	1.093	1.048	0.727	0.993	2.936	0.950	0.879	0.718	0.620	0.584	0.698	0.642	0.555	0.550	0.690	0.591	0.559	0.685	0.613	0.506	0.490	0.914	0.552	0.714	0.574	0.624	0.561	0.796	0.628	0.585	0.617	0.772	0.601	0.626	0.990	0.828	0.780	3.270
1.983	1.426	1.622	1.108	1.079	0.982	0.858	0.656	0.960	0.339	0.244	0.182	0.229	0.148	0.029	0.004	0.029	0.156	0.174	0.203	0.224	0.283	0.341	0.321	0.275	0.325	0.576	0.347	0.268	0.354	0.429	0.308	0.449	0.685	0.395	0.341	0.432	1.178	0.475	0.441	1.041	1.249	1.121	1.059	1.933	2.433	1.034	0.903	0.993	0.891	0.624	0.407	0.471	0.386	0.323	0.419	0.364	0.353	0.364	0.700	0.528	0.500	0.591	0.846	0.601	0.594	0.810	1.126	0.705	0.718	0.919	0.979	0.848	0.863	1.384	1.377	0.992	1.088	2.955	0.983	0.878	0.709	0.645	0.578	0.637	0.604	0.541	0.595	0.697	0.541	0.547	0.633	0.640	0.502	0.474	1.086	0.604	0.634	0.621	0.688	0.599	0.794	0.668	0.629	0.668	0.824	0.641	0.635	1.032	0.825	0.784	3.391
1.808	1.172	1.709	1.079	1.456	1.256	1.148	1.211	1.230	0.430	0.257	0.229	0.226	0.223	0.156	0.029	0.004	0.028	0.154	0.264	0.153	0.271	0.260	0.466	0.399	0.310	0.401	0.692	0.327	0.308	0.369	0.335	0.488	0.464	0.384	0.357	0.345	0.987	0.442	0.436	1.031	1.351	1.129	1.294	2.219	2.623	1.505	1.250	1.105	0.964	0.646	0.410	0.416	0.362	0.359	0.334	0.359	0.505	0.418	0.525	0.494	0.461	0.491	0.645	0.609	0.498	0.579	0.864	0.613	0.563	0.787	0.753	0.616	0.626	1.034	1.119	0.774	1.110	2.740	1.082	0.875	0.699	0.681	0.669	0.880	0.763	0.611	0.738	0.767	0.657	0.583	0.686	0.718	0.597	0.530	1.158	0.684	0.622	0.698	0.811	0.670	0.810	0.690	0.687	0.657	0.767	0.643	0.649	0.956	1.052	0.971	3.723
1.915	1.206	2.024	1.135	1.731	1.187	1.035	1.276	0.980	0.551	0.519	0.255	0.258	0.272	0.267	0.156	0.028	0.004	0.029	0.155	0.249	0.279	0.273	0.285	0.536	0.361	0.312	0.464	0.360	0.342	0.356	0.360	0.536	0.435	0.365	0.375	0.375	0.644	0.410	0.440	1.199	1.257	1.051	1.239	2.106	2.543	1.235	1.286	0.927	1.047	0.637	0.523	0.342	0.277	0.483	0.340	0.428	0.562	0.422	0.427	0.441	0.433	0.424	0.525	0.629	0.448	0.476	0.832	0.638	0.513	0.679	0.678	0.572	0.555	0.884	0.944	0.671	1.029	2.819	0.977	0.847	0.753	0.795	0.803	0.840	0.831	0.793	0.903	0.897	0.831	0.608	0.727	0.830	0.654	0.546	1.083	0.655	0.621	0.651	0.732	0.638	0.821	0.659	0.647	0.632	0.748	0.623	0.648	0.932	1.006	0.886	3.502
1.858	1.157	1.719	0.991	1.349	1.025	0.818	0.898	0.881	0.375	0.386	0.434	0.246	0.322	0.189	0.174	0.154	0.029	0.004	0.029	0.161	0.253	0.192	0.218	0.244	0.370	0.304	0.249	0.247	0.246	0.299	0.270	0.450	0.430	0.284	0.280	0.306	0.639	0.339	0.359	1.158	1.143	1.028	1.020	1.874	2.420	1.016	1.006	0.901	0.897	0.850	0.650	0.783	0.484	0.429	0.318	0.206	0.267	0.288	0.448	0.615	0.617	0.602	0.738	0.685	0.716	0.731	1.001	0.660	0.750	0.847	0.776	0.710	0.765	1.098	1.004	0.805	1.023	2.950	0.976	0.993	0.849	0.738	0.675	0.646	0.593	0.587	0.683	0.705	0.517	0.538	0.630	0.629	0.479	0.452	0.992	0.581	0.641	0.593	0.636	0.570	0.808	0.649	0.607	0.645	0.792	0.620	0.616	0.991	0.834	0.750	3.267
1.767	1.259	1.693	1.130	1.383	1.229	1.003	0.882	1.060	0.408	0.282	0.241	0.257	0.313	0.202	0.203	0.264	0.155	0.029	0.004	0.029	0.164	0.235	0.167	0.238	0.225	0.355	0.261	0.222	0.225	0.281	0.243	0.380	0.436	0.269	0.271	0.273	0.848	0.348	0.356	0.989	1.237	1.077	1.079	1.942	2.432	1.084	1.101	0.899	0.897	0.667	0.512	0.557	0.480	0.445	0.508	0.541	0.461	0.489	0.739	0.590	0.566	0.602	0.670	0.568	0.530	0.614	0.834	0.603	0.562	0.743	0.735	0.614	0.614	0.985	1.135	0.774	1.143	2.737	0.848	0.805	0.629	0.668	0.609	0.623	0.597	0.584	0.656	0.701	0.525	0.586	0.623	0.625	0.467	0.465	1.160	0.646	0.625	0.691	0.779	0.652	0.788	0.698	0.680	0.672	0.786	0.652	0.644	0.978	0.960	0.884	3.614
1.625	1.224	1.824	1.146	1.602	1.400	1.157	1.118	1.091	0.535	0.342	0.250	0.331	0.390	0.218	0.224	0.153	0.249	0.161	0.029	0.004	0.029	0.150	0.273	0.237	0.301	0.311	0.529	0.312	0.322	0.347	0.322	0.481	0.442	0.341	0.347	0.353	0.649	0.400	0.434	1.080	1.274	1.092	1.272	2.136	2.559	1.223	1.363	0.915	1.024	0.593	0.473	0.499	0.460	0.561	0.449	0.498	0.398	0.383	0.586	0.470	0.394	0.417	0.613	0.563	0.488	0.529	0.777	0.668	0.577	0.746	0.718	0.643	0.630	0.886	0.998	0.759	1.258	2.687	0.956	0.780	0.660	0.729	0.748	0.813	0.827	0.712	0.751	0.841	0.708	0.557	0.746	0.755	0.535	0.486	1.176	0.728	0.587	0.710	0.873	0.700	0.788	0.695	0.710	0.673	0.763	0.658	0.658	0.911	1.148	1.008	3.782
1.663	1.204	1.821	1.132	1.641	1.351	1.089	1.140	1.018	0.547	0.493	0.324	0.323	0.399	0.346	0.283	0.271	0.279	0.253	0.164	0.029	0.004	0.029	0.149	0.236	0.225	0.228	0.244	0.254	0.265	0.252	0.275	0.503	0.374	0.293	0.302	0.320	0.410	0.341	0.392	1.187	1.152	1.021	1.106	1.950	2.482	1.235	1.259	0.969	0.928	0.638	0.545	0.434	0.609	0.535	0.302	0.317	0.173	0.352	0.384	0.482	0.481	0.470	0.501	0.531	0.475	0.475	0.711	0.653	0.500	0.581	0.600	0.569	0.531	0.716	0.821	0.639	1.126	2.732	0.924	0.763	0.675	0.700	0.690	0.760	0.750	0.654	0.666	0.813	0.601	0.515	0.749	0.748	0.514	0.559	1.106	0.650	0.613	0.645	0.693	0.647	0.808	0.651	0.644	0.649	0.766	0.626	0.656	0.925	0.979	0.827	3.426
1.598	1.261	1.719	1.116	1.460	1.256	0.993	0.964	0.995	0.449	0.347	0.362	0.286	0.346	0.269	0.341	0.260	0.273	0.192	0.235	0.150	0.029	0.004	0.028	0.158	0.208	0.146	0.195	0.198	0.188	0.223	0.209	0.399	0.557	0.230	0.229	0.277	0.605	0.300	0.320	1.040	1.097	1.004	0.936	1.769	2.355	1.011	1.085	0.805	0.856	0.530	0.452	0.455	0.462	0.443	0.462	0.474	0.427	0.375	0.382	0.281	0.302	0.338	0.538	0.427	0.418	0.493	0.934	0.534	0.526	0.738	0.742	0.592	0.594	1.008	1.029	0.729	0.939	2.816	0.720	0.637	0.526	0.615	0.555	0.577	0.575	0.553	0.553	0.662	0.485	0.515	0.651	0.603	0.416	0.388	1.029	0.574	0.620	0.633	0.652	0.604	0.753	0.720	0.669	0.699	0.800	0.657	0.649	1.051	0.867	0.778	3.353
1.404	1.497	1.868	1.420	1.718	1.657	1.394	1.193	1.287	0.548	0.387	0.397	0.552	0.428	0.254	0.321	0.466	0.285	0.218	0.167	0.273	0.149	0.028	0.004	0.028	0.150	0.228	0.146	0.193	0.202	0.250	0.202	0.226	0.423	0.227	0.238	0.234	0.779	0.312	0.333	0.957	1.231	1.074	1.094	1.931	2.415	1.109	1.168	0.862	0.910	0.541	0.440	0.466	0.477	0.432	0.451	0.514	0.420	0.419	0.512	0.488	0.344	0.435	0.680	0.502	0.456	0.548	0.788	0.657	0.581	0.844	0.722	0.666	0.641	0.996	1.112	0.812	1.477	2.651	0.805	0.693	0.544	0.610	0.578	0.633	0.624	0.558	0.571	0.710	0.525	0.510	0.694	0.684	0.438	0.398	1.038	0.666	0.548	0.675	0.832	0.653	0.746	0.705	0.695	0.646	0.739	0.661	0.645	0.928	1.051	0.973	3.776
1.591	1.489	2.052	1.383	2.035	1.760	1.473	1.452	1.339	0.694	0.527	0.333	0.416	0.613	0.360	0.275	0.399	0.536	0.244	0.238	0.237	0.236	0.158	0.028	0.004	0.028	0.139	0.253	0.162	0.191	0.198	0.209	0.352	0.238	0.226	0.256	0.266	0.316	0.289	0.366	1.145	1.173	1.014	1.164	1.978	2.445	1.368	1.375	1.137	1.109	0.726	0.566	0.430	0.609	0.691	0.383	0.421	0.405	0.372	0.406	0.419	0.361	0.293	0.534	0.346	0.348	0.372	0.682	0.575	0.460	0.503	0.556	0.599	0.513	0.722	0.808	0.687	1.454	2.639	1.097	0.891	0.788	0.800	0.916	0.937	0.953	0.877	0.867	0.979	0.950	0.837	0.932	1.115	0.803	0.646	1.204	0.911	0.681	0.709	0.948	0.753	0.762	0.706	0.721	0.686	0.759	0.692	0.673	0.876	1.130	0.982	3.679
1.487	1.342	1.844	1.216	1.667	1.456	1.133	1.086	1.033	0.561	0.550	0.487	0.344	0.435	0.452	0.325	0.310	0.361	0.370	0.225	0.301	0.225	0.208	0.150	0.028	0.004	0.029	0.140	0.223	0.153	0.175	0.207	0.421	0.319	0.217	0.232	0.261	0.266	0.263	0.332	1.107	1.007	0.957	0.937	1.737	2.373	0.825	0.754	0.730	0.705	0.518	0.484	0.505	0.505	0.453	0.432	0.353	0.450	0.362	0.266	0.246	0.125	0.175	0.309	0.357	0.294	0.310	0.653	0.580	0.412	0.454	0.536	0.591	0.506	0.658	0.774	0.660	1.281	2.691	0.554	0.534	0.456	0.558	0.402	0.381	0.352	0.365	0.341	0.373	0.271	0.320	0.391	0.283	0.209	0.127	0.634	0.443	0.568	0.593	0.614	0.529	0.784	0.691	0.622	0.623	0.748	0.618	0.594	0.933	0.928	0.782	3.308
1.376	1.398	1.766	1.284	1.504	1.419	1.170	1.005	1.224	0.597	0.526	0.548	0.501	0.466	0.440	0.576	0.401	0.312	0.304	0.355	0.311	0.228	0.146	0.228	0.139	0.029	0.004	0.029	0.142	0.232	0.112	0.186	0.192	0.457	0.192	0.202	0.213	0.485	0.278	0.298	0.857	1.084	1.013	0.868	1.655	2.311	1.022	1.064	0.796	0.792	0.499	0.458	0.508	0.435	0.431	0.542	0.524	0.444	0.566	0.673	0.638	0.496	0.699	0.752	0.331	0.639	0.723	0.795	0.653	0.636	0.804	0.747	0.683	0.684	0.911	1.148	0.839	1.371	2.663	0.695	0.597	0.474	0.598	0.502	0.542	0.526	0.479	0.478	0.578	0.442	0.419	0.640	0.601	0.379	0.319	0.871	0.563	0.509	0.640	0.653	0.584	0.677	0.689	0.628	0.604	0.632	0.555	0.560	0.946	0.927	0.884	3.572
1.518	1.792	2.139	1.671	1.913	1.949	1.756	1.528	1.525	0.831	0.516	0.394	0.629	0.681	0.347	0.347	0.692	0.464	0.249	0.261	0.529	0.244	0.195	0.146	0.253	0.140	0.029	0.004	0.028	0.136	0.209	0.172	0.200	0.213	0.203	0.222	0.230	0.405	0.278	0.334	0.920	1.180	1.049	1.078	1.864	2.386	1.354	1.330	1.048	0.950	0.510	0.421	0.417	0.466	0.421	0.430	0.422	0.435	0.382	0.426	0.406	0.326	0.362	0.628	0.424	0.411	0.460	0.790	0.660	0.522	0.636	0.609	0.707	0.576	0.876	0.913	0.816	1.843	2.514	0.961	0.692	0.528	0.634	0.593	0.707	0.685	0.538	0.550	0.717	0.555	0.450	0.668	0.797	0.478	0.376	0.964	0.687	0.504	0.613	0.835	0.601	0.609	0.648	0.614	0.546	0.602	0.586	0.563	0.856	1.139	1.063	3.939
1.418	1.500	1.911	1.357	1.788	1.614	1.273	1.146	1.117	0.495	0.361	0.324	0.335	0.403	0.295	0.268	0.327	0.360	0.247	0.222	0.312	0.254	0.198	0.193	0.162	0.223	0.142	0.028	0.004	0.029	0.146	0.210	0.206	0.228	0.241	0.245	0.266	0.252	0.272	0.356	1.110	1.015	0.961	0.996	1.757	2.363	1.137	1.211	0.808	0.781	0.514	0.513	0.445	0.481	0.553	0.499	0.416	0.450	0.485	0.381	0.395	0.418	0.399	0.445	0.458	0.422	0.413	0.756	0.527	0.468	0.456	0.506	0.632	0.506	0.772	0.625	0.737	1.713	2.518	0.705	0.578	0.563	0.730	0.603	0.648	0.642	0.579	0.587	0.649	0.562	0.516	0.628	0.648	0.510	0.489	0.773	0.606	0.545	0.597	0.728	0.604	0.711	0.667	0.657	0.631	0.619	0.572	0.574	0.846	1.082	0.906	3.578
1.399	1.457	1.869	1.306	1.677	1.515	1.182	1.051	1.082	0.474	0.382	0.405	0.314	0.377	0.316	0.354	0.308	0.342	0.246	0.225	0.322	0.265	0.188	0.202	0.191	0.153	0.232	0.136	0.029	0.004	0.029	0.146	0.229	0.167	0.221	0.211	0.221	0.229	0.252	0.297	0.896	0.890	0.931	0.795	1.532	2.298	1.039	1.079	0.764	0.751	0.489	0.483	0.461	0.435	0.462	0.500	0.433	0.447	0.433	0.393	0.393	0.373	0.363	0.425	0.397	0.397	0.389	0.738	0.646	0.470	0.461	0.528	0.659	0.518	0.681	0.741	0.716	1.645	2.552	0.633	0.536	0.505	0.655	0.533	0.564	0.559	0.525	0.516	0.584	0.505	0.483	0.603	0.576	0.469	0.487	0.745	0.559	0.532	0.635	0.690	0.483	0.494	0.673	0.586	0.508	0.627	0.545	0.548	0.938	0.888	0.816	3.264
1.340	1.530	1.867	1.373	1.607	1.511	1.252	1.009	1.169	0.531	0.424	0.438	0.403	0.433	0.366	0.429	0.369	0.356	0.299	0.281	0.347	0.252	0.223	0.250	0.198	0.175	0.112	0.209	0.146	0.029	0.004	0.028	0.149	0.307	0.164	0.203	0.203	0.345	0.268	0.303	0.641	1.100	1.024	0.852	1.568	2.285	1.071	1.107	0.819	0.784	0.487	0.428	0.446	0.421	0.415	0.474	0.459	0.431	0.422	0.494	0.448	0.370	0.429	0.695	0.434	0.427	0.526	0.949	0.709	0.519	0.636	0.597	0.774	0.612	0.890	1.098	0.870	1.946	2.434	0.712	0.579	0.481	0.629	0.524	0.564	0.558	0.510	0.505	0.584	0.494	0.458	0.606	0.580	0.444	0.432	0.765	0.549	0.484	0.617	0.702	0.469	0.493	0.654	0.551	0.479	0.493	0.492	0.455	0.878	0.973	1.068	3.743
1.435	1.698	1.985	1.523	1.916	1.736	1.356	1.142	1.165	0.508	0.372	0.366	0.363	0.412	0.315	0.308	0.335	0.360	0.270	0.243	0.322	0.275	0.209	0.202	0.209	0.207	0.186	0.172	0.210	0.146	0.028	0.004	0.029	0.142	0.214	0.187	0.214	0.219	0.245	0.330	0.833	1.032	1.001	0.953	1.654	2.289	1.185	1.261	0.822	0.792	0.489	0.453	0.429	0.457	0.470	0.465	0.422	0.436	0.431	0.413	0.406	0.363	0.373	0.557	0.411	0.415	0.452	0.895	0.663	0.492	0.557	0.541	0.674	0.522	0.935	0.593	0.905	2.150	2.310	0.730	0.574	0.528	0.722	0.632	0.686	0.692	0.632	0.624	0.687	0.628	0.582	0.654	0.671	0.586	0.584	0.788	0.631	0.568	0.615	0.718	0.576	0.620	0.641	0.595	0.457	0.426	0.603	0.480	0.740	1.197	1.182	4.009
1.402	1.614	1.935	1.440	1.834	1.657	1.307	1.188	1.154	0.595	0.536	0.494	0.471	0.564	0.488	0.449	0.488	0.536	0.450	0.380	0.481	0.503	0.399	0.226	0.352	0.421	0.192	0.200	0.206	0.229	0.149	0.029	0.004	0.028	0.150	0.207	0.204	0.214	0.221	0.287	0.899	0.778	0.856	0.812	1.545	2.313	1.207	1.202	0.848	0.841	0.619	0.606	0.545	0.559	0.616	0.576	0.496	0.543	0.540	0.454	0.453	0.462	0.456	0.444	0.542	0.548	0.466	0.697	0.517	0.535	0.459	0.529	0.649	0.526	0.979	0.550	0.987	2.095	2.358	0.735	0.670	0.686	0.835	0.735	0.773	0.772	0.722	0.733	0.790	0.723	0.683	0.791	0.775	0.660	0.695	0.843	0.645	0.578	0.758	0.766	0.477	0.617	0.549	0.523	0.421	0.496	0.457	0.469	0.756	1.071	0.796	3.174
1.379	1.418	1.950	1.314	1.501	1.400	1.174	0.992	1.192	0.648	0.577	0.630	0.526	0.494	0.490	0.685	0.464	0.435	0.430	0.436	0.442	0.374	0.557	0.423	0.238	0.319	0.457	0.213	0.228	0.167	0.307	0.142	0.028	0.004	0.029	0.147	0.206	0.181	0.221	0.266	0.472	0.880	0.892	0.783	1.424	2.341	1.032	1.019	0.780	0.803	0.583	0.561	0.531	0.489	0.591	0.583	0.509	0.505	0.550	0.488	0.486	0.527	0.464	0.513	0.639	0.456	0.630	0.775	0.333	0.561	0.702	0.739	0.644	0.700	0.736	0.468	0.832	1.479	2.316	0.645	0.592	0.619	0.798	0.747	0.712	0.803	0.839	0.730	0.755	0.869	0.838	0.753	0.775	0.936	0.845	0.795	0.777	0.978	0.783	0.760	0.779	1.116	0.605	0.586	0.890	0.585	0.400	0.441	1.581	0.829	0.832	2.925
1.412	1.687	1.943	1.516	1.800	1.683	1.402	1.115	1.196	0.539	0.408	0.423	0.422	0.427	0.340	0.395	0.384	0.365	0.284	0.269	0.341	0.293	0.230	0.227	0.226	0.217	0.192	0.203	0.241	0.221	0.164	0.214	0.150	0.029	0.004	0.029	0.146	0.223	0.232	0.298	0.385	1.104	0.994	0.843	1.450	2.219	1.136	1.180	0.816	0.794	0.510	0.470	0.445	0.444	0.467	0.499	0.448	0.457	0.456	0.479	0.464	0.412	0.485	0.558	0.531	0.456	0.502	0.895	0.505	0.431	0.571	0.547	0.668	0.481	1.256	0.665	0.867	2.355	2.248	0.702	0.576	0.535	0.696	0.587	0.626	0.637	0.593	0.577	0.647	0.598	0.556	0.638	0.662	0.574	0.562	0.778	0.628	0.571	0.676	0.725	0.519	0.638	0.582	0.542	0.357	0.416	0.666	0.482	0.787	1.064	1.307	3.659
1.423	1.696	1.986	1.511	1.864	1.705	1.366	1.148	1.174	0.518	0.381	0.388	0.384	0.428	0.330	0.341	0.357	0.375	0.280	0.271	0.347	0.302	0.229	0.238	0.256	0.232	0.202	0.222	0.245	0.211	0.203	0.187	0.207	0.147	0.029	0.004	0.029	0.157	0.225	0.302	0.519	0.709	0.856	0.717	1.344	2.198	1.180	1.238	0.809	0.780	0.501	0.494	0.445	0.461	0.520	0.497	0.421	0.454	0.485	0.418	0.415	0.407	0.434	0.481	0.489	0.510	0.453	0.795	0.507	0.475	0.537	0.576	0.778	0.512	1.306	0.562	1.139	2.426	2.194	0.698	0.564	0.574	0.807	0.668	0.717	0.731	0.680	0.667	0.728	0.682	0.638	0.699	0.713	0.652	0.653	0.788	0.656	0.637	0.674	0.676	0.581	0.630	0.616	0.562	0.483	0.452	0.803	0.649	0.689	1.285	1.314	3.693
1.393	1.643	1.948	1.469	1.800	1.645	1.304	1.092	1.152	0.517	0.422	0.450	0.373	0.421	0.364	0.432	0.345	0.375	0.306	0.273	0.353	0.320	0.277	0.234	0.266	0.261	0.213	0.230	0.266	0.221	0.203	0.214	0.204	0.206	0.146	0.029	0.004	0.028	0.167	0.290	0.496	0.619	0.833	0.924	1.452	2.393	1.121	1.134	0.782	0.783	0.554	0.588	0.528	0.495	0.573	0.601	0.513	0.520	0.571	0.517	0.509	0.545	0.542	0.538	0.640	0.562	0.532	0.675	0.486	0.542	0.598	0.700	0.828	0.588	1.278	0.699	1.150	2.246	2.248	0.652	0.588	0.624	0.812	0.682	0.698	0.737	0.718	0.673	0.729	0.739	0.697	0.721	0.766	0.744	0.718	0.791	0.760	0.744	0.755	0.753	0.693	0.765	0.758	0.596	0.524	0.518	0.520	0.501	0.887	0.857	0.950	2.760
1.605	1.716	2.061	1.622	1.822	1.759	1.643	1.533	1.682	1.242	1.015	1.131	1.164	0.925	0.832	1.178	0.987	0.644	0.639	0.848	0.649	0.410	0.605	0.779	0.316	0.266	0.485	0.405	0.252	0.229	0.345	0.219	0.214	0.181	0.223	0.157	0.028	0.004	0.028	0.192	0.352	1.123	1.029	1.122	1.502	2.385	1.128	1.135	0.884	0.804	0.531	0.503	0.541	0.498	0.490	0.556	0.533	0.460	0.491	0.548	0.505	0.465	0.554	0.647	0.607	0.503	0.658	0.830	0.450	0.493	0.778	0.653	0.690	0.590	1.722	0.612	1.077	2.713	2.410	0.753	0.609	0.547	0.717	0.602	0.633	0.656	0.619	0.593	0.662	0.631	0.590	0.651	0.680	0.627	0.609	0.750	0.657	0.633	0.695	0.680	0.602	0.701	0.636	0.543	0.478	0.477	0.528	0.481	0.858	0.874	1.098	2.786
1.562	1.845	2.031	1.632	1.947	1.781	1.438	1.143	1.199	0.582	0.466	0.489	0.483	0.481	0.391	0.475	0.442	0.410	0.339	0.348	0.400	0.341	0.300	0.312	0.289	0.263	0.278	0.278	0.272	0.252	0.268	0.245	0.221	0.221	0.232	0.225	0.167	0.028	0.003	0.028	0.272	1.189	1.012	1.155	1.871	2.381	1.209	1.247	0.839	0.814	0.526	0.496	0.473	0.470	0.494	0.532	0.473	0.476	0.480	0.506	0.489	0.445	0.519	0.582	0.588	0.497	0.564	0.788	0.451	0.475	0.673	0.648	0.775	0.528	1.622	0.519	1.183	2.736	2.346	0.720	0.589	0.565	0.743	0.642	0.709	0.740	0.649	0.631	0.738	0.683	0.600	0.694	0.765	0.653	0.626	0.854	0.731	0.646	0.685	0.773	0.692	0.673	0.709	0.762	0.669	0.522	1.131	0.870	0.828	1.334	1.903	3.550
1.464	1.750	1.974	1.560	1.908	1.742	1.388	1.130	1.173	0.558	0.457	0.464	0.452	0.492	0.404	0.441	0.436	0.440	0.359	0.356	0.434	0.392	0.320	0.333	0.366	0.332	0.298	0.334	0.356	0.297	0.303	0.330	0.287	0.266	0.298	0.302	0.290	0.192	0.028	0.004	0.028	0.442	0.689	0.562	1.185	2.112	1.218	1.249	0.837	0.834	0.574	0.568	0.507	0.520	0.566	0.567	0.488	0.532	0.542	0.499	0.490	0.504	0.538	0.547	0.607	0.569	0.560	0.714	0.501	0.634	0.670	0.697	0.905	0.681	1.621	0.713	1.388	2.664	2.366	0.726	0.622	0.648	0.845	0.724	0.770	0.802	0.748	0.724	0.799	0.777	0.711	0.777	0.820	0.772	0.735	0.856	0.830	0.797	0.774	0.847	0.885	0.872	0.833	0.819	0.883	0.787	0.883	0.856	0.963	1.153	1.641	2.557
1.454	1.621	1.913	1.477	1.975	1.642	1.240	1.146	1.209	1.033	1.174	1.109	0.970	1.129	1.192	1.041	1.031	1.199	1.158	0.989	1.080	1.187	1.040	0.957	1.145	1.107	0.857	0.920	1.110	0.896	0.641	0.833	0.899	0.472	0.385	0.519	0.496	0.352	0.272	0.028	0.003	0.029	0.515	0.884	1.754	2.513	1.584	1.719	1.337	1.451	1.430	1.502	1.343	1.377	1.567	1.436	1.288	1.392	1.459	1.241	1.187	1.378	1.277	1.055	1.149	1.366	1.067	0.975	1.158	1.305	1.017	0.975	1.301	1.128	1.805	1.228	1.415	2.340	2.495	1.409	1.435	1.601	1.828	1.714	1.745	1.836	1.773	1.697	1.794	1.817	1.759	1.766	1.821	1.817	1.755	1.799	1.842	1.812	1.776	1.840	1.862	1.816	1.829	1.866	1.858	1.831	1.891	1.853	1.910	1.728	1.484	1.334
2.231	2.349	2.653	2.297	2.740	2.581	2.233	1.938	1.918	1.469	1.274	1.235	1.351	1.339	1.205	1.249	1.351	1.257	1.143	1.237	1.274	1.152	1.097	1.231	1.173	1.007	1.084	1.180	1.015	0.890	1.100	1.032	0.778	0.880	1.104	0.709	0.619	1.123	1.189	0.442	0.029	0.004	0.033	0.356	0.996	1.875	1.875	1.934	1.410	1.460	1.250	1.214	1.082	1.248	1.310	1.002	1.007	1.111	0.984	0.869	0.881	0.930	0.839	0.830	0.922	0.903	0.833	0.899	0.806	1.005	0.914	0.884	1.137	1.000	1.749	1.018	1.665	2.881	2.617	1.432	1.320	1.460	1.672	1.713	1.824	1.911	1.718	1.669	1.870	1.807	1.605	1.734	1.876	1.683	1.573	1.880	1.790	1.550	1.562	1.833	1.645	1.470	1.627	1.783	1.602	1.466	2.070	1.879	1.860	1.810	2.528	2.576
2.089	2.295	2.460	2.034	2.318	2.182	1.870	1.677	1.730	1.224	1.090	1.133	1.155	1.093	1.049	1.121	1.129	1.051	1.028	1.077	1.092	1.021	1.004	1.074	1.014	0.957	1.013	1.049	0.961	0.931	1.024	1.001	0.856	0.892	0.994	0.856	0.833	1.029	1.012	0.689	0.515	0.033	0.004	0.028	0.540	1.492	1.553	1.620	1.221	1.222	1.052	1.066	1.016	1.049	1.119	1.040	1.002	1.033	1.031	1.013	1.004	1.014	1.049	1.063	1.067	1.082	1.134	1.200	1.011	1.242	1.263	1.211	1.368	1.361	2.064	1.295	1.992	3.224	2.843	1.164	1.086	1.166	1.367	1.278	1.334	1.398	1.295	1.262	1.373	1.340	1.247	1.328	1.387	1.309	1.253	1.403	1.384	1.297	1.278	1.396	1.432	1.342	1.357	1.523	1.594	1.397	1.736	2.006	1.992	1.771	2.010	1.847
2.758	2.837	3.128	2.673	2.848	2.733	2.299	1.890	1.833	1.293	1.158	1.054	1.212	1.300	1.094	1.059	1.294	1.239	1.020	1.079	1.272	1.106	0.936	1.094	1.164	0.937	0.868	1.078	0.996	0.795	0.852	0.953	0.812	0.783	0.843	0.717	0.924	1.122	1.155	0.562	0.884	0.356	0.028	0.004	0.028	0.699	1.978	1.881	1.539	1.522	1.271	1.250	1.067	1.199	1.357	1.124	1.010	1.123	1.212	1.062	0.991	1.161	1.270	1.128	1.015	1.392	1.445	1.358	1.264	1.748	1.759	1.603	1.862	2.019	2.479	1.913	2.404	3.368	3.139	1.515	1.368	1.507	1.764	1.755	1.833	1.984	1.816	1.691	1.897	1.930	1.722	1.766	1.971	1.883	1.693	1.878	2.014	1.844	1.729	2.008	2.081	1.858	1.900	2.211	2.271	1.999	2.339	2.750	2.762	2.312	2.274	2.143
3.945	3.965	4.344	3.760	3.760	3.663	3.232	2.731	2.605	2.203	2.049	1.925	2.131	2.190	1.962	1.933	2.219	2.106	1.874	1.942	2.136	1.950	1.769	1.931	1.978	1.737	1.655	1.864	1.757	1.532	1.568	1.654	1.545	1.424	1.450	1.344	1.452	1.502	1.871	1.185	1.754	0.996	0.540	0.028	0.004	0.029	2.810	2.669	2.453	2.350	2.134	2.077	1.903	2.062	2.184	1.868	1.785	1.935	1.954	1.730	1.696	1.846	1.863	1.707	1.677	1.987	1.950	1.859	1.855	2.250	2.246	2.105	2.377	2.558	2.798	2.477	2.896	3.533	3.842	2.426	2.257	2.359	2.553	2.597	2.660	2.823	2.652	2.508	2.709	2.764	2.533	2.545	2.781	2.701	2.463	2.640	2.827	2.635	2.468	2.795	2.896	2.622	2.635	3.023	3.115	2.793	3.018	3.656	3.748	3.161	3.097	2.462
4.152	4.284	4.463	4.034	4.127	3.980	3.559	3.132	3.026	2.611	2.513	2.420	2.557	2.604	2.447	2.433	2.623	2.543	2.420	2.432	2.559	2.482	2.355	2.415	2.445	2.373	2.311	2.386	2.363	2.298	2.285	2.289	2.313	2.341	2.219	2.198	2.393	2.385	2.381	2.112	2.513	1.875	1.492	0.699	0.029	0.003	3.272	3.161	2.875	2.818	2.677	2.692	2.496	2.582	2.767	2.538	2.436	2.550	2.650	2.491	2.466	2.576	2.652	2.555	2.480	2.758	2.809	2.778	2.665	3.040	3.135	3.013	3.145	3.403	3.660	3.351	3.554	4.163	4.497	2.902	2.777	2.914	3.121	3.141	3.163	3.354	3.229	3.066	3.226	3.337	3.120	3.085	3.328	3.305	3.060	3.173	3.413	3.274	3.063	3.354	3.538	3.309	3.241	3.608	3.808	3.490	3.479	4.252	4.492	3.841	3.644	2.977
2.259	1.788	2.377	1.752	2.195	1.736	1.665	1.923	1.477	1.258	1.213	1.188	1.150	1.365	0.964	1.034	1.505	1.235	1.016	1.084	1.223	1.235	1.011	1.109	1.368	0.825	1.022	1.354	1.137	1.039	1.071	1.185	1.207	1.032	1.136	1.180	1.121	1.128	1.209	1.218	1.584	1.875	1.553	1.978	2.810	3.272	0.003	0.028	0.401	0.328	0.274	0.525	0.351	0.696	0.826	0.408	0.432	0.747	0.535	0.450	0.533	0.730	0.549	0.546	0.860	0.672	0.568	0.879	0.890	0.660	0.705	0.764	0.864	0.687	0.767	0.931	0.753	1.524	2.741	0.042	0.369	0.572	0.590	0.819	0.837	0.901	0.831	0.724	1.023	0.942	0.741	0.956	1.122	0.964	0.866	1.219	1.036	0.943	0.943	1.104	1.050	0.956	0.963	1.007	0.976	0.921	1.036	1.300	1.050	1.577	1.363	3.570
2.187	1.560	2.252	1.448	1.862	1.389	1.319	1.655	1.208	0.992	0.970	0.973	0.965	1.249	0.858	0.903	1.250	1.286	1.006	1.101	1.363	1.259	1.085	1.168	1.375	0.754	1.064	1.330	1.211	1.079	1.107	1.261	1.202	1.019	1.180	1.238	1.134	1.135	1.247	1.249	1.719	1.934	1.620	1.881	2.669	3.161	0.028	0.004	0.028	0.392	0.312	0.630	0.392	0.761	0.729	0.509	0.502	0.763	0.612	0.539	0.576	0.658	0.643	0.563	0.817	0.637	0.579	0.828	0.835	0.635	0.671	0.721	0.848	0.666	0.732	0.942	0.724	1.537	2.931	0.400	0.343	0.768	1.164	0.957	0.257	0.471	0.786	0.648	0.554	0.546	0.720	0.823	0.697	0.595	0.645	0.843	0.694	0.701	0.794	0.859	0.719	0.786	0.744	0.768	0.673	0.741	0.811	1.073	0.905	1.164	1.171	3.144
2.189	1.582	2.244	1.496	1.913	1.488	1.427	1.863	1.349	1.187	1.226	1.118	1.100	1.306	1.021	0.993	1.105	0.927	0.901	0.899	0.915	0.969	0.805	0.862	1.137	0.730	0.796	1.048	0.808	0.764	0.819	0.822	0.848	0.780	0.816	0.809	0.782	0.884	0.839	0.837	1.337	1.410	1.221	1.539	2.453	2.875	0.401	0.028	0.004	0.028	0.236	0.372	0.361	0.569	0.725	0.371	0.447	0.653	0.482	0.477	0.536	0.568	0.541	0.632	0.717	0.554	0.551	0.885	0.722	0.562	0.728	0.669	0.641	0.587	0.783	0.861	0.655	1.273	2.789	0.654	0.423	0.449	0.754	0.962	1.064	1.080	0.943	0.566	1.019	0.957	0.647	0.954	1.012	0.865	0.770	1.209	0.917	0.811	0.851	0.975	0.873	0.920	0.890	0.893	0.845	0.905	0.862	1.094	1.075	1.313	1.149	3.489
2.208	1.426	2.198	1.362	1.848	1.362	1.297	1.683	1.255	0.998	0.998	0.989	0.952	1.193	0.854	0.891	0.964	1.047	0.897	0.897	1.024	0.928	0.856	0.910	1.109	0.705	0.792	0.950	0.781	0.751	0.784	0.792	0.841	0.803	0.794	0.780	0.783	0.804	0.814	0.834	1.451	1.460	1.222	1.522	2.350	2.818	0.328	0.392	0.028	0.004	0.028	0.247	0.367	0.532	0.962	0.441	0.461	0.616	0.551	0.498	0.526	0.655	0.552	0.543	0.746	0.603	0.552	0.828	0.787	0.577	0.659	0.629	0.693	0.595	0.680	0.811	0.664	1.426	2.749	0.436	0.451	0.597	0.770	1.002	1.241	1.367	1.005	0.509	1.252	1.215	0.890	0.913	1.015	1.011	0.828	0.964	0.908	0.918	0.807	0.834	0.918	0.940	0.820	0.851	0.856	0.870	0.806	1.050	1.104	1.222	1.044	3.231
2.043	1.345	1.936	1.098	1.383	0.962	0.911	1.234	0.890	0.645	0.722	0.588	0.555	0.789	0.444	0.624	0.646	0.637	0.850	0.667	0.593	0.638	0.530	0.541	0.726	0.518	0.499	0.510	0.514	0.489	0.487	0.489	0.619	0.583	0.510	0.501	0.554	0.531	0.526	0.574	1.430	1.250	1.052	1.271	2.134	2.677	0.274	0.312	0.236	0.028	0.004	0.032	0.217	0.304	0.435	0.297	0.339	0.421	0.364	0.381	0.382	0.391	0.501	0.416	0.490	0.423	0.401	0.714	0.585	0.401	0.560	0.422	0.509	0.414	0.561	0.650	0.458	1.309	2.841	0.337	0.246	0.429	0.453	0.634	0.708	0.675	0.513	0.428	0.628	0.569	0.619	0.642	0.565	0.515	0.519	0.649	0.544	0.702	0.599	0.569	0.579	0.758	0.564	0.561	0.568	0.679	0.569	0.846	0.965	0.905	0.830	2.927
2.048	1.269	1.923	1.054	1.375	0.930	0.865	1.211	0.845	0.644	0.790	0.521	0.434	0.654	0.392	0.407	0.410	0.523	0.650	0.512	0.473	0.545	0.452	0.440	0.566	0.484	0.458	0.421	0.513	0.483	0.428	0.453	0.606	0.561	0.470	0.494	0.588	0.503	0.496	0.568	1.502	1.214	1.066	1.250	2.077	2.692	0.525	0.630	0.372	0.247	0.032	0.004	0.029	0.183	0.270	0.229	0.301	0.245	0.324	0.339	0.339	0.281	0.630	0.378	0.370	0.362	0.373	0.613	0.543	0.351	0.537	0.378	0.487	0.376	0.548	0.622	0.423	1.401	2.951	0.413	0.520	0.164	0.383	0.343	0.543	0.442	0.639	0.361	0.416	0.429	0.682	0.519	0.424	0.431	0.466	0.484	0.452	0.699	0.564	0.490	0.584	0.746	0.515	0.501	0.589	0.690	0.552	0.842	0.988	0.743	0.788	2.555
1.950	1.196	1.738	0.968	1.205	0.805	0.755	0.997	0.783	0.573	0.608	0.507	0.463	0.456	0.456	0.471	0.416	0.342	0.783	0.557	0.499	0.434	0.455	0.466	0.430	0.505	0.508	0.417	0.445	0.461	0.446	0.429	0.545	0.531	0.445	0.445	0.528	0.541	0.473	0.507	1.343	1.082	1.016	1.067	1.903	2.496	0.351	0.392	0.361	0.367	0.217	0.029	0.004	0.028	0.171	0.290	0.288	0.252	0.282	0.355	0.360	0.309	0.510	0.504	0.394	0.339	0.412	0.751	0.479	0.382	0.595	0.482	0.426	0.423	0.693	0.737	0.467	1.129	2.976	0.444	0.320	0.370	0.444	0.371	0.518	0.433	0.584	0.388	0.458	0.429	0.657	0.525	0.430	0.410	0.494	0.586	0.465	0.710	0.585	0.562	0.561	0.757	0.606	0.575	0.693	0.822	0.651	0.755	1.047	0.817	0.770	2.776
1.940	1.179	1.856	0.977	1.407	0.934	0.840	1.153	0.881	0.531	0.457	0.375	0.418	0.493	0.189	0.386	0.362	0.277	0.484	0.480	0.460	0.609	0.462	0.477	0.609	0.505	0.435	0.466	0.481	0.435	0.421	0.457	0.559	0.489	0.444	0.461	0.495	0.498	0.470	0.520	1.377	1.248	1.049	1.199	2.062	2.582	0.696	0.761	0.569	0.532	0.304	0.183	0.028	0.004	0.028	0.163	0.258	0.178	0.228	0.229	0.236	0.231	0.244	0.290	0.394	0.261	0.271	0.677	0.470	0.284	0.486	0.365	0.377	0.304	0.537	0.658	0.373	1.057	2.898	0.518	0.409	0.335	0.479	0.547	0.554	0.530	0.552	0.582	0.700	0.587	0.541	0.704	0.668	0.607	0.490	0.785	0.610	0.657	0.571	0.618	0.574	0.739	0.577	0.573	0.596	0.729	0.585	0.721	0.976	0.808	0.814	2.983
1.975	1.195	1.995	1.004	1.460	0.949	0.832	1.147	0.865	0.481	0.432	0.359	0.322	0.450	0.285	0.323	0.359	0.483	0.429	0.445	0.561	0.535	0.443	0.432	0.691	0.453	0.431	0.421	0.553	0.462	0.415	0.470	0.616	0.591	0.467	0.520	0.573	0.490	0.494	0.566	1.567	1.310	1.119	1.357	2.184	2.767	0.826	0.729	0.725	0.962	0.435	0.270	0.171	0.028	0.004	0.028	0.187	0.217	0.224	0.287	0.285	0.271	0.326	0.292	0.364	0.333	0.306	0.494	0.554	0.318	0.432	0.320	0.484	0.345	0.439	0.600	0.399	1.315	2.927	0.582	0.589	0.488	0.648	0.366	0.565	0.470	0.499	0.211	0.571	0.442	0.266	0.482	0.517	0.443	0.482	0.522	0.477	0.662	0.622	0.530	0.531	0.726	0.544	0.525	0.549	0.664	0.570	0.825	1.000	0.745	0.872	2.563
1.905	1.151	1.715	0.952	1.230	0.830	0.746	0.931	0.791	0.558	0.591	0.509	0.468	0.420	0.474	0.419	0.334	0.340	0.318	0.508	0.449	0.302	0.462	0.451	0.383	0.432	0.542	0.430	0.499	0.500	0.474	0.465	0.576	0.583	0.499	0.497	0.601	0.556	0.532	0.567	1.436	1.002	1.040	1.124	1.868	2.538	0.408	0.509	0.371	0.441	0.297	0.229	0.290	0.163	0.028	0.004	0.028	0.171	0.286	0.255	0.377	0.362	0.625	0.375	0.380	0.387	0.384	0.541	0.492	0.379	0.580	0.428	0.454	0.408	0.599	0.661	0.443	1.285	3.023	0.467	0.357	0.463	0.712	0.541	0.596	0.515	0.666	0.549	0.527	0.545	0.705	0.483	0.463	0.568	0.500	0.534	0.518	0.807	0.621	0.575	0.753	0.811	0.688	0.654	0.841	0.961	0.773	0.880	1.178	0.898	0.839	2.350
1.822	1.202	1.626	0.946	1.121	0.884	0.741	0.832	0.891	0.525	0.568	0.384	0.360	0.468	0.529	0.364	0.359	0.428	0.206	0.541	0.498	0.317	0.474	0.514	0.421	0.353	0.524	0.422	0.416	0.433	0.459	0.422	0.496	0.509	0.448	0.421	0.513	0.533	0.473	0.488	1.288	1.007	1.002	1.010	1.785	2.436	0.432	0.502	0.447	0.461	0.339	0.301	0.288	0.258	0.187	0.028	0.004	0.028	0.149	0.228	0.226	0.210	0.224	0.295	0.275	0.234	0.274	0.672	0.369	0.277	0.533	0.388	0.330	0.314	0.615	0.696	0.388	0.962	2.938	0.521	0.379	0.375	0.597	0.505	0.548	0.476	0.621	0.494	0.521	0.487	0.654	0.532	0.424	0.409	0.388	0.574	0.420	0.663	0.567	0.525	0.520	0.718	0.600	0.563	0.725	0.879	0.666	0.674	1.050	0.840	0.716	2.650
1.866	1.274	1.960	1.101	1.564	1.165	0.973	1.178	0.979	0.545	0.505	0.383	0.419	0.544	0.427	0.353	0.505	0.562	0.267	0.461	0.398	0.173	0.427	0.420	0.405	0.450	0.444	0.435	0.450	0.447	0.431	0.436	0.543	0.505	0.457	0.454	0.520	0.460	0.476	0.532	1.392	1.111	1.033	1.123	1.935	2.550	0.747	0.763	0.653	0.616	0.421	0.245	0.252	0.178	0.217	0.171	0.028	0.004	0.029	0.165	0.226	0.160	0.200	0.183	0.310	0.212	0.216	0.498	0.457	0.233	0.337	0.260	0.358	0.257	0.371	0.580	0.325	1.049	2.888	0.502	0.445	0.406	0.566	0.512	0.522	0.540	0.559	0.500	0.626	0.498	0.545	0.592	0.536	0.395	0.418	0.572	0.450	0.632	0.549	0.551	0.516	0.732	0.571	0.544	0.643	0.757	0.617	0.682	0.976	0.811	0.747	2.790
1.784	1.212	1.743	0.963	1.264	0.940	0.763	0.946	0.862	0.508	0.529	0.382	0.364	0.457	0.490	0.364	0.418	0.422	0.288	0.489	0.383	0.352	0.375	0.419	0.372	0.362	0.566	0.382	0.485	0.433	0.422	0.431	0.540	0.550	0.456	0.485	0.571	0.491	0.480	0.542	1.459	0.984	1.031	1.212	1.954	2.650	0.535	0.612	0.482	0.551	0.364	0.324	0.282	0.228	0.224	0.286	0.149	0.029	0.004	0.028	0.160	0.210	0.189	0.212	0.214	0.269	0.244	0.255	0.463	0.274	0.334	0.265	0.410	0.311	0.352	0.551	0.366	1.325	2.976	0.455	0.381	0.487	0.676	0.641	0.632	0.639	0.709	0.653	0.617	0.635	0.681	0.553	0.525	0.663	0.455	0.512	0.583	0.777	0.606	0.582	0.753	0.856	0.638	0.639	0.818	0.888	0.724	0.856	1.147	0.867	0.881	2.167
