0.002	0.029	0.533	0.235	0.679	0.786	0.984	1.336	0.774	1.147	0.970	0.928	1.482	1.506	1.860	0.953	1.588	1.733	1.710	1.607	1.670	1.915	1.673	1.637	1.730	1.667	1.653	1.637	1.685	1.620	1.607	1.651	1.610	1.849	1.614	1.635	1.659	2.096	1.570	1.769	1.964	2.578	2.589	3.107	4.165	4.306	2.247	2.224	2.094	2.034	1.976	1.757	1.836	2.088	1.897	1.846	1.713	1.768	1.665	1.599	1.562	1.576	1.608	1.387	1.417	1.450	1.465	1.544	1.382	1.420	1.634	1.402	1.387	1.493	1.574	1.651	1.472	1.440	1.378	1.775	1.542	1.712	1.953	2.009	1.707	1.739	1.709	1.721	1.897	1.765	1.638	2.328	1.904	1.590	1.558	1.648	1.486	1.373	1.455	1.393	1.297	1.247	1.290	1.289	1.297	1.281	1.260	1.374	1.556	1.331	1.561	1.357
0.029	0.004	0.028	0.263	0.347	0.572	1.020	0.689	0.620	1.050	1.022	1.212	1.926	1.656	1.950	1.472	1.893	1.909	2.025	2.037	2.018	2.094	1.989	2.160	2.067	1.951	1.902	2.023	2.003	1.896	1.976	1.993	1.838	2.210	1.935	1.960	1.918	1.861	1.389	1.729	1.819	2.651	2.544	3.285	4.500	4.507	2.438	2.330	2.195	2.061	2.020	1.785	1.852	2.206	1.932	1.727	1.830	1.873	1.745	1.706	1.618	1.663	1.588	1.331	1.439	1.448	1.365	1.378	1.336	1.304	1.418	1.221	1.241	1.270	1.294	1.582	1.264	1.491	1.234	1.938	1.685	1.801	2.058	2.083	1.812	1.725	1.714	1.779	1.912	1.758	1.626	2.426	2.010	1.676	1.657	1.779	1.550	1.460	1.538	1.489	1.330	1.224	1.295	1.292	1.244	1.190	1.216	1.312	1.423	1.217	1.442	1.268
0.533	0.028	0.004	0.028	0.424	0.501	0.673	0.848	0.801	1.062	1.087	1.493	2.033	1.881	2.301	2.114	2.161	2.249	2.354	2.386	2.341	2.448	2.456	2.452	2.416	2.358	2.509	2.448	2.408	2.336	2.420	2.418	2.270	2.259	2.329	2.324	2.211	3.396	2.673	2.350	2.669	3.265	2.898	3.355	4.341	4.224	3.509	3.434	3.310	3.060	3.243	2.980	2.746	2.836	2.742	2.430	2.383	2.420	2.305	2.083	2.156	2.186	2.079	2.115	2.081	2.069	2.090	2.576	2.060	2.029	2.370	2.104	2.068	2.272	2.161	2.027	2.097	1.974	2.212	2.990	2.634	2.804	3.167	3.232	2.856	2.609	2.446	2.660	2.655	2.446	2.385	2.783	2.473	2.216	2.183	2.248	2.122	2.100	2.126	2.089	2.084	2.140	2.073	2.046	2.076	2.171	2.082	2.100	2.116	2.161	2.172	2.142
0.235	0.263	0.028	0.004	0.028	0.331	0.275	0.356	0.517	2.226	1.428	1.050	2.058	2.020	2.078	1.302	1.879	1.911	1.812	1.843	1.883	2.018	1.791	1.938	1.896	1.747	1.757	1.825	1.803	1.664	1.754	1.779	1.620	1.779	1.684	1.707	1.626	2.385	1.741	1.686	1.959	2.725	2.416	3.073	4.205	4.170	3.011	2.818	2.628	2.335	2.404	2.192	2.052	2.296	2.088	1.780	1.713	1.769	1.640	1.470	1.417	1.465	1.474	1.313	1.282	1.303	1.436	1.802	1.265	1.329	1.694	1.344	1.316	1.676	1.532	1.392	1.411	1.240	1.543	2.453	2.128	2.202	2.509	2.490	2.239	2.065	1.988	2.103	2.097	1.887	1.779	2.399	1.958	1.610	1.497	1.624	1.496	1.460	1.408	1.398	1.468	1.405	1.336	1.379	1.448	1.446	1.378	1.556	1.571	1.518	1.708	1.537
0.679	0.347	0.424	0.028	0.004	0.029	0.280	0.217	0.599	1.563	0.676	0.804	1.688	1.528	1.855	1.282	1.465	1.559	1.730	1.712	1.622	1.798	1.855	1.896	1.749	1.777	2.002	1.815	1.784	1.815	1.902	1.845	1.778	1.940	1.850	1.821	1.828	2.982	2.334	2.259	2.598	3.263	2.901	3.491	4.451	4.377	3.101	2.864	2.787	2.484	2.541	2.598	2.290	2.321	2.278	2.181	1.899	1.924	1.999	1.866	1.760	1.795	1.955	1.810	1.756	1.782	1.987	2.417	1.841	1.919	2.252	1.988	1.953	2.319	2.247	1.965	2.096	1.800	2.211	2.726	2.417	2.443	2.662	2.645	2.565	2.408	2.457	2.472	2.370	2.241	2.194	2.496	2.170	1.967	1.838	1.911	1.930	1.914	1.837	1.840	1.949	1.944	1.876	1.934	2.008	2.037	1.964	2.121	2.163	2.130	2.252	2.159
0.786	0.572	0.501	0.331	0.029	0.004	0.029	0.365	0.579	1.141	0.538	0.631	1.212	0.941	1.399	1.153	1.226	1.127	1.524	1.548	1.320	1.452	1.701	1.793	1.539	1.618	1.901	1.654	1.617	1.670	1.781	1.709	1.606	1.820	1.723	1.688	1.670	2.923	2.268	2.194	2.525	3.255	2.734	3.384	4.352	4.213	2.529	2.360	2.328	2.080	2.081	2.242	2.006	1.966	1.961	1.968	1.691	1.699	1.785	1.708	1.601	1.627	1.770	1.655	1.617	1.619	1.781	2.238	1.693	1.727	2.012	1.820	1.789	2.067	2.027	1.822	1.899	1.663	1.950	2.223	1.995	2.064	2.202	2.239	2.145	2.016	2.081	2.084	2.012	1.917	1.880	2.161	1.894	1.732	1.636	1.692	1.705	1.699	1.656	1.643	1.736	1.760	1.692	1.698	1.773	1.837	1.761	1.825	1.896	1.901	1.959	1.927
0.984	1.020	0.673	0.275	0.280	0.029	0.004	0.029	0.342	1.350	0.643	0.543	1.270	1.104	1.312	0.970	1.265	1.116	1.249	1.374	1.213	1.236	1.393	1.705	1.348	1.304	1.579	1.396	1.349	1.306	1.466	1.414	1.228	1.518	1.389	1.368	1.289	2.460	1.785	1.718	2.061	2.930	2.275	3.105	4.235	4.055	2.273	2.205	2.089	1.727	1.737	1.761	1.529	1.620	1.513	1.490	1.280	1.296	1.346	1.338	1.178	1.202	1.349	1.248	1.210	1.177	1.324	1.712	1.233	1.255	1.531	1.336	1.304	1.545	1.493	1.436	1.385	1.209	1.386	1.823	1.649	1.754	1.969	1.986	1.728	1.581	1.585	1.590	1.570	1.454	1.484	1.754	1.503	1.348	1.217	1.296	1.304	1.324	1.227	1.226	1.384	1.341	1.239	1.250	1.319	1.351	1.289	1.379	1.418	1.410	1.519	1.455
1.336	0.689	0.848	0.356	0.217	0.365	0.029	0.004	0.032	0.369	0.563	0.592	0.818	0.650	0.784	0.828	1.221	0.746	0.880	1.191	0.972	0.879	1.163	1.646	1.122	1.054	1.356	1.195	1.134	1.083	1.270	1.218	1.005	1.414	1.203	1.183	1.081	2.223	1.565	1.515	1.903	2.792	2.127	3.115	4.347	4.155	1.643	1.694	1.525	1.187	1.263	1.325	1.087	1.049	0.968	1.107	0.880	0.858	0.935	1.140	0.915	0.928	1.093	1.102	1.040	0.969	1.152	1.472	1.047	1.070	1.360	1.158	1.119	1.339	1.308	1.345	1.192	1.064	1.165	1.370	1.250	1.316	1.492	1.478	1.196	1.052	1.110	1.046	1.071	0.988	1.137	1.219	1.078	1.007	0.930	0.972	0.985	1.134	0.975	0.960	1.180	1.171	1.013	1.011	1.119	1.147	1.076	1.170	1.248	1.213	1.324	1.280
0.774	0.620	0.801	0.517	0.599	0.579	0.342	0.032	0.004	0.029	0.467	0.651	0.567	0.421	0.651	0.890	1.143	0.664	0.964	1.292	1.029	0.971	1.303	1.780	1.252	1.186	1.510	1.338	1.284	1.227	1.409	1.370	1.152	1.519	1.348	1.327	1.214	2.231	1.595	1.614	1.945	2.875	2.154	3.102	4.301	4.106	1.467	1.507	1.326	1.114	1.192	1.164	1.050	1.047	0.958	1.133	0.997	0.968	1.052	1.316	1.074	1.080	1.221	1.197	1.168	1.093	1.232	1.435	1.128	1.148	1.378	1.189	1.168	1.341	1.331	1.417	1.238	1.175	1.173	1.278	1.113	1.169	1.334	1.299	1.074	0.951	1.006	0.971	1.056	0.982	1.051	1.221	1.101	1.068	1.058	1.085	1.069	1.196	1.098	1.073	1.184	1.207	1.091	1.089	1.146	1.161	1.117	1.179	1.302	1.210	1.308	1.308
1.147	1.050	1.062	2.226	1.563	1.141	1.350	0.369	0.029	0.004	0.033	0.291	1.052	1.057	1.236	0.876	1.186	0.962	0.908	1.189	1.024	1.033	1.123	1.625	1.176	1.068	1.271	1.173	1.153	1.032	1.202	1.207	1.018	1.352	1.136	1.153	0.998	2.042	1.444	1.354	1.761	2.687	1.982	2.925	4.250	4.114	1.996	2.157	2.036	1.574	1.858	1.822	1.485	1.270	1.324	1.297	0.973	0.994	1.016	1.141	0.933	0.933	1.024	1.106	0.999	0.907	1.099	1.317	0.922	0.967	1.301	0.984	0.958	1.116	1.087	1.174	1.007	0.960	1.006	1.994	1.940	1.908	2.045	2.007	1.744	1.584	1.517	1.514	1.407	1.323	1.508	1.152	1.159	1.164	0.966	1.037	1.135	1.259	0.977	1.032	1.322	1.145	1.006	1.050	1.081	1.049	1.026	1.107	1.151	1.107	1.206	1.218
0.970	1.022	1.087	1.428	0.676	0.538	0.643	0.563	0.467	0.033	0.004	0.033	0.234	0.297	0.319	0.668	1.310	0.534	0.507	1.077	0.915	0.711	0.959	1.584	1.042	0.915	1.166	1.112	1.030	0.930	1.124	1.114	0.904	1.378	1.064	1.075	0.963	1.894	1.346	1.316	1.779	2.702	1.978	2.921	4.303	4.174	1.342	1.520	1.245	0.902	1.231	1.192	1.024	0.658	0.654	0.856	0.597	0.523	0.610	1.047	0.745	0.714	0.807	1.123	0.943	0.817	1.064	1.316	0.881	0.936	1.350	0.998	0.936	1.057	1.115	1.169	1.005	0.946	0.958	1.276	1.193	1.240	1.383	1.241	0.992	0.874	0.851	0.854	0.952	0.769	1.018	0.810	0.794	0.767	0.701	0.745	0.740	1.111	0.755	0.751	1.082	1.041	0.816	0.817	0.960	0.945	0.868	0.944	1.115	0.994	1.073	1.142
0.928	1.212	1.493	1.050	0.804	0.631	0.543	0.592	0.651	0.291	0.033	0.004	0.028	0.239	0.268	0.722	1.255	0.688	0.818	1.223	1.097	1.076	1.160	1.660	1.254	1.166	1.236	1.199	1.221	1.093	1.166	1.233	1.084	1.431	1.140	1.194	1.094	1.893	1.376	1.346	1.766	2.693	1.971	2.872	4.236	4.152	1.287	1.518	1.222	0.942	1.284	1.191	1.116	0.826	0.834	0.975	0.883	0.876	0.911	1.195	0.969	0.966	1.000	1.267	1.058	0.981	1.196	1.382	0.954	1.049	1.458	1.042	0.993	1.120	1.156	1.164	1.044	0.978	1.038	1.210	1.197	1.327	1.436	1.241	1.025	1.059	1.033	0.971	1.201	1.104	1.279	1.059	1.119	1.121	0.974	1.042	1.042	1.331	0.977	1.015	1.314	1.209	1.022	1.044	1.136	1.066	1.038	1.102	1.227	1.124	1.172	1.283
1.482	1.926	2.033	2.058	1.688	1.212	1.270	0.818	0.567	1.052	0.234	0.028	0.004	0.028	0.287	0.243	0.523	0.464	0.402	0.469	0.590	0.470	0.450	0.810	0.711	0.528	0.577	0.615	0.597	0.476	0.547	0.605	0.627	1.169	0.518	0.585	0.555	1.531	0.997	0.928	1.626	2.734	1.921	2.693	4.004	4.189	1.328	1.488	1.270	0.899	1.341	1.352	1.245	0.704	0.808	1.078	0.845	0.631	0.802	1.160	0.966	0.843	0.986	1.341	0.853	0.930	1.183	1.215	0.748	1.019	1.481	0.991	0.889	1.074	1.156	1.097	0.983	0.848	0.904	1.341	1.322	1.252	1.369	1.268	1.090	0.993	1.023	1.013	1.029	0.911	1.220	0.791	0.737	0.810	0.664	0.630	0.771	1.358	0.712	0.761	1.272	1.160	0.829	0.878	1.079	0.922	0.873	1.021	1.203	0.988	1.122	0.998
1.506	1.656	1.881	2.020	1.528	0.941	1.104	0.650	0.421	1.057	0.297	0.239	0.028	0.004	0.028	0.181	0.239	0.211	0.237	0.222	0.363	0.379	0.258	0.385	0.594	0.334	0.339	0.546	0.381	0.329	0.347	0.392	0.577	1.097	0.346	0.424	0.450	1.295	0.873	0.844	1.714	2.883	2.047	2.742	3.980	4.271	1.412	1.596	1.314	0.979	1.225	1.261	1.079	0.671	0.678	0.733	0.649	0.485	0.528	0.868	0.720	0.610	0.660	0.990	0.756	0.657	0.773	1.043	0.669	0.723	1.136	0.834	0.679	0.767	0.972	1.029	0.757	0.829	0.673	1.225	1.237	1.450	1.571	1.237	1.031	1.058	0.956	1.027	1.059	0.941	1.165	0.769	0.790	0.717	0.509	0.690	0.624	1.007	0.541	0.567	0.908	0.841	0.563	0.589	0.720	0.662	0.592	0.627	0.847	0.690	0.702	0.876
1.860	1.950	2.301	2.078	1.855	1.399	1.312	0.784	0.651	1.236	0.319	0.268	0.287	0.028	0.004	0.029	0.168	0.213	0.175	0.214	0.217	0.522	0.241	0.252	0.403	0.291	0.333	0.322	0.322	0.322	0.311	0.311	0.701	1.123	0.340	0.374	0.521	1.430	0.980	0.917	1.624	2.706	1.919	2.451	3.688	3.973	1.278	1.466	1.180	0.852	1.173	1.103	1.167	0.368	0.628	0.893	0.902	0.570	0.730	1.067	0.888	0.727	0.853	1.102	0.801	0.750	0.901	1.055	0.713	0.805	1.189	0.856	0.746	0.831	0.959	1.064	0.824	0.865	0.763	1.122	1.081	1.201	1.300	1.217	0.985	0.903	0.882	0.888	0.949	0.810	1.126	0.846	0.783	0.759	0.604	0.655	0.733	1.221	0.623	0.683	1.112	0.983	0.693	0.757	0.915	0.781	0.727	0.840	1.012	0.826	0.926	0.914
0.953	1.472	2.114	1.302	1.282	1.153	0.970	0.828	0.890	0.876	0.668	0.722	0.243	0.181	0.029	0.004	0.029	0.152	0.232	0.209	0.228	0.245	0.242	0.311	0.291	0.265	0.483	0.347	0.286	0.301	0.364	0.326	0.579	1.181	0.333	0.348	0.494	1.511	1.048	0.984	1.694	2.755	1.956	2.572	3.835	4.060	1.126	1.298	1.087	0.914	1.227	1.206	1.086	0.880	0.739	0.885	0.613	0.496	0.599	1.012	0.786	0.708	0.823	1.167	0.800	0.811	1.026	1.072	0.738	0.907	1.276	0.921	0.846	0.958	1.074	1.150	0.942	0.917	0.852	1.079	1.090	1.136	1.256	1.085	0.945	0.869	0.930	0.992	0.917	0.785	1.093	0.727	0.673	0.725	0.560	0.563	0.644	1.122	0.620	0.646	1.091	1.011	0.722	0.745	0.929	0.841	0.776	0.879	1.077	0.890	0.984	0.957
1.588	1.893	2.161	1.879	1.465	1.226	1.265	1.221	1.143	1.186	1.310	1.255	0.523	0.239	0.168	0.029	0.004	0.029	0.140	0.224	0.181	0.232	0.252	0.484	0.378	0.290	0.388	0.566	0.327	0.296	0.367	0.368	0.466	1.120	0.334	0.384	0.415	1.223	0.850	0.890	1.828	2.991	2.181	2.950	4.206	4.496	1.081	1.192	1.114	1.047	1.168	0.954	0.831	0.830	0.602	0.529	0.468	0.576	0.428	0.827	0.609	0.502	0.541	0.895	0.740	0.586	0.671	0.988	0.675	0.656	1.062	0.798	0.663	0.712	0.973	1.005	0.722	0.886	0.650	1.132	1.135	1.276	1.351	1.036	0.949	1.010	0.946	1.009	1.028	0.909	1.102	0.821	0.761	0.668	0.449	0.650	0.531	0.864	0.486	0.489	0.709	0.731	0.494	0.494	0.614	0.601	0.529	0.526	0.766	0.617	0.606	0.906
1.733	1.909	2.249	1.911	1.559	1.127	1.116	0.746	0.664	0.962	0.534	0.688	0.464	0.211	0.213	0.152	0.029	0.004	0.029	0.147	0.202	0.163	0.199	0.216	0.493	0.255	0.232	0.372	0.292	0.268	0.262	0.307	0.549	1.035	0.296	0.358	0.412	1.149	0.804	0.821	1.664	2.802	1.960	2.579	3.772	4.094	1.104	1.279	1.228	1.101	1.202	1.127	0.846	0.717	0.720	0.664	0.531	0.552	0.529	0.687	0.599	0.484	0.512	0.744	0.698	0.505	0.565	0.863	0.599	0.549	0.790	0.640	0.571	0.576	0.722	0.884	0.631	0.826	0.588	1.216	1.260	1.442	1.436	1.178	1.053	1.175	1.029	1.156	1.133	1.050	1.194	0.792	0.834	0.685	0.439	0.690	0.564	0.843	0.477	0.495	0.722	0.699	0.471	0.487	0.580	0.562	0.494	0.502	0.744	0.574	0.575	0.879
1.710	2.025	2.354	1.812	1.730	1.524	1.249	0.880	0.964	0.908	0.507	0.818	0.402	0.237	0.175	0.232	0.140	0.029	0.004	0.029	0.150	0.282	0.174	0.219	0.227	0.230	0.258	0.252	0.244	0.266	0.276	0.269	0.638	1.112	0.304	0.320	0.481	1.427	0.973	0.895	1.620	2.705	1.890	2.395	3.583	3.919	0.682	0.731	0.571	0.777	0.451	0.488	0.565	0.293	0.355	0.313	0.282	0.320	0.342	0.519	0.687	0.630	0.569	0.908	0.728	0.693	0.784	1.082	0.646	0.737	1.074	0.720	0.650	0.773	0.794	0.860	0.690	0.809	0.800	0.740	0.666	0.796	0.833	0.703	0.599	0.645	0.690	0.647	0.732	0.669	0.928	0.691	0.655	0.680	0.557	0.564	0.635	1.007	0.618	0.635	0.967	0.982	0.716	0.720	0.836	0.813	0.757	0.777	0.879	0.868	0.864	0.956
1.607	2.037	2.386	1.843	1.712	1.548	1.374	1.191	1.292	1.189	1.077	1.223	0.469	0.222	0.214	0.209	0.224	0.147	0.029	0.004	0.029	0.145	0.225	0.209	0.242	0.236	0.404	0.307	0.257	0.249	0.330	0.311	0.404	1.128	0.296	0.317	0.384	1.282	0.908	0.917	1.807	2.914	2.056	2.707	3.908	4.214	0.911	0.977	0.968	1.019	1.114	0.783	0.764	0.943	0.673	0.371	0.409	0.625	0.410	0.776	0.556	0.494	0.532	0.832	0.733	0.616	0.694	0.962	0.670	0.694	1.008	0.781	0.661	0.733	0.899	0.957	0.708	0.877	0.646	1.027	0.989	1.061	1.136	0.910	0.860	0.875	0.898	0.939	0.906	0.811	1.022	0.832	0.775	0.691	0.436	0.612	0.520	0.888	0.470	0.476	0.699	0.746	0.491	0.491	0.620	0.593	0.528	0.524	0.763	0.618	0.607	0.933
1.670	2.018	2.341	1.883	1.622	1.320	1.213	0.972	1.029	1.024	0.915	1.097	0.590	0.363	0.217	0.228	0.181	0.202	0.150	0.029	0.004	0.028	0.146	0.241	0.226	0.262	0.251	0.467	0.287	0.272	0.298	0.333	0.366	0.936	0.318	0.373	0.383	0.954	0.729	0.825	1.806	2.950	2.107	2.813	3.975	4.326	1.194	1.217	1.227	1.160	1.185	0.792	0.719	0.873	0.705	0.355	0.398	0.503	0.401	0.700	0.513	0.406	0.415	0.755	0.681	0.457	0.504	0.853	0.661	0.525	0.693	0.667	0.596	0.589	0.753	0.875	0.699	0.880	0.610	1.270	1.210	1.320	1.424	1.112	1.049	1.129	1.114	1.116	1.123	1.050	1.229	0.992	0.921	0.766	0.408	0.737	0.539	0.721	0.430	0.458	0.509	0.612	0.435	0.422	0.489	0.558	0.462	0.437	0.709	0.534	0.560	1.001
1.915	2.094	2.448	2.018	1.798	1.452	1.236	0.879	0.971	1.033	0.711	1.076	0.470	0.379	0.522	0.245	0.232	0.163	0.282	0.145	0.028	0.004	0.029	0.148	0.289	0.205	0.223	0.243	0.230	0.227	0.235	0.251	0.532	0.914	0.267	0.302	0.386	1.058	0.784	0.807	1.648	2.741	1.889	2.419	3.528	3.936	0.997	0.985	1.134	1.183	1.006	0.744	0.652	0.755	0.706	0.481	0.467	0.293	0.406	0.492	0.611	0.541	0.502	0.607	0.661	0.525	0.510	0.786	0.623	0.495	0.542	0.577	0.558	0.528	0.596	0.815	0.655	0.822	0.585	1.151	1.038	1.125	1.156	0.942	0.933	1.052	1.098	1.090	1.044	1.021	1.281	0.887	0.820	0.741	0.466	0.697	0.585	0.789	0.486	0.529	0.694	0.682	0.465	0.504	0.571	0.552	0.477	0.499	0.737	0.545	0.559	0.930
1.673	1.989	2.456	1.791	1.855	1.701	1.393	1.163	1.303	1.123	0.959	1.160	0.450	0.258	0.241	0.242	0.252	0.199	0.174	0.225	0.146	0.029	0.004	0.028	0.153	0.193	0.157	0.227	0.207	0.207	0.234	0.234	0.428	1.189	0.261	0.270	0.505	1.756	1.263	1.067	1.599	2.531	1.878	2.272	3.438	3.744	0.913	0.927	1.009	1.121	1.028	0.802	0.835	0.981	0.758	0.734	0.717	0.756	0.654	0.697	0.624	0.705	0.705	0.794	0.778	0.732	0.725	0.941	0.852	0.791	0.909	0.797	0.842	0.824	0.834	1.013	0.842	1.037	0.869	1.083	0.970	0.987	1.053	0.910	0.875	0.931	1.053	0.954	0.909	0.938	1.007	0.934	0.837	0.929	0.921	0.828	0.944	1.118	0.917	0.950	1.000	0.964	0.920	0.920	0.839	0.897	0.912	0.862	0.893	0.903	0.879	1.080
1.637	2.160	2.452	1.938	1.896	1.793	1.705	1.646	1.780	1.625	1.584	1.660	0.810	0.385	0.252	0.311	0.484	0.216	0.219	0.209	0.241	0.148	0.028	0.004	0.029	0.154	0.302	0.222	0.230	0.250	0.309	0.288	0.294	0.920	0.282	0.322	0.332	0.900	0.700	0.868	1.914	3.066	2.247	2.985	4.192	4.517	1.016	1.038	1.062	1.122	1.085	0.748	0.762	0.986	0.749	0.488	0.526	0.666	0.466	0.567	0.490	0.372	0.423	0.749	0.678	0.498	0.571	0.989	0.676	0.624	0.825	0.807	0.647	0.699	0.961	0.993	0.768	0.910	0.675	1.129	1.031	1.083	1.150	0.967	0.928	1.000	1.069	1.016	0.999	0.922	1.050	0.979	0.939	0.755	0.451	0.734	0.530	0.729	0.440	0.466	0.455	0.621	0.493	0.452	0.530	0.603	0.505	0.477	0.739	0.578	0.609	1.106
1.730	2.067	2.416	1.896	1.749	1.539	1.348	1.122	1.252	1.176	1.042	1.254	0.711	0.594	0.403	0.291	0.378	0.493	0.227	0.242	0.226	0.289	0.153	0.029	0.004	0.029	0.141	0.239	0.172	0.199	0.207	0.233	0.295	0.482	0.245	0.290	0.331	0.690	0.628	0.780	1.875	2.970	2.086	2.746	3.769	4.280	1.348	1.376	1.346	1.189	1.204	0.826	0.694	0.957	0.925	0.474	0.452	0.596	0.527	0.486	0.492	0.333	0.358	0.626	0.620	0.436	0.459	0.824	0.640	0.499	0.534	0.637	0.604	0.577	0.672	0.822	0.715	0.848	0.606	1.313	1.207	1.296	1.332	1.159	1.129	1.272	1.355	1.308	1.270	1.258	1.317	1.220	1.168	0.877	0.495	0.757	0.608	0.600	0.452	0.533	0.483	0.599	0.469	0.434	0.460	0.592	0.473	0.449	0.698	0.540	0.592	1.117
1.667	1.951	2.358	1.747	1.777	1.618	1.304	1.054	1.186	1.068	0.915	1.166	0.528	0.334	0.291	0.265	0.290	0.255	0.230	0.236	0.262	0.205	0.193	0.154	0.029	0.004	0.028	0.156	0.218	0.128	0.176	0.197	0.715	0.701	0.206	0.238	0.558	1.061	0.899	0.860	1.585	2.575	1.714	2.098	3.082	3.634	0.974	1.036	1.193	0.973	0.674	0.570	0.524	0.660	0.759	0.473	0.428	0.620	0.482	0.249	0.309	0.156	0.207	0.276	0.646	0.394	0.350	0.598	0.628	0.465	0.452	0.599	0.584	0.508	0.536	0.836	0.720	0.859	0.654	0.949	0.786	0.805	0.890	0.873	0.764	0.830	1.028	0.897	0.825	0.927	0.942	0.866	0.772	0.829	0.158	0.431	0.410	0.459	0.368	0.321	0.335	0.549	0.349	0.338	0.365	0.507	0.382	0.359	0.727	0.453	0.488	0.845
1.653	1.902	2.509	1.757	2.002	1.901	1.579	1.356	1.510	1.271	1.166	1.236	0.577	0.339	0.333	0.483	0.388	0.232	0.258	0.404	0.251	0.223	0.157	0.302	0.141	0.028	0.004	0.028	0.141	0.266	0.123	0.203	0.206	1.113	0.223	0.237	0.284	0.940	0.727	0.871	1.767	2.751	1.894	2.380	3.443	3.844	0.967	1.027	1.051	1.036	0.786	0.668	0.759	0.802	0.688	0.767	0.749	0.658	0.614	0.702	0.671	0.583	0.601	0.728	0.413	0.530	0.536	0.859	0.718	0.561	0.593	0.675	0.681	0.640	0.748	0.901	0.829	1.025	0.813	1.014	0.841	0.857	0.984	0.873	0.776	0.855	0.963	0.885	0.839	0.841	0.851	0.914	0.837	0.710	0.599	0.741	0.599	0.754	0.610	0.608	0.613	0.760	0.642	0.640	0.750	0.749	0.664	0.660	0.898	0.717	0.734	1.094
1.637	2.023	2.448	1.825	1.815	1.654	1.396	1.195	1.338	1.173	1.112	1.199	0.615	0.546	0.322	0.347	0.566	0.372	0.252	0.307	0.467	0.243	0.227	0.222	0.239	0.156	0.028	0.004	0.029	0.141	0.195	0.238	0.261	0.244	0.246	0.297	0.309	0.418	0.467	0.823	2.014	3.158	2.384	3.076	4.158	4.715	1.301	1.336	1.103	0.996	0.898	0.616	0.637	0.830	0.705	0.562	0.575	0.621	0.492	0.494	0.523	0.408	0.423	0.664	0.593	0.486	0.521	0.877	0.615	0.533	0.599	0.685	0.651	0.614	0.809	0.902	0.865	0.966	0.768	1.150	1.072	1.203	1.377	1.059	0.912	1.012	1.059	0.994	0.984	0.963	0.915	1.046	1.071	0.765	0.510	0.696	0.581	0.589	0.609	0.661	0.549	0.664	0.605	0.581	0.627	0.805	0.632	0.616	0.835	0.723	0.756	1.323
1.685	2.003	2.408	1.803	1.784	1.617	1.349	1.134	1.284	1.153	1.030	1.221	0.597	0.381	0.322	0.286	0.327	0.292	0.244	0.257	0.287	0.230	0.207	0.230	0.172	0.218	0.141	0.029	0.004	0.029	0.153	0.198	0.227	0.221	0.240	0.260	0.330	0.413	0.538	0.740	1.802	2.715	1.852	2.286	3.161	3.900	1.200	1.321	1.236	0.961	0.796	0.622	0.592	0.734	0.810	0.557	0.557	0.610	0.625	0.547	0.581	0.525	0.544	0.606	0.686	0.595	0.568	0.747	0.655	0.587	0.607	0.708	0.729	0.686	0.719	0.912	0.826	0.908	0.721	1.079	0.940	0.973	1.141	0.995	0.886	1.058	1.152	1.033	1.045	1.117	1.012	1.113	1.191	0.899	0.675	0.759	0.754	0.677	0.695	0.743	0.644	0.734	0.625	0.616	0.645	0.793	0.635	0.626	0.827	0.696	0.746	1.279
1.620	1.896	2.336	1.664	1.815	1.670	1.306	1.083	1.227	1.032	0.930	1.093	0.476	0.329	0.322	0.301	0.296	0.268	0.266	0.249	0.272	0.227	0.207	0.250	0.199	0.128	0.266	0.141	0.029	0.004	0.028	0.156	0.195	0.141	0.189	0.203	0.282	0.718	0.710	0.770	1.606	2.403	1.575	1.864	2.765	3.467	1.094	1.199	1.254	0.980	0.626	0.580	0.562	0.581	0.781	0.653	0.575	0.633	0.561	0.545	0.593	0.517	0.507	0.615	0.737	0.585	0.589	0.748	0.660	0.572	0.605	0.679	0.620	0.611	0.655	0.861	0.748	0.882	0.646	1.016	0.804	0.817	1.020	0.930	0.756	0.779	0.878	0.794	0.769	0.771	0.749	0.853	0.820	0.626	0.582	0.670	0.534	0.582	0.541	0.562	0.546	0.702	0.534	0.527	0.592	0.646	0.542	0.525	0.759	0.603	0.654	1.225
1.607	1.976	2.420	1.754	1.902	1.781	1.466	1.270	1.409	1.202	1.124	1.166	0.547	0.347	0.311	0.364	0.367	0.262	0.276	0.330	0.298	0.235	0.234	0.309	0.207	0.176	0.123	0.195	0.153	0.028	0.004	0.029	0.151	0.265	0.225	0.255	0.278	0.390	0.437	0.828	1.925	2.899	2.030	2.475	3.411	4.127	1.115	1.221	1.197	0.979	0.686	0.572	0.594	0.693	0.735	0.651	0.611	0.646	0.568	0.589	0.620	0.511	0.528	0.724	0.697	0.605	0.629	0.963	0.704	0.680	0.750	0.839	0.734	0.757	0.905	0.939	0.895	0.996	0.848	1.028	0.836	0.858	1.065	0.940	0.771	0.834	0.941	0.858	0.823	0.818	0.793	0.912	0.899	0.634	0.606	0.674	0.538	0.600	0.645	0.615	0.579	0.838	0.703	0.668	0.818	0.949	0.761	0.754	0.939	0.849	0.867	1.442
1.651	1.993	2.418	1.779	1.845	1.709	1.414	1.218	1.370	1.207	1.114	1.233	0.605	0.392	0.311	0.326	0.368	0.307	0.269	0.311	0.333	0.251	0.234	0.288	0.233	0.197	0.203	0.238	0.198	0.156	0.029	0.004	0.028	0.141	0.234	0.261	0.271	0.548	0.534	0.834	1.993	2.949	2.171	2.656	3.492	4.335	1.319	1.441	1.326	0.969	0.813	0.583	0.581	0.732	0.797	0.603	0.573	0.626	0.571	0.544	0.593	0.494	0.511	0.624	0.701	0.618	0.601	0.822	0.681	0.631	0.681	0.816	0.812	0.754	0.882	0.986	1.028	1.128	1.006	1.180	1.063	1.132	1.285	1.117	0.982	1.095	1.157	1.075	1.063	1.068	0.903	1.100	1.167	0.788	0.646	0.678	0.707	0.634	0.840	0.921	0.769	0.866	0.875	0.851	0.869	1.087	0.890	0.901	1.019	1.016	1.026	1.579
1.610	1.838	2.270	1.620	1.778	1.606	1.228	1.005	1.152	1.018	0.904	1.084	0.627	0.577	0.701	0.579	0.466	0.549	0.638	0.404	0.366	0.532	0.428	0.294	0.295	0.715	0.206	0.261	0.227	0.195	0.151	0.028	0.004	0.029	0.183	0.228	0.300	0.433	0.463	0.729	1.546	2.080	1.494	1.655	2.398	3.326	1.442	1.580	1.683	1.168	0.934	0.869	0.783	0.837	1.095	0.791	0.715	0.775	0.745	0.715	0.761	0.715	0.703	0.800	0.879	0.881	0.852	0.891	0.950	0.935	0.938	0.958	0.975	0.983	0.976	1.130	1.025	1.118	0.947	1.344	1.140	1.113	1.340	1.349	1.087	1.008	1.047	1.087	1.053	0.891	0.840	1.091	1.094	0.690	0.711	0.510	0.630	0.760	1.106	0.926	0.898	1.031	0.966	0.942	0.992	1.053	0.912	0.946	1.068	0.934	1.000	1.435
1.849	2.210	2.259	1.779	1.940	1.820	1.518	1.414	1.519	1.352	1.378	1.431	1.169	1.097	1.123	1.181	1.120	1.035	1.112	1.128	0.936	0.914	1.189	0.920	0.482	0.701	1.113	0.244	0.221	0.141	0.265	0.141	0.029	0.004	0.029	0.184	0.332	0.339	0.440	0.758	1.562	1.939	1.380	1.575	2.404	3.187	1.205	1.269	1.623	1.354	1.004	0.988	0.978	0.945	1.064	1.069	1.018	0.909	0.847	0.859	0.932	0.838	0.694	0.690	1.026	0.640	0.603	0.769	0.562	0.699	0.752	1.016	1.131	1.027	1.083	1.289	1.118	1.079	0.988	1.183	0.935	0.874	1.057	1.077	0.935	0.912	0.937	0.890	0.907	0.851	0.858	0.987	0.954	0.797	0.829	0.984	0.767	0.750	0.736	0.754	0.746	0.896	0.731	0.749	0.832	0.966	0.782	0.780	0.976	0.896	0.911	1.428
1.614	1.935	2.329	1.684	1.850	1.723	1.389	1.203	1.348	1.136	1.064	1.140	0.518	0.346	0.340	0.333	0.334	0.296	0.304	0.296	0.318	0.267	0.261	0.282	0.245	0.206	0.223	0.246	0.240	0.189	0.225	0.234	0.183	0.029	0.004	0.029	0.216	0.727	1.004	0.988	1.991	2.639	1.976	2.441	3.175	4.078	1.236	1.364	1.330	0.960	0.662	0.561	0.554	0.639	0.793	0.666	0.590	0.609	0.568	0.611	0.634	0.537	0.579	0.700	0.735	0.722	0.711	0.899	0.779	0.780	0.836	0.991	0.902	0.917	1.084	1.231	1.183	1.193	1.168	1.100	0.937	0.996	1.222	1.063	0.848	0.883	0.951	0.903	0.891	0.821	0.751	0.978	1.013	0.610	0.640	0.696	0.623	0.704	0.813	0.856	0.787	1.049	0.895	0.888	1.001	1.220	0.986	0.977	1.097	1.214	1.220	1.848
1.635	1.960	2.324	1.707	1.821	1.688	1.368	1.183	1.327	1.153	1.075	1.194	0.585	0.424	0.374	0.348	0.384	0.358	0.320	0.317	0.373	0.302	0.270	0.322	0.290	0.238	0.237	0.297	0.260	0.203	0.255	0.261	0.228	0.184	0.029	0.004	0.029	0.550	1.309	0.859	1.823	2.319	1.777	2.058	2.779	3.826	1.322	1.478	1.512	0.990	0.779	0.700	0.568	0.663	0.950	0.699	0.564	0.637	0.709	0.610	0.621	0.581	0.653	0.676	0.756	0.843	0.735	0.846	0.771	0.809	0.821	0.956	0.990	0.986	1.037	1.233	1.157	1.213	1.300	1.206	1.074	1.144	1.311	1.236	1.010	1.051	1.113	1.047	1.033	1.015	0.889	1.065	1.149	0.847	0.751	0.896	0.958	0.969	1.062	1.213	1.070	1.101	1.122	1.107	1.128	1.378	1.219	1.216	1.246	1.378	1.382	1.876
1.659	1.918	2.211	1.626	1.828	1.670	1.289	1.081	1.214	0.998	0.963	1.094	0.555	0.450	0.521	0.494	0.415	0.412	0.481	0.384	0.383	0.386	0.505	0.332	0.331	0.558	0.284	0.309	0.330	0.282	0.278	0.271	0.300	0.332	0.216	0.029	0.004	0.029	0.884	0.961	1.072	1.402	1.307	1.150	1.819	2.826	1.180	1.318	1.628	1.099	0.810	0.843	0.751	0.696	1.095	0.940	0.785	0.797	0.850	0.856	0.837	0.803	0.906	0.921	0.942	1.017	0.956	1.018	0.982	1.073	1.054	1.112	1.125	1.146	1.145	1.318	1.169	1.248	1.267	1.127	0.963	0.964	1.141	1.171	0.947	0.920	0.966	0.889	0.857	0.899	0.881	1.046	0.985	0.922	0.943	0.896	0.904	1.130	1.148	1.067	1.144	1.417	1.248	1.185	1.307	1.439	1.032	1.177	1.293	1.247	1.182	1.693
2.096	1.861	3.396	2.385	2.982	2.923	2.460	2.223	2.231	2.042	1.894	1.893	1.531	1.295	1.430	1.511	1.223	1.149	1.427	1.282	0.954	1.058	1.756	0.900	0.690	1.061	0.940	0.418	0.413	0.718	0.390	0.548	0.433	0.339	0.727	0.550	0.029	0.004	0.029	0.410	0.974	1.212	1.542	1.484	1.989	2.632	1.179	1.299	1.180	0.919	1.345	1.578	1.790	1.612	1.407	1.817	1.913	1.777	1.992	2.193	2.102	2.024	2.368	2.413	2.035	2.332	2.476	2.434	2.406	2.391	2.286	2.282	2.010	2.063	1.986	1.990	1.604	1.127	1.747	1.084	0.997	1.033	1.213	1.096	1.004	1.051	1.416	1.384	1.201	1.337	1.532	1.442	1.258	1.510	1.646	1.111	1.203	1.486	1.249	1.074	1.176	1.471	0.951	0.996	1.384	1.501	1.088	1.220	1.571	1.559	1.477	1.942
1.570	1.389	2.673	1.741	2.334	2.268	1.785	1.565	1.595	1.444	1.346	1.376	0.997	0.873	0.980	1.048	0.850	0.804	0.973	0.908	0.729	0.784	1.263	0.700	0.628	0.899	0.727	0.467	0.538	0.710	0.437	0.534	0.463	0.440	1.004	1.309	0.884	0.029	0.003	0.028	0.597	0.751	0.985	0.781	1.616	2.429	1.406	1.373	1.420	0.995	1.075	1.191	1.358	1.255	1.080	1.362	1.413	1.319	1.529	1.610	1.501	1.548	1.783	1.718	1.461	1.801	1.926	1.844	1.755	2.043	2.094	2.026	2.024	2.254	2.432	2.630	2.281	1.667	1.970	1.301	1.384	1.613	1.630	1.331	1.239	1.364	1.483	1.302	1.262	1.376	1.376	1.410	1.298	1.412	1.414	1.276	1.433	1.472	1.415	1.488	1.494	1.539	1.487	1.528	1.628	1.755	1.790	1.699	1.895	1.960	1.978	2.426
1.769	1.729	2.350	1.686	2.259	2.194	1.718	1.515	1.614	1.354	1.316	1.346	0.928	0.844	0.917	0.984	0.890	0.821	0.895	0.917	0.825	0.807	1.067	0.868	0.780	0.860	0.871	0.823	0.740	0.770	0.828	0.834	0.729	0.758	0.988	0.859	0.961	0.410	0.028	0.004	0.028	0.493	0.666	0.567	1.525	2.188	1.339	1.456	1.709	1.317	1.077	1.087	1.176	1.097	1.127	1.238	1.232	1.152	1.241	1.332	1.269	1.265	1.476	1.484	1.284	1.486	1.695	1.732	1.538	1.744	1.979	1.994	1.841	2.023	2.185	2.350	2.043	1.628	1.937	1.258	1.156	1.200	1.261	1.298	1.123	1.153	1.260	1.069	1.012	1.165	1.188	1.247	1.137	1.259	1.261	1.116	1.252	1.457	1.295	1.345	1.525	1.722	1.473	1.574	1.898	2.015	1.694	1.823	1.952	1.995	1.991	2.467
1.964	1.819	2.669	1.959	2.598	2.525	2.061	1.903	1.945	1.761	1.779	1.766	1.626	1.714	1.624	1.694	1.828	1.664	1.620	1.807	1.806	1.648	1.599	1.914	1.875	1.585	1.767	2.014	1.802	1.606	1.925	1.993	1.546	1.562	1.991	1.823	1.072	0.974	0.597	0.028	0.003	0.029	0.503	0.757	1.776	2.225	1.852	1.902	1.642	1.423	1.529	1.482	1.613	1.616	1.454	1.574	1.614	1.523	1.576	1.672	1.610	1.567	1.866	1.911	1.609	1.864	2.321	2.266	1.980	2.466	2.886	2.783	2.582	3.023	3.251	3.130	3.273	2.359	3.511	1.765	1.854	2.017	2.060	1.872	1.686	1.703	1.650	1.630	1.681	1.595	1.528	1.698	1.623	1.562	1.530	1.558	1.659	1.926	1.570	1.749	2.179	2.433	2.065	2.238	2.859	2.942	2.512	2.782	3.121	3.208	3.184	3.674
2.578	2.651	3.265	2.725	3.263	3.255	2.930	2.792	2.875	2.687	2.702	2.693	2.734	2.883	2.706	2.755	2.991	2.802	2.705	2.914	2.950	2.741	2.531	3.066	2.970	2.575	2.751	3.158	2.715	2.403	2.899	2.949	2.080	1.939	2.639	2.319	1.402	1.212	0.751	0.493	0.029	0.004	0.032	0.315	1.075	1.850	2.914	3.023	2.818	2.661	2.443	2.304	2.471	2.505	2.329	2.245	2.416	2.272	2.024	2.150	2.175	2.005	1.993	2.187	2.213	1.928	2.311	2.369	1.974	2.337	2.983	2.938	2.646	3.126	3.636	3.515	3.594	2.359	4.147	2.663	2.464	2.425	2.734	2.760	2.348	2.105	1.955	2.176	2.161	1.865	1.938	2.243	1.949	1.668	1.794	1.852	1.605	1.815	1.573	1.729	2.141	2.390	2.091	2.275	3.020	3.090	2.792	3.056	3.479	3.750	3.738	4.203
2.589	2.544	2.898	2.416	2.901	2.734	2.275	2.127	2.154	1.982	1.978	1.971	1.921	2.047	1.919	1.956	2.181	1.960	1.890	2.056	2.107	1.889	1.878	2.247	2.086	1.714	1.894	2.384	1.852	1.575	2.030	2.171	1.494	1.380	1.976	1.777	1.307	1.542	0.985	0.666	0.503	0.032	0.004	0.029	0.622	1.431	2.328	2.381	2.201	2.026	1.785	1.929	1.814	1.706	1.984	2.126	1.859	1.766	2.112	2.237	2.066	2.101	2.607	2.652	2.061	2.702	3.372	3.106	2.652	3.713	4.225	3.910	3.687	4.621	4.714	4.385	4.800	3.413	5.179	2.196	2.163	2.234	2.278	2.233	2.057	2.079	2.026	1.919	1.918	2.073	1.900	1.609	1.809	2.292	2.045	1.700	2.536	3.044	2.335	2.711	3.568	3.685	3.282	3.510	4.431	4.198	3.941	4.286	4.829	4.792	4.758	4.909
3.107	3.285	3.355	3.073	3.491	3.384	3.105	3.115	3.102	2.925	2.921	2.872	2.693	2.742	2.451	2.572	2.950	2.579	2.395	2.707	2.813	2.419	2.272	2.985	2.746	2.098	2.380	3.076	2.286	1.864	2.475	2.656	1.655	1.575	2.441	2.058	1.150	1.484	0.781	0.567	0.757	0.315	0.029	0.004	0.029	0.700	2.793	2.822	2.529	2.315	2.197	2.235	2.221	2.164	2.247	2.427	2.265	2.038	2.264	2.499	2.334	2.205	2.764	2.921	2.352	2.808	3.600	3.417	2.748	3.932	4.561	4.155	3.885	5.096	5.393	4.824	5.092	3.737	6.033	2.494	2.523	2.674	2.845	2.619	2.295	2.267	2.143	2.071	2.086	2.150	1.991	1.767	1.950	2.330	2.088	1.780	2.638	3.142	2.321	2.852	3.817	3.838	3.482	3.961	4.966	4.607	4.481	4.969	5.613	5.610	5.615	5.903
4.165	4.500	4.341	4.205	4.451	4.352	4.235	4.347	4.301	4.250	4.303	4.236	4.004	3.980	3.688	3.835	4.206	3.772	3.583	3.908	3.975	3.528	3.438	4.192	3.769	3.082	3.443	4.158	3.161	2.765	3.411	3.492	2.398	2.404	3.175	2.779	1.819	1.989	1.616	1.525	1.776	1.075	0.622	0.029	0.004	0.028	3.542	3.608	3.285	3.189	3.183	3.153	3.253	3.221	3.084	3.320	3.284	2.972	3.020	3.344	3.227	2.904	3.361	3.649	3.191	3.285	4.117	4.007	3.225	4.271	5.075	4.635	4.204	5.578	6.040	5.275	5.407	3.797	5.963	3.071	2.986	3.096	3.539	3.244	2.748	2.558	2.435	2.572	2.530	2.435	2.535	2.495	2.336	2.597	2.545	2.130	2.605	3.204	2.413	2.704	3.729	3.865	3.278	3.850	4.973	4.484	4.342	5.071	5.894	5.754	5.890	6.336
4.306	4.507	4.224	4.170	4.377	4.213	4.055	4.155	4.106	4.114	4.174	4.152	4.189	4.271	3.973	4.060	4.496	4.094	3.919	4.214	4.326	3.936	3.744	4.517	4.280	3.634	3.844	4.715	3.900	3.467	4.127	4.335	3.326	3.187	4.078	3.826	2.826	2.632	2.429	2.188	2.225	1.850	1.431	0.700	0.028	0.003	4.251	4.261	4.027	3.866	3.681	3.639	3.642	3.638	3.620	3.726	3.636	3.462	3.544	3.710	3.567	3.459	3.838	3.936	3.543	3.840	4.507	4.245	3.695	4.822	5.410	4.828	4.647	6.139	6.170	5.314	5.819	4.326	6.301	3.876	3.843	3.945	4.237	3.964	3.608	3.517	3.432	3.414	3.394	3.380	3.338	3.297	3.290	3.459	3.311	3.131	3.644	4.006	3.267	3.701	4.630	4.524	4.092	4.760	5.763	5.061	5.028	5.938	6.697	6.420	6.565	6.726
2.247	2.438	3.509	3.011	3.101	2.529	2.273	1.643	1.467	1.996	1.342	1.287	1.328	1.412	1.278	1.126	1.081	1.104	0.682	0.911	1.194	0.997	0.913	1.016	1.348	0.974	0.967	1.301	1.200	1.094	1.115	1.319	1.442	1.205	1.236	1.322	1.180	1.179	1.406	1.339	1.852	2.914	2.328	2.793	3.542	4.251	0.003	0.028	0.645	0.577	0.517	0.865	0.674	0.566	0.837	0.732	0.602	0.804	1.066	0.849	0.774	0.955	1.008	0.894	0.924	1.122	1.157	0.888	1.108	1.285	1.129	1.066	1.272	1.235	1.183	1.209	1.347	1.429	1.447	0.042	0.528	0.358	0.263	0.499	0.919	0.765	0.892	0.916	1.005	0.923	0.838	1.293	1.404	1.162	1.108	1.540	1.487	1.193	1.235	1.549	1.556	1.269	1.355	1.556	1.502	1.381	1.475	1.531	1.586	1.441	1.552	1.776
2.224	2.330	3.434	2.818	2.864	2.360	2.205	1.694	1.507	2.157	1.520	1.518	1.488	1.596	1.466	1.298	1.192	1.279	0.731	0.977	1.217	0.985	0.927	1.038	1.376	1.036	1.027	1.336	1.321	1.199	1.221	1.441	1.580	1.269	1.364	1.478	1.318	1.299	1.373	1.456	1.902	3.023	2.381	2.822	3.608	4.261	0.028	0.004	0.028	0.568	0.450	0.605	0.457	0.612	0.751	0.441	0.449	0.774	0.874	0.644	0.652	0.962	0.873	0.757	0.919	1.064	0.996	0.765	1.099	1.166	1.021	1.005	1.221	1.153	1.098	1.199	1.325	1.476	1.404	0.434	0.449	0.380	0.464	0.337	0.621	0.507	0.574	0.713	1.085	0.871	0.671	1.352	1.437	1.141	1.113	1.609	1.402	1.122	1.208	1.511	1.379	1.165	1.304	1.321	1.377	1.282	1.369	1.388	1.512	1.337	1.395	1.636
2.094	2.195	3.310	2.628	2.787	2.328	2.089	1.525	1.326	2.036	1.245	1.222	1.270	1.314	1.180	1.087	1.114	1.228	0.571	0.968	1.227	1.134	1.009	1.062	1.346	1.193	1.051	1.103	1.236	1.254	1.197	1.326	1.683	1.623	1.330	1.512	1.628	1.180	1.420	1.709	1.642	2.818	2.201	2.529	3.285	4.027	0.645	0.028	0.004	0.029	0.341	0.679	0.524	0.443	0.959	0.746	0.581	0.997	1.422	1.025	0.928	1.308	1.292	1.118	1.119	1.435	1.404	1.069	1.417	1.511	1.316	1.316	1.527	1.478	1.422	1.414	1.548	1.733	1.737	0.957	0.935	0.654	0.537	0.717	0.957	1.046	1.366	1.318	1.577	1.510	1.308	1.774	1.759	1.605	1.522	1.888	1.803	1.575	1.583	1.835	1.713	1.463	1.635	1.590	1.721	1.599	1.685	1.755	1.944	1.666	1.766	1.879
2.034	2.061	3.060	2.335	2.484	2.080	1.727	1.187	1.114	1.574	0.902	0.942	0.899	0.979	0.852	0.914	1.047	1.101	0.777	1.019	1.160	1.183	1.121	1.122	1.189	0.973	1.036	0.996	0.961	0.980	0.979	0.969	1.168	1.354	0.960	0.990	1.099	0.919	0.995	1.317	1.423	2.661	2.026	2.315	3.189	3.866	0.577	0.568	0.029	0.004	0.028	0.391	0.277	0.562	0.231	0.521	0.595	1.012	1.003	0.792	0.843	0.951	0.956	0.882	0.991	1.000	0.978	0.895	1.046	1.014	0.951	0.994	1.030	0.993	1.011	1.180	1.100	1.298	1.125	0.698	0.774	0.835	0.804	0.718	0.649	0.666	0.842	1.006	0.900	0.841	0.911	1.290	1.124	1.070	0.968	1.146	1.233	1.130	0.965	1.115	1.310	0.942	1.014	1.043	1.159	0.988	1.033	1.156	1.389	1.055	1.180	1.307
1.976	2.020	3.243	2.404	2.541	2.081	1.737	1.263	1.192	1.858	1.231	1.284	1.341	1.225	1.173	1.227	1.168	1.202	0.451	1.114	1.185	1.006	1.028	1.085	1.204	0.674	0.786	0.898	0.796	0.626	0.686	0.813	0.934	1.004	0.662	0.779	0.810	1.345	1.075	1.077	1.529	2.443	1.785	2.197	3.183	3.681	0.517	0.450	0.341	0.028	0.004	0.032	0.310	0.212	0.234	0.244	0.260	0.402	0.417	0.378	0.444	0.420	0.435	0.378	0.473	0.464	0.450	0.547	0.628	0.438	0.496	0.420	0.479	0.442	0.454	0.726	0.498	0.764	0.710	0.797	0.701	0.635	0.567	0.615	0.514	0.540	0.659	0.706	0.765	0.622	0.805	1.111	0.757	0.641	0.547	0.620	0.720	0.861	0.498	0.579	0.915	0.699	0.551	0.739	0.752	0.638	0.592	0.738	0.905	0.676	0.816	0.893
1.757	1.785	2.980	2.192	2.598	2.242	1.761	1.325	1.164	1.822	1.192	1.191	1.352	1.261	1.103	1.206	0.954	1.127	0.488	0.783	0.792	0.744	0.802	0.748	0.826	0.570	0.668	0.616	0.622	0.580	0.572	0.583	0.869	0.988	0.561	0.700	0.843	1.578	1.191	1.087	1.482	2.304	1.929	2.235	3.153	3.639	0.865	0.605	0.679	0.391	0.032	0.004	0.028	0.193	0.261	0.208	0.290	0.256	0.332	0.393	0.455	0.392	0.591	0.436	0.408	0.473	0.555	0.497	0.601	0.485	0.561	0.454	0.506	0.490	0.497	0.739	0.497	0.729	0.754	1.056	1.027	0.709	0.701	0.758	0.709	0.560	0.804	0.641	0.708	0.626	0.789	1.232	0.789	0.580	0.542	0.563	0.651	0.902	0.502	0.547	0.863	0.753	0.564	0.774	0.810	0.706	0.634	0.806	0.898	0.729	0.911	0.879
1.836	1.852	2.746	2.052	2.290	2.006	1.529	1.087	1.050	1.485	1.024	1.116	1.245	1.079	1.167	1.086	0.831	0.846	0.565	0.764	0.719	0.652	0.835	0.762	0.694	0.524	0.759	0.637	0.592	0.562	0.594	0.581	0.783	0.978	0.554	0.568	0.751	1.790	1.358	1.176	1.613	2.471	1.814	2.221	3.253	3.642	0.674	0.457	0.524	0.277	0.310	0.028	0.004	0.029	0.160	0.350	0.324	0.263	0.332	0.392	0.471	0.391	0.373	0.486	0.485	0.371	0.431	0.814	0.612	0.417	0.672	0.485	0.444	0.476	0.509	0.729	0.496	0.736	0.755	0.937	0.885	0.643	0.602	0.682	0.584	0.457	0.659	0.549	0.610	0.479	0.770	0.943	0.570	0.502	0.438	0.430	0.543	0.887	0.459	0.496	0.865	0.799	0.557	0.650	0.739	0.707	0.619	0.713	0.776	0.717	0.823	0.807
2.088	2.206	2.836	2.296	2.321	1.966	1.620	1.049	1.047	1.270	0.658	0.826	0.704	0.671	0.368	0.880	0.830	0.717	0.293	0.943	0.873	0.755	0.981	0.986	0.957	0.660	0.802	0.830	0.734	0.581	0.693	0.732	0.837	0.945	0.639	0.663	0.696	1.612	1.255	1.097	1.616	2.505	1.706	2.164	3.221	3.638	0.566	0.612	0.443	0.562	0.212	0.193	0.029	0.004	0.028	0.151	0.283	0.205	0.227	0.241	0.439	0.372	0.271	0.357	0.521	0.334	0.335	0.714	0.623	0.355	0.561	0.435	0.408	0.405	0.434	0.690	0.438	0.700	0.683	0.731	0.687	0.843	0.736	0.698	0.570	0.742	0.657	0.661	0.878	0.708	0.968	0.770	0.641	0.558	0.424	0.448	0.557	0.856	0.433	0.484	0.896	0.759	0.522	0.624	0.677	0.654	0.571	0.618	0.717	0.671	0.710	0.821
1.897	1.932	2.742	2.088	2.278	1.961	1.513	0.968	0.958	1.324	0.654	0.834	0.808	0.678	0.628	0.739	0.602	0.720	0.355	0.673	0.705	0.706	0.758	0.749	0.925	0.759	0.688	0.705	0.810	0.781	0.735	0.797	1.095	1.064	0.793	0.950	1.095	1.407	1.080	1.127	1.454	2.329	1.984	2.247	3.084	3.620	0.837	0.751	0.959	0.231	0.234	0.261	0.160	0.028	0.004	0.028	0.191	0.242	0.296	0.375	0.479	0.461	0.443	0.423	0.442	0.478	0.468	0.458	0.679	0.467	0.504	0.481	0.507	0.467	0.497	0.771	0.507	0.797	0.725	0.867	0.871	0.818	0.908	1.003	0.631	0.497	0.516	0.332	0.651	0.575	0.618	1.359	1.012	0.938	0.768	0.899	0.935	0.772	0.643	0.805	0.970	0.729	0.676	0.811	0.822	0.717	0.717	0.831	0.875	0.762	0.889	1.018
1.846	1.727	2.430	1.780	2.181	1.968	1.490	1.107	1.133	1.297	0.856	0.975	1.078	0.733	0.893	0.885	0.529	0.664	0.313	0.371	0.355	0.481	0.734	0.488	0.474	0.473	0.767	0.562	0.557	0.653	0.651	0.603	0.791	1.069	0.666	0.699	0.940	1.817	1.362	1.238	1.574	2.245	2.126	2.427	3.320	3.726	0.732	0.441	0.746	0.521	0.244	0.208	0.350	0.151	0.028	0.004	0.028	0.181	0.289	0.301	0.470	0.446	0.444	0.415	0.444	0.445	0.447	0.474	0.583	0.437	0.544	0.462	0.476	0.446	0.477	0.766	0.484	0.734	0.761	0.913	0.885	0.708	0.572	0.628	0.621	0.528	0.640	0.586	0.603	0.545	0.691	1.165	0.650	0.554	0.516	0.491	0.606	0.873	0.500	0.534	0.848	0.782	0.571	0.667	0.732	0.712	0.629	0.733	0.781	0.722	0.858	0.782
1.713	1.830	2.383	1.713	1.899	1.691	1.280	0.880	0.997	0.973	0.597	0.883	0.845	0.649	0.902	0.613	0.468	0.531	0.282	0.409	0.398	0.467	0.717	0.526	0.452	0.428	0.749	0.575	0.557	0.575	0.611	0.573	0.715	1.018	0.590	0.564	0.785	1.913	1.413	1.232	1.614	2.416	1.859	2.265	3.284	3.636	0.602	0.449	0.581	0.595	0.260	0.290	0.324	0.283	0.191	0.028	0.004	0.029	0.187	0.293	0.497	0.397	0.388	0.507	0.518	0.448	0.512	0.744	0.614	0.499	0.743	0.555	0.512	0.554	0.586	0.752	0.553	0.767	0.765	0.838	0.800	0.723	0.561	0.625	0.599	0.544	0.610	0.619	0.616	0.477	0.721	0.815	0.468	0.565	0.401	0.403	0.519	0.883	0.503	0.516	0.891	0.834	0.603	0.616	0.722	0.727	0.659	0.688	0.745	0.761	0.788	0.833
1.768	1.873	2.420	1.769	1.924	1.699	1.296	0.858	0.968	0.994	0.523	0.876	0.631	0.485	0.570	0.496	0.576	0.552	0.320	0.625	0.503	0.293	0.756	0.666	0.596	0.620	0.658	0.621	0.610	0.633	0.646	0.626	0.775	0.909	0.609	0.637	0.797	1.777	1.319	1.152	1.523	2.272	1.766	2.038	2.972	3.462	0.804	0.774	0.997	1.012	0.402	0.256	0.263	0.205	0.242	0.181	0.029	0.004	0.028	0.167	0.365	0.355	0.306	0.379	0.455	0.339	0.380	0.514	0.589	0.363	0.466	0.414	0.399	0.405	0.422	0.659	0.421	0.671	0.659	0.865	0.887	0.944	0.684	0.702	0.818	0.959	1.118	1.006	0.837	0.921	1.237	0.693	0.732	0.742	0.354	0.521	0.585	0.808	0.417	0.440	0.762	0.720	0.486	0.498	0.600	0.616	0.536	0.542	0.674	0.636	0.631	0.778
1.665	1.745	2.305	1.640	1.999	1.785	1.346	0.935	1.052	1.016	0.610	0.911	0.802	0.528	0.730	0.599	0.428	0.529	0.342	0.410	0.401	0.406	0.654	0.466	0.527	0.482	0.614	0.492	0.625	0.561	0.568	0.571	0.745	0.847	0.568	0.709	0.850	1.992	1.529	1.241	1.576	2.024	2.112	2.264	3.020	3.544	1.066	0.874	1.422	1.003	0.417	0.332	0.332	0.227	0.296	0.289	0.187	0.028	0.004	0.029	0.164	0.260	0.166	0.213	0.226	0.248	0.231	0.242	0.411	0.236	0.357	0.251	0.307	0.295	0.283	0.574	0.324	0.589	0.745	1.040	0.894	0.722	0.625	0.661	0.704	0.617	0.653	0.680	0.617	0.492	0.267	0.977	0.581	0.591	0.459	0.509	0.641	0.861	0.514	0.595	0.769	0.816	0.597	0.660	0.698	0.739	0.647	0.662	0.714	0.732	0.781	0.797
