0.003	0.029	0.674	1.566	1.978	2.258	1.716	1.645	1.564	1.489	1.894	1.663	1.357	1.740	1.840	1.541	1.312	2.211	1.756	1.400	1.580	1.991	1.724	1.591	2.053	1.883	1.599	1.774	1.986	1.889	1.675	1.929	2.129	1.903	1.814	2.136	2.059	1.837	1.939	2.167	2.337	2.973	3.233	2.625	2.933	3.344	2.906	2.676	2.985	2.849	2.675	2.681	2.502	2.487	2.907	2.483	2.297	2.297	2.246	2.121	1.864	2.087	1.987	1.673	1.706	1.968	1.758	1.554	1.815	1.736	1.560	1.633	1.856	1.720	1.887	1.836	1.961	3.891	2.873	2.894	2.800	2.734	2.872	3.010	3.175	3.034	2.780	2.910	2.686	2.681	2.488	2.498	2.528	2.466	2.240	2.385	2.380	2.548	2.308	2.022	2.192	2.471	1.854	1.882	1.974	1.788	1.527	1.706	1.694	1.461	1.579	3.038
0.029	0.004	0.028	0.708	1.529	1.709	2.067	2.233	1.985	2.048	2.435	2.336	2.021	2.278	2.480	2.288	1.775	2.654	2.305	1.990	2.001	2.454	2.155	1.943	2.246	2.181	1.994	2.027	2.194	2.125	1.918	2.076	2.280	2.093	2.006	2.221	2.187	2.035	2.135	2.261	2.315	2.779	2.870	2.530	2.980	3.223	3.304	3.208	3.441	3.409	3.195	3.191	3.081	3.039	3.498	3.067	2.897	2.944	2.789	2.764	2.467	2.510	2.524	2.317	2.159	2.400	2.280	2.089	2.128	2.145	2.073	2.003	2.083	2.049	2.158	2.034	2.120	3.847	2.996	3.341	3.284	3.267	3.473	3.391	3.309	3.244	3.216	3.180	2.944	2.985	2.937	2.729	2.760	2.761	2.535	2.660	2.573	2.812	2.561	2.267	2.421	2.717	2.148	2.167	2.255	2.147	1.944	2.067	2.036	1.872	1.945	3.237
0.674	0.028	0.004	0.028	0.662	1.117	1.978	2.479	2.294	2.472	2.798	2.757	2.599	2.693	2.995	2.854	2.645	3.205	2.846	2.787	2.748	2.989	2.805	2.768	2.826	2.801	2.728	2.632	2.746	2.751	2.601	2.616	2.742	2.696	2.468	2.693	2.703	2.413	2.501	2.661	2.647	3.171	3.386	2.886	3.141	3.605	4.037	3.707	4.075	3.537	3.416	3.467	3.278	3.226	3.384	3.296	3.118	3.085	3.233	3.111	2.911	3.123	3.058	2.800	2.885	3.054	2.930	2.839	2.983	2.940	2.906	2.991	3.029	2.990	3.263	3.146	3.151	4.892	3.996	4.002	3.839	3.779	3.662	3.925	3.905	3.808	3.615	3.595	3.382	3.398	3.314	3.130	3.167	3.188	3.076	2.846	3.065	3.611	3.212	2.716	3.039	3.569	2.713	2.719	2.930	2.884	2.145	2.509	2.869	2.131	1.775	2.209
1.566	0.708	0.028	0.004	0.028	0.755	1.487	1.666	2.402	2.162	2.077	2.073	2.208	2.257	2.086	2.090	2.276	1.996	2.123	2.170	2.132	2.033	2.109	2.275	2.136	2.059	2.218	2.411	2.111	2.110	2.360	2.287	2.157	2.198	2.503	2.238	2.205	2.598	2.602	2.324	2.377	2.154	2.067	2.329	3.163	2.962	2.716	2.507	2.675	2.550	2.677	2.772	2.570	2.469	2.488	2.435	2.414	2.203	2.147	2.291	2.215	1.945	2.066	2.338	2.054	1.960	2.087	2.286	1.920	1.983	2.194	2.055	1.862	1.956	2.031	2.054	2.117	3.014	2.576	2.834	2.483	2.392	2.340	2.140	2.166	2.118	2.229	1.993	2.039	2.065	2.196	1.975	1.972	2.003	1.940	2.302	1.936	1.967	1.872	2.071	1.892	1.780	2.123	2.103	1.979	2.036	2.714	2.326	2.036	2.754	3.407	5.090
1.978	1.529	0.662	0.028	0.004	0.028	0.308	0.843	1.115	1.047	1.049	0.964	1.254	1.195	1.221	1.231	1.502	1.586	1.382	1.606	1.695	1.584	1.560	1.943	2.023	1.750	1.768	2.091	1.954	1.893	2.032	2.193	2.098	2.052	2.185	2.299	2.179	2.184	2.356	2.357	2.660	3.026	3.441	2.714	2.706	3.235	2.588	2.186	2.431	1.895	1.901	2.000	1.672	1.603	1.619	1.586	1.479	1.484	1.461	1.423	1.385	1.523	1.424	1.457	1.635	1.560	1.526	1.722	1.847	1.707	1.761	2.010	2.017	1.940	2.350	2.478	2.543	4.497	3.481	2.484	2.122	2.009	2.015	2.328	2.562	2.410	2.068	2.134	2.120	2.067	1.856	1.946	1.951	1.883	1.732	1.991	1.807	2.263	1.872	1.769	1.848	2.099	1.686	1.705	1.773	1.719	1.676	1.651	1.768	1.703	2.032	3.411
2.258	1.709	1.117	0.755	0.028	0.004	0.029	0.394	0.513	0.380	0.770	0.489	0.931	0.619	0.581	0.817	1.506	1.099	0.941	1.561	1.630	1.311	1.338	2.230	1.902	1.634	1.891	2.105	1.941	1.869	2.146	2.267	2.055	2.104	2.301	2.335	2.217	2.267	2.447	2.383	2.681	2.942	3.529	2.965	2.770	3.270	1.987	1.622	1.957	1.486	1.687	1.850	1.443	1.253	1.224	1.239	1.073	1.016	0.966	1.010	0.996	1.081	1.000	1.231	1.506	1.293	1.294	1.684	1.793	1.606	1.706	2.088	2.065	1.957	2.447	2.707	2.610	4.716	3.658	2.066	1.667	1.534	1.535	1.699	1.924	1.752	1.486	1.530	1.514	1.457	1.324	1.466	1.433	1.355	1.369	1.568	1.406	1.863	1.550	1.595	1.577	1.712	1.578	1.602	1.615	1.600	1.739	1.641	1.672	1.773	2.229	3.393
1.716	2.067	1.978	1.487	0.308	0.029	0.004	0.029	0.429	0.679	0.960	0.826	1.072	0.607	0.594	0.953	1.434	1.077	0.947	1.387	1.449	1.217	1.178	1.870	1.661	1.422	1.553	1.655	1.601	1.536	1.666	1.794	1.653	1.650	1.742	1.820	1.743	1.682	1.847	1.839	2.230	2.437	3.046	2.387	2.308	2.930	1.792	1.457	1.713	1.248	1.656	1.822	1.515	1.183	1.083	1.210	1.115	0.903	0.972	1.092	1.026	1.070	1.016	1.236	1.364	1.198	1.202	1.523	1.583	1.400	1.550	1.777	1.744	1.658	2.201	2.311	2.100	4.079	3.087	1.849	1.465	1.406	1.342	1.649	1.946	1.715	1.352	1.515	1.478	1.409	1.273	1.440	1.400	1.326	1.315	1.392	1.340	1.931	1.427	1.386	1.454	1.694	1.295	1.328	1.403	1.340	1.298	1.271	1.477	1.393	1.879	3.494
1.645	2.233	2.479	1.666	0.843	0.394	0.029	0.004	0.033	0.247	0.971	0.648	0.582	0.819	0.915	0.662	1.034	1.234	0.934	0.901	1.182	1.211	0.939	1.319	1.465	1.152	1.091	1.314	1.229	1.167	1.124	1.306	1.316	1.194	1.200	1.349	1.294	1.169	1.300	1.356	1.726	1.928	2.444	1.856	2.169	2.776	1.887	1.648	1.871	1.702	1.957	2.119	1.866	1.621	1.622	1.668	1.419	1.416	1.339	1.289	1.016	1.119	1.109	0.976	1.019	1.022	0.965	0.992	1.186	0.994	0.998	1.138	1.187	1.067	1.498	1.481	1.248	3.138	2.243	2.018	1.776	1.667	1.718	1.733	1.923	1.799	1.681	1.621	1.624	1.596	1.561	1.550	1.533	1.481	1.317	1.562	1.418	1.868	1.232	1.152	1.279	1.581	0.967	1.026	1.135	0.975	0.941	0.906	1.064	1.030	1.630	3.760
1.564	1.985	2.294	2.402	1.115	0.513	0.429	0.033	0.004	0.028	0.375	0.260	0.813	0.413	0.533	0.723	1.007	0.724	0.655	0.863	0.981	0.812	0.770	1.200	1.102	0.882	1.001	1.101	0.962	0.918	0.975	1.046	0.991	0.961	0.988	1.063	1.028	0.959	1.068	1.082	1.488	1.642	2.253	1.689	2.114	2.645	1.779	1.493	1.572	1.141	1.308	1.366	1.174	0.985	0.895	0.986	1.020	0.781	0.851	0.964	0.867	0.868	0.846	0.989	0.919	0.873	0.881	1.088	1.079	0.940	1.106	1.149	1.119	1.062	1.561	1.378	1.186	2.970	2.136	1.552	1.304	1.297	1.217	1.601	1.881	1.578	1.214	1.341	1.267	1.202	1.087	1.120	1.094	1.045	0.955	1.084	0.980	1.696	0.977	0.874	1.003	1.415	0.732	0.782	0.934	0.860	0.793	0.706	1.035	0.932	1.565	3.704
1.489	2.048	2.472	2.162	1.047	0.380	0.679	0.247	0.028	0.004	0.032	0.223	0.231	0.274	0.279	0.322	0.541	0.315	0.293	0.295	0.467	0.480	0.594	0.781	0.607	0.392	0.708	0.660	0.401	0.390	0.486	0.428	0.557	0.412	0.438	0.446	0.436	0.490	0.623	0.494	1.153	1.091	1.773	1.413	2.244	2.653	1.548	1.365	1.399	1.150	1.282	1.364	1.281	0.905	0.824	1.033	0.945	0.540	0.718	1.016	0.659	0.608	0.655	0.969	0.595	0.577	0.665	0.821	0.720	0.594	0.927	0.714	0.670	0.645	1.056	0.949	0.842	2.304	1.616	1.476	1.163	1.231	1.182	1.362	1.601	1.276	1.084	1.065	1.006	0.944	0.924	0.856	0.822	0.801	0.662	0.879	0.679	1.539	0.624	0.675	0.672	1.064	0.665	0.601	0.640	0.663	0.893	0.677	0.922	1.203	1.936	4.481
1.894	2.435	2.798	2.077	1.049	0.770	0.960	0.971	0.375	0.032	0.004	0.032	0.196	0.256	0.283	0.318	0.314	0.396	0.388	0.344	0.395	0.627	0.694	0.514	0.652	0.452	0.692	0.652	0.440	0.456	0.487	0.439	0.733	0.462	0.453	0.462	0.482	0.501	0.650	0.519	1.109	1.081	1.625	1.364	2.256	2.755	1.642	1.465	1.474	1.222	1.328	1.376	1.069	0.922	0.866	0.929	0.952	0.615	0.796	0.867	0.738	0.704	0.733	0.832	0.670	0.672	0.710	0.846	0.764	0.675	0.800	0.737	0.700	0.689	0.948	0.883	0.896	2.107	1.579	1.577	1.300	1.326	1.235	1.465	1.707	1.361	1.143	1.074	1.033	0.988	0.988	0.888	0.860	0.868	0.743	0.930	0.754	1.559	0.715	0.764	0.749	1.078	0.808	0.718	0.739	0.775	0.943	0.769	0.970	1.162	1.757	4.077
1.663	2.336	2.757	2.073	0.964	0.489	0.826	0.648	0.260	0.223	0.032	0.004	0.028	0.163	0.260	0.259	0.298	0.314	0.542	0.327	0.324	0.487	0.738	0.530	0.477	0.410	0.816	0.562	0.402	0.434	0.550	0.425	0.726	0.454	0.463	0.431	0.455	0.512	0.600	0.468	1.046	0.925	1.522	1.349	2.514	2.968	1.442	1.374	1.320	1.340	1.299	1.272	1.168	0.956	0.908	1.016	0.907	0.549	0.716	0.896	0.695	0.654	0.692	0.832	0.676	0.654	0.702	0.849	0.748	0.675	0.838	0.771	0.706	0.710	1.007	0.907	0.921	1.945	1.469	1.522	1.203	1.274	1.264	1.298	1.498	1.174	1.119	0.977	0.896	0.818	0.865	0.779	0.717	0.728	0.671	0.853	0.656	1.562	0.628	0.655	0.646	1.046	0.790	0.671	0.700	0.755	0.967	0.787	0.955	1.260	1.935	4.338
1.357	2.021	2.599	2.208	1.254	0.931	1.072	0.582	0.813	0.231	0.196	0.028	0.004	0.028	0.156	0.254	0.184	0.222	0.221	0.227	0.333	0.299	0.528	0.745	0.431	0.322	0.757	0.609	0.328	0.335	0.479	0.364	0.520	0.364	0.399	0.376	0.376	0.482	0.567	0.427	1.088	0.909	1.613	1.364	2.429	2.797	1.322	1.232	1.224	1.117	1.166	1.047	0.993	0.807	0.646	0.777	0.827	0.472	0.528	0.839	0.580	0.520	0.546	0.761	0.552	0.519	0.563	0.725	0.692	0.556	0.764	0.688	0.653	0.616	1.039	0.904	0.829	2.203	1.559	1.360	1.035	1.108	1.078	1.118	1.266	1.001	0.898	0.932	0.807	0.679	0.741	0.724	0.658	0.610	0.567	0.852	0.580	1.458	0.559	0.625	0.579	1.031	0.652	0.581	0.569	0.625	0.956	0.706	0.859	1.207	1.944	4.266
1.740	2.278	2.693	2.257	1.195	0.619	0.607	0.819	0.413	0.274	0.256	0.163	0.028	0.004	0.028	0.156	0.271	0.219	0.243	0.247	0.370	0.424	0.357	0.532	0.580	0.348	0.549	0.658	0.347	0.349	0.385	0.364	0.576	0.360	0.380	0.388	0.387	0.444	0.603	0.464	1.077	1.013	1.632	1.367	2.243	2.671	1.332	1.163	1.223	0.908	0.960	0.845	0.876	0.681	0.677	0.694	0.886	0.547	0.565	0.698	0.617	0.535	0.548	0.704	0.511	0.506	0.536	0.702	0.674	0.523	0.658	0.619	0.603	0.556	0.872	0.823	0.814	2.261	1.653	1.211	0.907	0.931	0.984	1.080	1.271	1.007	0.863	0.921	0.814	0.727	0.779	0.739	0.689	0.663	0.585	0.885	0.607	1.361	0.588	0.672	0.606	0.996	0.653	0.593	0.558	0.611	0.927	0.668	0.822	1.084	1.677	3.814
1.840	2.480	2.995	2.086	1.221	0.581	0.594	0.915	0.533	0.279	0.283	0.260	0.156	0.028	0.004	0.029	0.152	0.193	0.161	0.203	0.201	0.449	0.542	0.274	0.448	0.313	0.570	0.448	0.307	0.329	0.376	0.321	0.678	0.350	0.350	0.342	0.363	0.404	0.567	0.409	1.064	1.006	1.527	1.319	2.361	2.884	1.470	1.530	1.103	1.304	0.863	0.736	0.897	0.511	0.570	0.696	0.949	0.584	0.621	0.807	0.695	0.614	0.664	0.764	0.553	0.530	0.577	0.734	0.681	0.548	0.680	0.640	0.600	0.574	0.832	0.805	0.842	2.019	1.573	1.248	1.078	1.150	1.361	1.446	1.671	1.371	1.127	1.187	1.121	1.003	0.929	0.913	0.884	0.854	0.614	0.821	0.675	1.497	0.607	0.682	0.648	1.007	0.713	0.614	0.601	0.650	0.892	0.679	0.855	1.079	1.648	3.830
1.541	2.288	2.854	2.090	1.231	0.817	0.953	0.662	0.723	0.322	0.318	0.259	0.254	0.156	0.029	0.004	0.028	0.160	0.266	0.197	0.221	0.243	0.597	0.387	0.280	0.311	0.757	0.436	0.314	0.341	0.470	0.353	0.567	0.367	0.389	0.368	0.373	0.442	0.568	0.404	1.086	0.871	1.530	1.331	2.531	2.958	1.283	1.272	1.073	1.201	1.002	0.891	1.000	0.762	0.683	0.869	0.895	0.517	0.622	0.938	0.692	0.630	0.687	0.846	0.561	0.599	0.696	0.833	0.692	0.587	0.853	0.677	0.633	0.624	0.986	0.867	0.817	2.079	1.562	1.223	0.971	1.152	1.108	1.100	1.195	0.875	0.920	0.939	0.754	0.615	0.710	0.712	0.620	0.566	0.553	0.848	0.568	1.535	0.554	0.615	0.575	1.067	0.671	0.590	0.611	0.664	0.935	0.707	0.917	1.168	1.866	4.180
1.312	1.775	2.645	2.276	1.502	1.506	1.434	1.034	1.007	0.541	0.314	0.298	0.184	0.271	0.152	0.028	0.004	0.028	0.146	0.216	0.194	0.273	0.278	0.613	0.379	0.298	0.543	0.611	0.294	0.294	0.372	0.309	0.454	0.311	0.333	0.331	0.339	0.411	0.540	0.400	1.072	0.897	1.607	1.337	2.355	2.748	1.232	1.114	1.042	0.919	0.881	0.649	0.754	0.603	0.553	0.601	0.728	0.517	0.395	0.649	0.499	0.486	0.415	0.628	0.400	0.423	0.425	0.638	0.635	0.453	0.576	0.582	0.597	0.519	0.933	0.824	0.798	2.331	1.683	1.070	0.816	0.915	0.955	0.979	1.079	0.843	0.751	1.008	0.806	0.611	0.684	0.704	0.659	0.562	0.539	0.945	0.608	1.279	0.589	0.627	0.567	1.011	0.546	0.540	0.500	0.518	0.940	0.639	0.724	1.059	1.698	3.732
2.211	2.654	3.205	1.996	1.586	1.099	1.077	1.234	0.724	0.315	0.396	0.314	0.222	0.219	0.193	0.160	0.028	0.004	0.029	0.147	0.217	0.279	0.335	0.266	0.536	0.321	0.340	0.520	0.313	0.324	0.338	0.328	0.584	0.350	0.346	0.351	0.367	0.392	0.586	0.424	1.059	0.994	1.575	1.313	2.224	2.765	1.227	1.100	0.990	0.795	0.892	1.021	1.108	1.112	1.243	1.016	0.974	0.790	0.751	0.735	0.558	0.544	0.491	0.569	0.462	0.511	0.452	0.641	0.669	0.478	0.514	0.590	0.593	0.522	0.787	0.804	0.826	2.236	1.747	0.979	0.853	0.820	0.806	0.908	1.081	0.889	0.844	0.832	0.782	0.758	0.840	0.773	0.745	0.713	0.592	0.906	0.634	1.285	0.612	0.648	0.617	1.028	0.575	0.559	0.547	0.539	0.839	0.594	0.733	0.896	1.368	3.277
1.756	2.305	2.846	2.123	1.382	0.941	0.947	0.934	0.655	0.293	0.388	0.542	0.221	0.243	0.161	0.266	0.146	0.029	0.004	0.029	0.164	0.222	0.271	0.328	0.310	0.339	0.528	0.362	0.347	0.362	0.431	0.373	0.672	0.387	0.401	0.379	0.398	0.417	0.592	0.425	1.090	0.934	1.502	1.322	2.489	3.040	1.277	1.307	1.006	1.198	0.745	0.649	0.726	0.711	0.565	0.650	0.745	0.215	0.474	0.700	0.759	0.645	0.680	0.811	0.460	0.511	0.582	0.650	0.685	0.466	0.543	0.595	0.596	0.517	0.770	0.796	0.837	2.012	1.636	1.043	0.904	1.110	1.017	1.043	1.123	0.837	0.890	0.969	0.801	0.664	0.726	0.764	0.659	0.670	0.539	0.808	0.555	1.580	0.567	0.612	0.594	1.000	0.628	0.560	0.551	0.557	0.860	0.621	0.743	0.974	1.511	3.507
1.400	1.990	2.787	2.170	1.606	1.561	1.387	0.901	0.863	0.295	0.344	0.327	0.227	0.247	0.203	0.197	0.216	0.147	0.029	0.004	0.028	0.162	0.287	0.221	0.252	0.267	0.576	0.343	0.283	0.277	0.393	0.311	0.421	0.304	0.327	0.328	0.324	0.403	0.548	0.374	1.090	0.813	1.494	1.320	2.566	2.934	1.225	1.168	0.912	1.013	0.739	0.578	0.675	0.608	0.541	0.565	0.644	0.579	0.399	0.565	0.566	0.440	0.441	0.654	0.378	0.409	0.431	0.628	0.596	0.420	0.548	0.560	0.580	0.495	0.869	0.797	0.787	2.218	1.638	1.001	0.800	1.063	0.980	0.949	1.002	0.690	0.751	1.003	0.766	0.552	0.621	0.681	0.600	0.475	0.468	0.960	0.564	1.217	0.609	0.634	0.515	0.975	0.528	0.540	0.470	0.496	0.989	0.666	0.682	1.071	1.702	3.624
1.580	2.001	2.748	2.132	1.695	1.630	1.449	1.182	0.981	0.467	0.395	0.324	0.333	0.370	0.201	0.221	0.194	0.217	0.164	0.028	0.004	0.028	0.149	0.228	0.187	0.260	0.228	0.488	0.233	0.245	0.270	0.250	0.406	0.262	0.283	0.282	0.298	0.341	0.539	0.367	1.044	0.870	1.543	1.293	2.292	2.741	1.276	1.088	0.989	0.762	0.707	0.638	0.687	0.668	0.759	0.585	0.661	0.524	0.463	0.477	0.516	0.532	0.381	0.574	0.387	0.510	0.400	0.666	0.586	0.463	0.487	0.597	0.608	0.538	0.840	0.824	0.861	2.377	1.802	0.932	0.817	0.901	0.975	0.988	1.094	0.794	0.709	1.140	0.863	0.644	0.683	0.715	0.688	0.548	0.505	1.055	0.655	1.049	0.732	0.624	0.570	0.976	0.466	0.520	0.501	0.500	0.890	0.585	0.592	0.874	1.318	2.974
1.991	2.454	2.989	2.033	1.584	1.311	1.217	1.211	0.812	0.480	0.627	0.487	0.299	0.424	0.449	0.243	0.273	0.279	0.222	0.162	0.028	0.004	0.029	0.150	0.283	0.207	0.215	0.224	0.233	0.231	0.232	0.242	0.688	0.265	0.262	0.280	0.296	0.313	0.508	0.366	1.126	1.016	1.508	1.268	2.289	2.885	1.261	1.152	1.108	0.946	0.847	0.920	0.872	0.942	0.983	0.782	0.779	0.446	0.645	0.581	0.590	0.714	0.589	0.547	0.447	0.722	0.587	0.619	0.640	0.488	0.501	0.591	0.580	0.523	0.698	0.791	0.860	2.136	1.805	0.945	0.916	0.967	0.952	0.911	0.963	0.819	0.792	1.048	0.975	0.782	0.761	0.870	0.828	0.714	0.608	0.944	0.719	1.106	0.620	0.676	0.602	1.037	0.496	0.524	0.507	0.502	0.815	0.563	0.624	0.782	1.138	2.721
1.724	2.155	2.805	2.109	1.560	1.338	1.178	0.939	0.770	0.594	0.694	0.738	0.528	0.357	0.542	0.597	0.278	0.335	0.271	0.287	0.149	0.029	0.004	0.028	0.151	0.211	0.188	0.226	0.229	0.222	0.264	0.232	0.476	0.241	0.248	0.245	0.258	0.315	0.477	0.321	1.107	0.845	1.348	1.305	2.663	3.132	1.012	0.993	0.742	1.030	0.653	0.657	0.679	0.640	0.651	0.615	0.681	0.329	0.479	0.357	0.343	0.402	0.354	0.457	0.234	0.458	0.430	0.634	0.557	0.348	0.421	0.554	0.551	0.479	0.748	0.771	0.809	2.084	1.695	0.915	0.733	1.219	0.939	0.884	0.887	0.751	0.832	1.035	0.711	0.687	0.763	0.710	0.567	0.590	0.479	0.811	0.522	1.461	0.539	0.638	0.504	0.963	0.495	0.523	0.449	0.458	0.962	0.641	0.610	0.953	1.454	3.179
1.591	1.943	2.768	2.275	1.943	2.230	1.870	1.319	1.200	0.781	0.514	0.530	0.745	0.532	0.274	0.387	0.613	0.266	0.328	0.221	0.228	0.150	0.028	0.004	0.028	0.146	0.276	0.172	0.196	0.212	0.289	0.203	0.226	0.229	0.251	0.233	0.244	0.370	0.503	0.322	1.085	0.741	1.433	1.279	2.526	2.859	1.195	1.040	0.855	0.842	0.607	0.612	0.623	0.645	0.636	0.568	0.651	0.546	0.435	0.463	0.468	0.366	0.331	0.558	0.351	0.358	0.372	0.866	0.533	0.471	0.585	0.649	0.656	0.582	1.016	0.912	0.899	2.405	1.769	0.837	0.706	1.019	0.883	0.794	0.825	0.621	0.628	1.045	0.729	0.537	0.623	0.659	0.579	0.431	0.379	1.081	0.599	0.873	0.868	0.640	0.461	0.897	0.440	0.505	0.458	0.525	0.985	0.638	0.557	0.960	1.523	3.180
2.053	2.246	2.826	2.136	2.023	1.902	1.661	1.465	1.102	0.607	0.652	0.477	0.431	0.580	0.448	0.280	0.379	0.536	0.310	0.252	0.187	0.283	0.151	0.028	0.004	0.028	0.147	0.231	0.140	0.191	0.194	0.194	0.321	0.212	0.220	0.230	0.242	0.274	0.507	0.333	1.051	0.850	1.465	1.235	2.266	2.795	1.313	1.073	1.011	0.857	0.893	0.898	0.745	0.924	1.010	0.633	0.665	0.577	0.606	0.457	0.470	0.538	0.393	0.410	0.403	0.521	0.400	0.662	0.543	0.513	0.527	0.633	0.658	0.598	0.749	0.937	0.959	2.348	1.888	0.969	0.885	0.923	0.926	0.926	0.942	0.872	0.885	0.979	0.902	0.807	0.955	0.804	0.769	0.706	0.591	1.142	0.760	0.750	0.933	0.629	0.530	0.830	0.460	0.520	0.502	0.508	0.814	0.566	0.503	0.706	0.930	2.145
1.883	2.181	2.801	2.059	1.750	1.634	1.422	1.152	0.882	0.392	0.452	0.410	0.322	0.348	0.313	0.311	0.298	0.321	0.339	0.267	0.260	0.207	0.211	0.146	0.028	0.004	0.029	0.148	0.248	0.158	0.176	0.202	0.562	0.193	0.205	0.211	0.227	0.275	0.430	0.300	1.086	0.903	1.279	1.290	2.605	3.205	1.050	0.903	0.755	0.797	0.436	0.499	0.369	0.393	0.472	0.376	0.325	0.446	0.394	0.255	0.269	0.108	0.322	0.327	0.428	0.458	0.392	0.454	0.585	0.439	0.457	0.540	0.541	0.441	0.489	0.874	0.904	2.003	1.800	0.635	0.598	1.118	0.851	0.554	0.518	0.478	0.484	0.641	0.456	0.368	0.517	0.483	0.264	0.230	0.123	0.445	0.364	1.075	0.366	0.511	0.426	0.807	0.588	0.490	0.402	0.493	0.672	0.494	0.598	0.695	0.865	2.246
1.599	1.994	2.728	2.218	1.768	1.891	1.553	1.091	1.001	0.708	0.692	0.816	0.757	0.549	0.570	0.757	0.543	0.340	0.528	0.576	0.228	0.215	0.188	0.276	0.147	0.029	0.004	0.029	0.139	0.232	0.130	0.185	0.201	0.211	0.204	0.200	0.213	0.329	0.448	0.288	1.127	0.758	1.221	1.346	2.824	3.173	1.157	0.977	0.831	0.822	0.509	0.519	0.585	0.533	0.531	0.524	0.597	0.525	0.426	0.476	0.454	0.403	0.476	0.568	0.225	0.617	0.720	0.916	0.569	0.748	0.865	0.963	0.840	0.895	1.135	0.973	0.995	2.287	1.783	0.751	0.653	1.055	0.855	0.656	0.648	0.562	0.571	0.877	0.588	0.478	0.628	0.663	0.473	0.369	0.368	0.868	0.520	0.815	1.032	0.639	0.461	1.091	0.532	0.546	0.546	0.770	1.067	0.771	0.817	1.174	1.699	3.132
1.774	2.027	2.632	2.411	2.091	2.105	1.655	1.314	1.101	0.660	0.652	0.562	0.609	0.658	0.448	0.436	0.611	0.520	0.362	0.343	0.488	0.224	0.226	0.172	0.231	0.148	0.029	0.004	0.028	0.139	0.223	0.166	0.204	0.208	0.225	0.196	0.218	0.307	0.491	0.312	1.089	0.713	1.384	1.251	2.464	2.807	1.322	1.001	0.925	0.735	0.608	0.596	0.546	0.639	0.612	0.506	0.555	0.524	0.479	0.388	0.415	0.409	0.356	0.415	0.398	0.468	0.434	0.730	0.515	0.556	0.597	0.697	0.779	0.675	0.998	1.106	1.090	2.596	1.957	0.824	0.677	0.949	0.824	0.783	0.874	0.792	0.704	0.776	0.839	0.638	0.712	0.781	0.703	0.528	0.420	1.039	0.686	0.549	1.035	0.580	0.433	0.893	0.498	0.502	0.454	0.604	0.710	0.636	0.464	0.687	0.930	1.991
1.986	2.194	2.746	2.111	1.954	1.941	1.601	1.229	0.962	0.401	0.440	0.402	0.328	0.347	0.307	0.314	0.294	0.313	0.347	0.283	0.233	0.233	0.229	0.196	0.140	0.248	0.139	0.028	0.004	0.029	0.146	0.230	0.177	0.226	0.221	0.213	0.227	0.254	0.446	0.313	1.064	0.808	1.288	1.193	2.360	2.977	1.218	0.902	0.842	0.684	0.663	0.714	0.591	0.642	0.650	0.573	0.590	0.565	0.577	0.490	0.497	0.449	0.498	0.443	0.541	0.531	0.481	0.575	0.499	0.518	0.538	0.625	0.675	0.602	0.642	1.133	1.023	2.206	1.945	0.767	0.660	0.868	0.756	0.658	0.724	0.761	0.719	0.600	0.748	0.751	0.772	0.788	0.757	0.692	0.608	1.107	0.809	0.566	0.821	0.605	0.516	0.675	0.509	0.548	0.502	0.583	0.685	0.708	0.502	0.616	0.772	1.393
1.889	2.125	2.751	2.110	1.893	1.869	1.536	1.167	0.918	0.390	0.456	0.434	0.335	0.349	0.329	0.341	0.294	0.324	0.362	0.277	0.245	0.231	0.222	0.212	0.191	0.158	0.232	0.139	0.029	0.004	0.028	0.151	0.315	0.169	0.221	0.210	0.212	0.270	0.333	0.272	1.150	0.897	1.075	1.422	2.893	3.389	1.144	0.903	0.827	0.717	0.513	0.567	0.478	0.496	0.555	0.487	0.485	0.512	0.464	0.420	0.417	0.376	0.467	0.402	0.563	0.435	0.423	0.508	0.420	0.530	0.541	0.639	0.590	0.564	0.591	1.048	1.003	2.001	1.871	0.705	0.649	1.069	0.864	0.611	0.635	0.576	0.537	0.603	0.590	0.490	0.524	0.673	0.501	0.438	0.474	0.698	0.557	0.709	1.177	0.531	0.375	1.023	0.467	0.429	0.447	0.532	0.773	0.579	0.471	0.722	0.847	1.812
1.675	1.918	2.601	2.360	2.032	2.146	1.666	1.124	0.975	0.486	0.487	0.550	0.479	0.385	0.376	0.470	0.372	0.338	0.431	0.393	0.270	0.232	0.264	0.289	0.194	0.176	0.130	0.223	0.146	0.028	0.004	0.028	0.152	0.298	0.207	0.211	0.236	0.373	0.426	0.324	1.241	0.805	1.120	1.438	2.920	3.155	1.166	0.921	0.840	0.739	0.517	0.553	0.489	0.508	0.543	0.488	0.510	0.523	0.466	0.437	0.441	0.394	0.487	0.560	0.572	0.504	0.588	0.818	0.562	0.690	0.808	0.832	0.962	0.898	0.957	1.215	1.136	2.680	1.977	0.708	0.635	0.977	0.817	0.598	0.642	0.613	0.570	0.588	0.616	0.523	0.565	0.690	0.545	0.435	0.446	0.790	0.575	0.626	1.164	0.488	0.372	1.019	0.578	0.496	0.471	0.962	0.729	0.599	0.514	0.676	0.982	1.749
1.929	2.076	2.616	2.287	2.193	2.267	1.794	1.306	1.046	0.428	0.439	0.425	0.364	0.364	0.321	0.353	0.309	0.328	0.373	0.311	0.250	0.242	0.232	0.203	0.194	0.202	0.185	0.166	0.230	0.151	0.028	0.004	0.028	0.144	0.243	0.162	0.205	0.240	0.484	0.307	1.155	0.715	1.207	1.197	2.403	2.830	1.292	0.939	0.864	0.710	0.664	0.669	0.535	0.607	0.677	0.512	0.535	0.525	0.503	0.408	0.417	0.373	0.437	0.440	0.515	0.455	0.474	0.630	0.496	0.617	0.684	0.737	0.846	0.798	0.894	1.318	1.138	2.605	2.162	0.854	0.724	0.892	0.741	0.821	0.942	1.040	0.967	0.808	1.017	0.999	0.981	1.000	1.035	0.874	0.706	1.190	0.979	0.481	1.009	0.522	0.510	0.716	0.587	0.733	0.447	0.791	0.520	1.036	0.427	0.559	1.075	1.192
2.129	2.280	2.742	2.157	2.098	2.055	1.653	1.316	0.991	0.557	0.733	0.726	0.520	0.576	0.678	0.567	0.454	0.584	0.672	0.421	0.406	0.688	0.476	0.226	0.321	0.562	0.201	0.204	0.177	0.315	0.152	0.028	0.004	0.028	0.148	0.241	0.186	0.224	0.228	0.247	1.153	0.807	1.115	1.315	2.564	3.271	1.296	1.080	1.077	0.967	1.085	1.115	0.991	1.027	0.984	0.936	0.987	0.969	0.900	0.864	0.921	0.872	0.827	0.722	0.941	0.669	0.648	0.563	0.604	0.567	0.522	0.672	0.523	0.502	0.531	1.217	0.971	1.751	2.019	0.933	0.971	1.013	0.868	0.890	0.953	0.976	0.961	0.941	0.927	0.934	1.017	0.950	0.822	0.917	0.946	0.812	0.864	0.618	0.426	0.680	0.825	0.578	0.547	0.871	0.771	0.551	0.582	1.074	0.615	0.544	1.276	1.039
1.903	2.093	2.696	2.198	2.052	2.104	1.650	1.194	0.961	0.412	0.462	0.454	0.364	0.360	0.350	0.367	0.311	0.350	0.387	0.304	0.262	0.265	0.241	0.229	0.212	0.193	0.211	0.208	0.226	0.169	0.298	0.144	0.028	0.004	0.029	0.150	0.245	0.338	0.314	0.389	1.206	1.221	0.914	1.825	3.312	3.616	1.161	0.886	0.835	0.699	0.504	0.556	0.482	0.482	0.525	0.528	0.482	0.525	0.555	0.509	0.437	0.450	0.559	0.432	0.528	0.542	0.428	0.512	0.387	0.419	0.483	0.578	0.277	0.482	0.630	0.879	0.945	1.171	1.571	0.713	0.643	1.032	0.846	0.589	0.635	0.599	0.519	0.542	0.589	0.493	0.506	0.565	0.514	0.486	0.462	0.602	0.851	1.035	1.227	0.522	0.812	0.985	1.136	0.688	0.709	1.043	1.026	0.734	0.651	0.770	1.156	1.589
1.814	2.006	2.468	2.503	2.185	2.301	1.742	1.200	0.988	0.438	0.453	0.463	0.399	0.380	0.350	0.389	0.333	0.346	0.401	0.327	0.283	0.262	0.248	0.251	0.220	0.205	0.204	0.225	0.221	0.221	0.207	0.243	0.148	0.029	0.004	0.028	0.150	0.213	0.223	0.345	1.322	1.001	0.958	1.604	2.949	3.151	1.215	0.892	0.837	0.692	0.538	0.565	0.476	0.507	0.535	0.484	0.482	0.534	0.478	0.445	0.408	0.392	0.568	0.505	0.577	0.554	0.695	0.686	0.595	0.860	0.829	0.773	0.935	1.017	1.039	1.445	1.513	2.998	2.431	0.726	0.637	0.943	0.790	0.624	0.741	0.726	0.606	0.598	0.699	0.591	0.585	0.693	0.628	0.527	0.499	0.725	0.727	0.654	1.227	0.447	0.477	0.983	1.074	0.725	0.592	1.347	0.513	0.842	0.529	0.752	1.316	1.169
2.136	2.221	2.693	2.238	2.299	2.335	1.820	1.349	1.063	0.446	0.462	0.431	0.376	0.388	0.342	0.368	0.331	0.351	0.379	0.328	0.282	0.280	0.245	0.233	0.230	0.211	0.200	0.196	0.213	0.210	0.211	0.162	0.241	0.150	0.028	0.004	0.028	0.176	0.350	0.308	1.076	0.902	0.881	1.290	2.415	2.976	1.277	0.890	0.829	0.690	0.755	0.805	0.570	0.638	0.715	0.571	0.527	0.581	0.598	0.439	0.412	0.428	0.537	0.429	0.565	0.517	0.540	0.597	0.478	0.692	0.696	0.697	0.740	0.833	0.830	1.306	1.113	2.354	2.381	0.848	0.751	0.962	0.749	0.830	0.957	1.058	0.935	0.855	0.988	1.017	0.970	0.950	1.046	1.039	0.954	0.976	1.286	0.755	0.767	0.772	0.888	0.578	0.779	0.791	0.601	0.954	0.618	1.382	0.493	0.669	2.043	1.296
2.059	2.187	2.703	2.205	2.179	2.217	1.743	1.294	1.028	0.436	0.482	0.455	0.376	0.387	0.363	0.373	0.339	0.367	0.398	0.324	0.298	0.296	0.258	0.244	0.242	0.227	0.213	0.218	0.227	0.212	0.236	0.205	0.186	0.245	0.150	0.028	0.004	0.028	0.181	0.377	0.954	1.216	0.889	1.896	3.149	3.704	1.185	0.862	0.828	0.664	0.606	0.695	0.548	0.560	0.628	0.572	0.535	0.580	0.568	0.520	0.472	0.477	0.574	0.453	0.543	0.548	0.491	0.528	0.459	0.556	0.547	0.666	0.542	0.607	0.696	1.129	1.024	1.134	2.235	0.804	0.717	1.106	0.901	0.683	0.738	0.691	0.590	0.629	0.676	0.606	0.584	0.601	0.622	0.629	0.591	0.679	0.829	0.534	0.741	0.532	0.726	0.628	0.974	0.741	0.564	0.850	0.765	1.363	0.560	0.643	2.032	1.271
1.837	2.035	2.413	2.598	2.184	2.267	1.682	1.169	0.959	0.490	0.501	0.512	0.482	0.444	0.404	0.442	0.411	0.392	0.417	0.403	0.341	0.313	0.315	0.370	0.274	0.275	0.329	0.307	0.254	0.270	0.373	0.240	0.224	0.338	0.213	0.176	0.028	0.004	0.028	0.242	0.632	1.377	1.106	2.143	3.479	3.755	1.197	0.865	0.818	0.669	0.583	0.618	0.499	0.536	0.577	0.499	0.490	0.566	0.488	0.456	0.431	0.407	0.532	0.458	0.573	0.521	0.588	0.543	0.427	0.723	0.728	0.697	0.625	0.937	0.970	1.024	1.208	0.636	2.792	0.744	0.651	1.035	0.812	0.654	0.746	0.739	0.619	0.630	0.699	0.623	0.613	0.647	0.635	0.598	0.564	0.689	0.814	0.608	0.863	0.523	0.655	0.954	1.159	0.788	0.765	1.604	0.935	1.175	1.189	1.559	1.879	2.069
1.939	2.135	2.501	2.602	2.356	2.447	1.847	1.300	1.068	0.623	0.650	0.600	0.567	0.603	0.567	0.568	0.540	0.586	0.592	0.548	0.539	0.508	0.477	0.503	0.507	0.430	0.448	0.491	0.446	0.333	0.426	0.484	0.228	0.314	0.223	0.350	0.181	0.028	0.004	0.029	0.579	1.097	1.024	1.714	2.704	2.977	1.337	0.988	0.932	0.787	0.741	0.705	0.618	0.710	0.676	0.547	0.591	0.682	0.514	0.483	0.497	0.446	0.536	0.512	0.672	0.529	0.582	0.627	0.480	0.687	0.750	0.788	0.642	0.840	0.985	1.188	1.263	2.363	2.636	0.850	0.744	0.911	0.744	0.830	1.004	1.004	0.812	0.823	0.928	0.785	0.746	0.874	0.830	0.686	0.627	0.812	0.934	0.561	0.877	0.520	0.697	0.828	1.141	0.724	0.586	1.280	0.539	1.300	0.596	0.962	2.135	1.694
2.167	2.261	2.661	2.324	2.357	2.383	1.839	1.356	1.082	0.494	0.519	0.468	0.427	0.464	0.409	0.404	0.400	0.424	0.425	0.374	0.367	0.366	0.321	0.322	0.333	0.300	0.288	0.312	0.313	0.272	0.324	0.307	0.247	0.389	0.345	0.308	0.377	0.242	0.029	0.004	0.029	0.670	0.793	1.335	2.305	2.942	1.213	0.850	0.817	0.678	0.708	0.759	0.570	0.621	0.674	0.565	0.540	0.604	0.564	0.477	0.445	0.450	0.534	0.410	0.581	0.528	0.471	0.485	0.408	0.552	0.569	0.618	0.505	0.632	0.742	0.971	0.826	1.369	2.491	0.858	0.767	1.051	0.826	0.891	1.019	1.086	0.896	0.841	0.980	0.963	0.843	0.871	1.023	0.952	0.794	0.848	1.199	0.760	0.742	0.703	1.153	0.661	0.973	0.722	0.659	0.931	0.666	1.514	0.600	0.796	2.599	1.739
2.337	2.315	2.647	2.377	2.660	2.681	2.230	1.726	1.488	1.153	1.109	1.046	1.088	1.077	1.064	1.086	1.072	1.059	1.090	1.090	1.044	1.126	1.107	1.085	1.051	1.086	1.127	1.089	1.064	1.150	1.241	1.155	1.153	1.206	1.322	1.076	0.954	0.632	0.579	0.029	0.003	0.029	0.564	0.657	1.374	2.583	1.708	1.397	1.291	1.235	1.258	1.335	1.149	1.155	1.257	1.241	1.122	1.198	1.303	1.249	1.135	1.186	1.366	1.112	1.116	1.282	1.165	1.085	1.105	1.220	1.081	1.061	1.125	1.061	0.957	1.183	1.018	1.450	2.474	1.469	1.360	1.395	1.322	1.373	1.446	1.617	1.515	1.396	1.520	1.631	1.562	1.488	1.667	1.693	1.561	1.493	1.982	1.616	1.251	1.440	1.802	1.308	1.294	1.139	1.258	1.188	0.816	1.615	1.003	0.946	3.024	1.962
2.973	2.779	3.171	2.154	3.026	2.942	2.437	1.928	1.642	1.091	1.081	0.925	0.909	1.013	1.006	0.871	0.897	0.994	0.934	0.813	0.870	1.016	0.845	0.741	0.850	0.903	0.758	0.713	0.808	0.897	0.805	0.715	0.807	1.221	1.001	0.902	1.216	1.377	1.097	0.670	0.029	0.004	0.033	0.435	0.937	2.267	2.255	1.878	1.745	1.606	1.644	1.841	1.492	1.428	1.668	1.660	1.387	1.313	1.747	1.517	1.321	1.426	1.714	1.327	1.193	1.573	1.464	1.282	1.237	1.507	1.471	1.430	1.368	1.550	1.645	1.662	1.686	1.302	2.915	2.071	1.879	2.037	1.893	2.018	2.063	2.308	2.130	1.874	2.078	2.291	2.031	1.841	2.293	2.431	2.064	1.755	2.831	2.566	1.743	1.883	3.331	2.254	1.437	2.258	2.353	1.849	1.664	2.950	2.137	1.696	2.627	2.251
3.233	2.870	3.386	2.067	3.441	3.529	3.046	2.444	2.253	1.773	1.625	1.522	1.613	1.632	1.527	1.530	1.607	1.575	1.502	1.494	1.543	1.508	1.348	1.433	1.465	1.279	1.221	1.384	1.288	1.075	1.120	1.207	1.115	0.914	0.958	0.881	0.889	1.106	1.024	0.793	0.564	0.033	0.004	0.028	0.452	1.424	2.358	2.055	1.976	1.812	1.671	1.684	1.468	1.528	1.657	1.472	1.365	1.512	1.531	1.306	1.234	1.340	1.355	1.113	1.219	1.259	1.105	1.061	1.078	1.125	1.131	1.156	1.082	1.185	1.402	1.545	1.366	1.719	2.306	2.147	1.971	1.941	1.969	2.001	2.084	2.282	2.072	1.920	2.095	2.183	1.935	1.897	2.286	2.091	1.779	1.741	2.514	2.021	1.342	1.549	2.516	1.466	1.210	1.585	1.562	1.200	1.448	2.491	1.508	1.317	2.956	2.361
2.625	2.530	2.886	2.329	2.714	2.965	2.387	1.856	1.689	1.413	1.364	1.349	1.364	1.367	1.319	1.331	1.337	1.313	1.322	1.320	1.293	1.268	1.305	1.279	1.235	1.290	1.346	1.251	1.193	1.422	1.438	1.197	1.315	1.825	1.604	1.290	1.896	2.143	1.714	1.335	0.657	0.435	0.028	0.004	0.028	0.846	2.186	1.787	1.677	1.551	1.636	1.765	1.569	1.548	1.585	1.661	1.600	1.436	1.719	1.713	1.649	1.593	1.847	1.812	1.664	1.805	2.008	1.994	1.797	2.068	2.302	2.326	2.109	2.403	2.728	2.832	2.581	2.703	2.563	1.927	1.766	1.808	1.752	1.807	1.870	2.041	1.875	1.714	1.862	1.986	1.817	1.738	2.043	2.103	1.900	1.604	2.382	2.189	1.848	1.858	2.815	2.202	1.992	2.498	2.496	2.331	2.654	3.310	2.725	2.611	3.190	2.779
2.933	2.980	3.141	3.163	2.706	2.770	2.308	2.169	2.114	2.244	2.256	2.514	2.429	2.243	2.361	2.531	2.355	2.224	2.489	2.566	2.292	2.289	2.663	2.526	2.266	2.605	2.824	2.464	2.360	2.893	2.920	2.403	2.564	3.312	2.949	2.415	3.149	3.479	2.704	2.305	1.374	0.937	0.452	0.028	0.004	0.029	2.066	1.928	1.906	2.123	2.635	2.903	2.812	2.708	2.610	2.950	2.988	2.522	2.961	3.192	3.193	2.945	3.323	3.504	3.319	3.252	3.726	3.800	3.467	3.743	4.158	4.199	3.879	4.218	4.673	4.743	4.431	4.804	3.847	2.054	2.259	2.338	2.114	2.230	2.228	2.445	2.417	2.234	2.314	2.557	2.539	2.353	2.499	2.904	2.854	2.263	3.004	3.172	3.135	2.912	3.702	3.547	3.521	3.704	3.875	3.926	4.156	4.541	4.304	4.256	4.110	3.818
3.344	3.223	3.605	2.962	3.235	3.270	2.930	2.776	2.645	2.653	2.755	2.968	2.797	2.671	2.884	2.958	2.748	2.765	3.040	2.934	2.741	2.885	3.132	2.859	2.795	3.205	3.173	2.807	2.977	3.389	3.155	2.830	3.271	3.616	3.151	2.976	3.704	3.755	2.977	2.942	2.583	2.267	1.424	0.846	0.029	0.004	2.847	2.834	2.870	3.072	3.479	3.851	3.646	3.476	3.572	3.897	3.745	3.300	3.975	4.053	3.881	3.769	4.333	4.252	3.875	4.277	4.609	4.416	4.144	4.703	4.880	4.741	4.647	5.186	5.292	5.315	5.145	5.462	4.648	3.123	3.303	3.537	3.357	3.290	3.218	3.519	3.500	3.222	3.348	3.682	3.511	3.248	3.595	4.038	3.810	3.302	4.177	4.443	4.401	4.093	4.775	4.838	4.805	4.872	5.197	5.230	5.051	5.422	5.554	5.490	5.545	4.928
2.906	3.304	4.037	2.716	2.588	1.987	1.792	1.887	1.779	1.548	1.642	1.442	1.322	1.332	1.470	1.283	1.232	1.227	1.277	1.225	1.276	1.261	1.012	1.195	1.313	1.050	1.157	1.322	1.218	1.144	1.166	1.292	1.296	1.161	1.215	1.277	1.185	1.197	1.337	1.213	1.708	2.255	2.358	2.186	2.066	2.847	0.003	0.028	0.496	0.232	0.305	0.614	0.524	0.596	0.617	0.526	0.551	0.737	0.942	0.748	0.809	0.976	0.916	0.885	1.077	0.962	0.900	1.093	1.165	0.960	0.958	1.090	1.044	0.976	1.014	1.213	1.267	2.237	2.370	0.043	0.434	0.750	0.693	1.001	1.315	1.291	0.907	1.248	1.237	1.122	0.969	1.238	1.177	1.044	1.012	1.151	1.135	0.916	0.956	1.096	0.975	1.016	0.974	0.998	0.945	0.964	0.982	1.300	1.060	1.022	1.002	1.874
2.676	3.208	3.707	2.507	2.186	1.622	1.457	1.648	1.493	1.365	1.465	1.374	1.232	1.163	1.530	1.272	1.114	1.100	1.307	1.168	1.088	1.152	0.993	1.040	1.073	0.903	0.977	1.001	0.902	0.903	0.921	0.939	1.080	0.886	0.892	0.890	0.862	0.865	0.988	0.850	1.397	1.878	2.055	1.787	1.928	2.834	0.028	0.004	0.029	0.208	0.268	0.506	0.393	0.717	0.563	0.567	0.654	0.756	1.029	0.852	0.890	0.969	0.959	0.952	1.012	0.934	0.929	1.119	1.100	0.938	0.953	1.026	0.946	0.929	0.984	1.128	1.168	2.174	2.275	0.317	0.364	0.430	0.636	0.921	1.029	0.944	0.759	0.950	0.851	0.818	0.887	0.972	0.875	0.824	0.866	0.935	0.886	0.907	0.780	0.856	0.835	0.985	0.818	0.804	0.850	0.871	0.814	1.096	1.043	0.899	0.904	2.049
2.985	3.441	4.075	2.675	2.431	1.957	1.713	1.871	1.572	1.399	1.474	1.320	1.224	1.223	1.103	1.073	1.042	0.990	1.006	0.912	0.989	1.108	0.742	0.855	1.011	0.755	0.831	0.925	0.842	0.827	0.840	0.864	1.077	0.835	0.837	0.829	0.828	0.818	0.932	0.817	1.291	1.745	1.976	1.677	1.906	2.870	0.496	0.029	0.004	0.030	0.227	0.462	0.327	0.549	0.500	0.413	0.458	0.596	0.725	0.569	0.613	0.685	0.664	0.654	0.783	0.684	0.643	0.918	0.904	0.671	0.678	0.793	0.762	0.685	0.764	0.966	0.979	2.116	2.129	0.565	0.500	0.524	0.671	0.910	1.071	0.929	0.713	0.764	0.786	0.742	0.850	0.936	0.811	0.763	0.834	0.928	0.829	0.952	0.669	0.782	0.788	0.889	0.694	0.695	0.747	0.698	0.680	0.923	0.851	0.739	0.782	2.439
2.849	3.409	3.537	2.550	1.895	1.486	1.248	1.702	1.141	1.150	1.222	1.340	1.117	0.908	1.304	1.201	0.919	0.795	1.198	1.013	0.762	0.946	1.030	0.842	0.857	0.797	0.822	0.735	0.684	0.717	0.739	0.710	0.967	0.699	0.692	0.690	0.664	0.669	0.787	0.678	1.235	1.606	1.812	1.551	2.123	3.072	0.232	0.208	0.030	0.004	0.028	0.396	0.273	0.805	0.290	0.796	0.900	0.867	1.059	1.012	1.059	1.041	1.078	1.100	1.037	0.950	1.031	1.264	1.081	0.973	1.055	1.068	0.901	0.952	1.067	1.137	1.081	2.096	2.278	0.651	0.439	0.614	0.871	0.742	0.904	0.721	0.797	0.678	0.632	0.659	0.790	0.757	0.648	0.689	0.764	0.782	0.695	1.163	0.657	0.678	0.759	1.022	0.719	0.674	0.846	0.795	0.703	0.891	1.027	0.809	0.816	2.187
2.675	3.195	3.416	2.677	1.901	1.687	1.656	1.957	1.308	1.282	1.328	1.299	1.166	0.960	0.863	1.002	0.881	0.892	0.745	0.739	0.707	0.847	0.653	0.607	0.893	0.436	0.509	0.608	0.663	0.513	0.517	0.664	1.085	0.504	0.538	0.755	0.606	0.583	0.741	0.708	1.258	1.644	1.671	1.636	2.635	3.479	0.305	0.268	0.227	0.028	0.004	0.032	0.354	0.237	0.250	0.273	0.300	0.342	0.338	0.350	0.348	0.317	0.382	0.388	0.370	0.353	0.348	0.619	0.519	0.339	0.490	0.376	0.385	0.362	0.409	0.653	0.863	1.294	1.593	0.970	0.618	0.833	0.656	0.720	0.973	0.695	0.717	0.672	0.496	0.526	0.668	0.678	0.563	0.668	0.609	0.647	0.610	1.200	0.608	0.638	0.665	0.810	0.767	0.635	0.634	0.762	0.797	0.587	0.749	0.830	1.061	3.089
2.681	3.191	3.467	2.772	2.000	1.850	1.822	2.119	1.366	1.364	1.376	1.272	1.047	0.845	0.736	0.891	0.649	1.021	0.649	0.578	0.638	0.920	0.657	0.612	0.898	0.499	0.519	0.596	0.714	0.567	0.553	0.669	1.115	0.556	0.565	0.805	0.695	0.618	0.705	0.759	1.335	1.841	1.684	1.765	2.903	3.851	0.614	0.506	0.462	0.396	0.032	0.004	0.029	0.202	0.242	0.184	0.252	0.242	0.331	0.340	0.311	0.287	0.509	0.368	0.318	0.382	0.375	0.501	0.514	0.366	0.568	0.362	0.422	0.387	0.401	0.654	0.937	0.980	1.543	0.850	0.540	0.870	0.577	0.604	0.786	0.590	0.758	0.969	0.569	0.613	0.761	0.801	0.697	0.766	0.713	0.729	0.703	1.257	0.698	0.710	0.785	0.828	0.826	0.712	0.695	0.863	0.862	0.645	0.761	0.872	1.100	3.165
2.502	3.081	3.278	2.570	1.672	1.443	1.515	1.866	1.174	1.281	1.069	1.168	0.993	0.876	0.897	1.000	0.754	1.108	0.726	0.675	0.687	0.872	0.679	0.623	0.745	0.369	0.585	0.546	0.591	0.478	0.489	0.535	0.991	0.482	0.476	0.570	0.548	0.499	0.618	0.570	1.149	1.492	1.468	1.569	2.812	3.646	0.524	0.393	0.327	0.273	0.354	0.029	0.004	0.029	0.155	0.268	0.244	0.246	0.255	0.393	0.291	0.265	0.344	0.397	0.323	0.274	0.313	0.654	0.486	0.310	0.590	0.368	0.352	0.341	0.442	0.752	0.838	1.203	1.533	0.878	0.526	0.899	0.555	0.573	0.762	0.513	0.673	0.636	0.463	0.484	0.551	0.679	0.512	0.653	0.545	0.593	0.555	1.474	0.540	0.594	0.663	0.828	0.803	0.617	0.649	0.765	0.825	0.570	0.762	0.901	1.279	3.475
2.487	3.039	3.226	2.469	1.603	1.253	1.183	1.621	0.985	0.905	0.922	0.956	0.807	0.681	0.511	0.762	0.603	1.112	0.711	0.608	0.668	0.942	0.640	0.645	0.924	0.393	0.533	0.639	0.642	0.496	0.508	0.607	1.027	0.482	0.507	0.638	0.560	0.536	0.710	0.621	1.155	1.428	1.528	1.548	2.708	3.476	0.596	0.717	0.549	0.805	0.237	0.202	0.029	0.004	0.029	0.154	0.252	0.225	0.267	0.245	0.245	0.254	0.267	0.295	0.311	0.285	0.285	0.580	0.487	0.290	0.470	0.332	0.359	0.309	0.379	0.655	0.840	1.311	1.517	0.926	0.705	0.887	0.814	0.839	0.956	0.700	0.683	0.657	0.600	0.498	0.545	0.689	0.519	0.614	0.535	0.580	0.534	1.450	0.543	0.610	0.604	0.829	0.815	0.627	0.593	0.717	0.830	0.566	0.719	0.890	1.249	3.339
2.907	3.498	3.384	2.488	1.619	1.224	1.083	1.622	0.895	0.824	0.866	0.908	0.646	0.677	0.570	0.683	0.553	1.243	0.565	0.541	0.759	0.983	0.651	0.636	1.010	0.472	0.531	0.612	0.650	0.555	0.543	0.677	0.984	0.525	0.535	0.715	0.628	0.577	0.676	0.674	1.257	1.668	1.657	1.585	2.610	3.572	0.617	0.563	0.500	0.290	0.250	0.242	0.155	0.029	0.004	0.030	0.183	0.208	0.244	0.371	0.382	0.351	0.381	0.398	0.381	0.418	0.400	0.476	0.547	0.402	0.497	0.418	0.457	0.424	0.441	0.650	0.980	0.987	1.525	0.683	0.511	1.246	0.633	0.701	0.687	0.624	0.747	0.757	0.586	0.680	0.840	0.711	0.681	0.863	0.728	0.787	0.738	1.267	0.592	0.597	0.681	0.794	0.799	0.652	0.628	0.814	0.850	0.606	0.723	0.864	1.094	3.054
2.483	3.067	3.296	2.435	1.586	1.239	1.210	1.668	0.986	1.033	0.929	1.016	0.777	0.694	0.696	0.869	0.601	1.016	0.650	0.565	0.585	0.782	0.615	0.568	0.633	0.376	0.524	0.506	0.573	0.487	0.488	0.512	0.936	0.528	0.484	0.571	0.572	0.499	0.547	0.565	1.241	1.660	1.472	1.661	2.950	3.897	0.526	0.567	0.413	0.796	0.273	0.184	0.268	0.154	0.030	0.004	0.029	0.176	0.250	0.256	0.355	0.297	0.397	0.349	0.341	0.299	0.323	0.486	0.469	0.322	0.568	0.362	0.374	0.351	0.389	0.674	0.929	0.922	1.532	0.828	0.551	1.324	0.748	0.736	0.787	0.593	0.723	0.729	0.555	0.620	0.640	0.736	0.653	0.758	0.626	0.685	0.636	1.494	0.580	0.609	0.731	0.833	0.798	0.635	0.660	0.806	0.826	0.573	0.734	0.875	1.184	3.298
2.297	2.897	3.118	2.414	1.479	1.073	1.115	1.419	1.020	0.945	0.952	0.907	0.827	0.886	0.949	0.895	0.728	0.974	0.745	0.644	0.661	0.779	0.681	0.651	0.665	0.325	0.597	0.555	0.590	0.485	0.510	0.535	0.987	0.482	0.482	0.527	0.535	0.490	0.591	0.540	1.122	1.387	1.365	1.600	2.988	3.745	0.551	0.654	0.458	0.900	0.300	0.252	0.244	0.252	0.183	0.029	0.004	0.029	0.164	0.378	0.211	0.230	0.225	0.260	0.248	0.228	0.249	0.581	0.442	0.261	0.525	0.308	0.321	0.286	0.377	0.698	0.838	1.154	1.447	0.859	0.595	1.325	0.750	0.753	0.800	0.533	0.665	0.686	0.497	0.415	0.432	0.685	0.437	0.516	0.436	0.517	0.472	1.644	0.510	0.545	0.564	0.869	0.852	0.611	0.600	0.691	0.855	0.600	0.725	0.960	1.427	3.590
2.297	2.944	3.085	2.203	1.484	1.016	0.903	1.416	0.781	0.540	0.615	0.549	0.472	0.547	0.584	0.517	0.517	0.790	0.215	0.579	0.524	0.446	0.329	0.546	0.577	0.446	0.525	0.524	0.565	0.512	0.523	0.525	0.969	0.525	0.534	0.581	0.580	0.566	0.682	0.604	1.198	1.313	1.512	1.436	2.522	3.300	0.737	0.756	0.596	0.867	0.342	0.242	0.246	0.225	0.208	0.176	0.029	0.004	0.028	0.151	0.249	0.154	0.219	0.219	0.276	0.234	0.240	0.353	0.504	0.233	0.320	0.272	0.328	0.256	0.302	0.643	0.844	1.298	1.508	0.748	0.624	1.155	0.784	0.751	0.785	0.546	0.714	0.719	0.580	0.506	0.525	0.722	0.540	0.571	0.557	0.602	0.563	1.489	0.541	0.655	0.565	0.840	0.830	0.619	0.549	0.690	0.841	0.580	0.679	0.890	1.236	3.194
2.246	2.789	3.233	2.147	1.461	0.966	0.972	1.339	0.851	0.718	0.796	0.716	0.528	0.565	0.621	0.622	0.395	0.751	0.474	0.399	0.463	0.645	0.479	0.435	0.606	0.394	0.426	0.479	0.577	0.464	0.466	0.503	0.900	0.555	0.478	0.598	0.568	0.488	0.514	0.564	1.303	1.747	1.531	1.719	2.961	3.975	0.942	1.029	0.725	1.059	0.338	0.331	0.255	0.267	0.244	0.250	0.164	0.028	0.004	0.029	0.173	0.277	0.225	0.236	0.255	0.269	0.269	0.275	0.443	0.284	0.391	0.284	0.359	0.323	0.321	0.594	0.929	0.834	1.530	0.877	0.788	1.504	1.227	1.027	0.975	0.785	0.918	0.983	0.817	0.628	0.745	0.833	0.700	0.715	0.717	0.757	0.695	1.562	0.657	0.692	0.829	0.800	0.810	0.653	0.632	0.821	0.844	0.571	0.713	0.881	1.121	3.073
