0.003	0.028	0.844	0.777	0.912	1.431	2.200	2.594	2.371	1.661	1.551	2.119	1.677	1.771	1.587	2.062	1.639	1.476	1.815	1.654	1.426	1.485	2.120	1.539	1.618	2.112	2.566	1.676	1.842	2.376	1.997	1.926	2.133	2.270	1.805	1.914	2.135	1.772	1.795	1.836	1.765	1.981	2.336	1.967	2.129	3.169	2.114	1.957	1.830	1.969	2.034	2.101	2.190	1.830	2.101	2.340	2.337	2.670	2.474	2.599	2.469	2.501	2.758	2.341	2.450	2.462	2.522	2.314	2.500	2.548	2.499	2.548	2.505	2.766	2.981	2.159	2.883	1.862	2.451	2.273	2.156	2.028	1.911	1.925	1.926	1.993	2.088	2.195	2.082	2.091	2.236	2.149	2.203	2.211	2.179	2.199	2.082	2.538	2.110	2.001	2.211	2.631	1.973	2.121	2.612	2.404	2.237	2.360	2.822	2.373	2.500	2.075
0.028	0.004	0.028	0.677	0.790	1.648	3.056	2.764	2.434	1.541	1.604	2.648	2.065	1.480	1.978	3.014	1.662	1.777	2.419	2.431	1.767	2.067	2.640	2.028	2.093	2.599	2.985	2.031	2.305	2.744	2.404	2.350	2.528	2.589	2.220	2.342	2.492	2.146	2.183	2.213	2.139	2.378	2.564	2.138	2.294	3.288	2.454	2.454	2.311	2.461	2.584	2.650	2.798	2.471	2.674	2.898	2.966	3.253	2.988	3.023	2.930	2.963	3.073	2.630	2.821	2.830	2.791	2.606	2.816	2.816	2.693	2.781	2.757	2.923	3.125	2.340	3.113	2.189	2.487	2.463	2.484	2.446	2.431	2.404	2.386	2.470	2.552	2.736	2.589	2.583	2.675	2.685	2.735	2.711	2.646	2.571	2.518	3.030	2.472	2.380	2.634	3.072	2.365	2.516	3.028	2.763	2.612	2.743	3.148	2.738	2.823	2.339
0.844	0.028	0.004	0.029	0.581	0.778	1.491	1.362	1.378	2.243	2.444	3.489	2.999	1.992	2.433	2.676	1.810	1.961	2.491	2.287	1.848	2.086	2.478	1.996	2.069	2.499	2.810	1.948	2.211	2.594	2.254	2.220	2.415	2.462	2.060	2.185	2.352	2.021	2.035	2.062	2.084	2.208	2.416	2.323	2.450	3.336	3.474	3.186	3.006	2.990	3.085	3.011	3.043	2.694	2.851	3.047	2.938	3.198	3.006	3.056	2.838	2.886	3.220	2.611	2.727	2.794	2.922	2.518	2.748	2.882	2.808	2.737	2.739	3.016	3.150	2.395	3.063	2.198	2.628	3.573	3.433	3.306	3.222	3.029	2.863	2.919	2.797	2.908	2.874	2.811	2.752	2.801	2.913	2.806	2.606	2.621	2.542	3.011	2.403	2.337	2.607	2.974	2.289	2.448	2.979	2.700	2.541	2.694	3.155	2.716	2.835	2.285
0.777	0.677	0.029	0.004	0.029	0.654	1.639	1.443	1.727	2.538	2.532	2.570	2.422	2.341	2.176	2.642	2.819	2.595	2.546	2.839	2.870	2.711	2.715	2.738	2.700	2.840	3.054	2.721	2.762	2.810	2.675	2.757	2.730	2.602	2.583	2.702	2.650	2.401	2.533	2.531	2.505	2.911	2.874	2.492	2.774	3.569	2.613	2.452	2.708	2.648	2.473	2.378	2.417	2.497	2.473	2.463	2.623	3.228	2.639	2.612	2.580	2.658	2.703	2.281	2.541	2.521	2.533	2.346	2.587	2.543	2.476	2.508	2.488	2.622	2.834	2.139	2.918	2.315	2.499	2.544	2.417	2.373	2.540	2.304	2.361	2.304	2.322	2.405	2.530	2.477	2.465	2.762	2.972	2.776	2.743	2.992	2.742	2.856	2.544	2.572	2.660	2.868	2.447	2.522	2.741	2.573	2.510	2.581	2.850	2.584	2.673	2.289
0.912	0.790	0.581	0.029	0.004	0.028	0.853	1.268	1.636	3.391	3.007	3.945	3.542	2.462	3.016	3.254	2.252	2.413	2.796	2.576	2.335	2.461	2.625	2.323	2.341	2.636	2.812	2.406	2.415	2.598	2.346	2.433	2.470	2.418	2.360	2.420	2.409	2.245	2.334	2.291	2.327	2.921	2.734	2.222	2.591	3.693	4.173	3.844	3.505	3.434	3.636	3.773	3.674	3.158	3.333	3.543	3.263	3.459	3.300	3.358	3.013	3.045	3.427	2.705	2.784	2.873	2.994	2.383	2.724	2.852	2.735	2.569	2.632	2.943	3.079	2.089	2.884	2.144	2.421	4.415	4.251	4.094	3.927	3.736	3.432	3.590	3.460	3.511	3.355	3.277	3.116	3.108	3.311	3.131	2.781	2.805	2.746	3.273	2.481	2.470	2.762	3.142	2.388	2.531	3.065	2.725	2.564	2.733	3.210	2.724	2.810	2.201
1.431	1.648	0.778	0.654	0.028	0.004	0.029	0.614	0.992	2.503	1.834	2.358	2.477	1.481	1.824	2.436	1.979	1.625	1.650	1.948	2.007	1.763	1.858	2.230	2.209	2.010	2.233	2.645	2.177	2.085	2.164	2.377	2.147	2.012	2.477	2.413	2.207	2.419	2.554	2.407	2.490	3.460	3.093	2.373	2.848	4.285	3.203	2.681	2.217	2.012	2.332	2.608	2.539	1.776	1.996	2.396	2.011	2.299	2.061	2.361	1.930	1.949	2.463	1.895	1.891	1.916	2.135	1.916	1.920	1.966	2.048	1.944	1.881	2.121	2.436	1.898	2.376	1.925	2.385	3.585	3.324	2.974	2.784	2.554	2.145	2.355	2.272	2.352	1.941	1.883	1.914	1.759	1.969	1.816	1.774	2.097	1.776	2.001	1.768	1.871	1.814	2.065	1.836	1.806	1.958	1.829	1.825	1.832	2.201	1.934	1.982	1.894
2.200	3.056	1.491	1.639	0.853	0.029	0.004	0.028	0.403	1.015	0.763	1.166	1.562	1.285	1.228	1.512	1.836	1.804	1.293	1.544	1.920	1.742	1.550	2.196	2.239	1.848	1.811	2.650	2.140	1.905	2.067	2.287	2.043	1.952	2.432	2.338	2.127	2.403	2.510	2.430	2.738	3.500	3.023	2.559	3.028	4.483	2.838	2.372	1.975	1.624	1.850	2.182	2.078	1.443	1.605	1.995	1.439	1.600	1.555	2.004	1.547	1.539	2.070	1.805	1.641	1.639	1.818	1.983	1.702	1.669	1.804	1.857	1.730	1.656	1.867	2.269	2.203	2.209	2.759	3.191	2.844	2.646	2.497	2.308	1.908	2.113	2.104	2.012	1.625	1.630	1.759	1.432	1.471	1.450	1.597	1.987	1.648	1.514	1.888	1.971	1.726	1.678	2.029	1.891	1.605	1.726	1.858	1.743	1.735	1.852	1.807	2.276
2.594	2.764	1.362	1.443	1.268	0.614	0.028	0.004	0.032	0.505	0.899	0.588	1.148	1.226	0.757	1.108	1.953	2.344	1.360	1.621	2.182	2.283	1.815	2.512	2.815	2.295	2.071	3.080	2.644	2.361	2.471	2.797	2.539	2.361	2.903	2.828	2.613	2.879	3.030	2.952	3.359	4.169	3.517	3.212	3.705	4.997	2.149	1.640	1.544	1.303	1.251	1.362	1.430	1.375	1.321	1.458	1.435	1.872	1.422	1.614	1.592	1.599	1.636	1.831	1.780	1.668	1.682	2.268	1.928	1.725	1.939	2.146	1.958	1.811	1.965	2.698	2.425	2.703	3.159	2.219	1.903	1.578	1.751	1.372	1.285	1.285	1.342	1.408	1.356	1.414	1.655	1.788	1.907	1.827	2.029	2.656	2.253	1.726	2.447	2.603	2.236	1.936	2.544	2.405	1.892	2.049	2.304	2.157	1.859	2.191	2.129	2.863
2.371	2.434	1.378	1.727	1.636	0.992	0.403	0.032	0.004	0.029	0.745	0.303	1.205	1.153	1.019	1.326	1.660	1.834	1.342	1.461	1.737	1.721	1.523	1.929	2.027	1.754	1.654	2.331	1.924	1.753	1.857	1.994	1.849	1.829	2.114	2.033	1.889	2.106	2.168	2.137	2.545	3.097	2.611	2.357	2.832	4.271	1.915	1.470	1.331	1.143	1.296	1.456	1.664	1.275	1.336	1.694	1.412	1.650	1.408	1.785	1.530	1.507	1.790	1.826	1.644	1.608	1.733	1.987	1.709	1.655	1.855	1.877	1.749	1.703	1.878	2.317	2.138	2.097	2.739	1.949	1.776	1.420	1.494	1.250	1.173	1.238	1.416	1.587	1.178	1.223	1.569	1.378	1.431	1.391	1.564	1.882	1.562	1.507	1.816	1.838	1.666	1.721	1.947	1.821	1.603	1.732	1.809	1.707	1.751	1.840	1.772	2.223
1.661	1.541	2.243	2.538	3.391	2.503	1.015	0.505	0.029	0.004	0.033	0.253	0.292	0.795	0.602	0.720	0.986	1.775	0.876	0.859	1.118	1.433	0.965	1.069	1.526	1.124	0.985	1.592	1.245	1.064	1.126	1.225	1.201	1.094	1.224	1.221	1.094	1.185	1.292	1.321	1.992	2.363	1.670	2.042	2.462	3.704	1.663	1.336	1.352	0.995	0.975	1.124	1.157	0.992	0.977	1.094	0.900	1.010	0.874	1.067	0.949	0.927	1.063	1.111	1.004	0.944	0.975	1.383	1.061	0.941	1.149	1.149	1.038	0.970	1.292	1.618	1.509	1.477	1.986	1.869	1.590	1.354	1.384	1.169	1.046	1.058	1.070	1.101	1.012	0.991	1.158	1.028	1.048	1.007	1.076	1.560	1.150	1.018	1.319	1.304	1.112	1.167	1.282	1.218	0.994	1.117	1.148	1.047	1.151	1.145	1.070	1.759
1.551	1.604	2.444	2.532	3.007	1.834	0.763	0.899	0.745	0.033	0.004	0.033	0.260	0.348	0.612	0.760	0.720	1.824	0.858	0.755	1.114	1.708	0.930	1.015	1.886	1.220	0.963	1.807	1.447	1.168	1.179	1.405	1.409	1.096	1.341	1.388	1.212	1.245	1.443	1.476	2.274	2.654	1.830	2.381	2.820	4.018	2.070	1.409	1.130	0.905	1.037	1.140	1.171	1.058	1.016	1.092	0.934	1.050	0.919	1.080	0.973	0.946	1.105	1.189	1.026	0.974	1.042	1.395	1.096	0.979	1.185	1.159	1.076	1.012	1.252	1.668	1.394	1.540	1.992	2.250	1.962	1.359	1.358	1.064	0.973	0.985	1.038	1.103	1.002	1.021	1.216	1.236	1.209	1.200	1.269	1.947	1.466	1.105	1.570	1.589	1.317	1.238	1.432	1.412	1.088	1.209	1.270	1.187	1.180	1.204	1.115	1.998
2.119	2.648	3.489	2.570	3.945	2.358	1.166	0.588	0.303	0.253	0.033	0.004	0.029	0.226	0.278	1.238	1.003	1.123	0.821	0.917	0.687	1.207	0.783	0.771	1.105	0.800	0.988	0.938	0.811	0.821	0.831	0.809	0.837	0.883	0.805	0.830	0.824	0.806	0.824	0.831	1.518	1.731	1.106	1.880	2.163	3.216	1.334	1.175	1.558	1.261	1.001	1.110	1.020	0.864	0.851	0.827	0.728	0.932	0.732	0.832	0.814	0.805	0.935	0.953	0.883	0.801	0.985	1.229	0.880	0.887	1.300	1.050	0.888	1.067	1.627	1.096	1.573	0.953	1.331	1.385	1.247	1.096	1.265	1.102	1.192	1.092	1.097	0.955	1.164	1.088	1.048	0.932	1.079	0.958	0.865	1.332	0.965	0.915	0.929	0.925	0.857	1.051	0.817	0.826	0.861	0.775	0.771	0.786	1.086	0.872	0.862	1.276
1.677	2.065	2.999	2.422	3.542	2.477	1.562	1.148	1.205	0.292	0.260	0.029	0.004	0.029	0.251	0.679	1.025	0.616	0.631	0.949	0.961	0.726	0.866	0.948	0.851	0.950	1.228	0.897	0.908	1.026	0.964	0.981	0.927	0.916	0.935	0.990	1.012	0.920	0.916	0.917	1.262	1.515	1.183	1.599	1.807	2.739	1.411	1.214	1.250	1.142	1.145	1.353	1.278	0.936	0.990	1.151	0.858	1.337	0.949	1.125	0.840	0.921	1.076	0.770	0.797	0.807	0.889	0.941	0.897	0.811	0.982	0.880	0.807	0.896	1.316	0.914	1.481	0.869	1.359	1.571	1.434	1.243	1.240	1.249	1.219	1.268	1.374	1.226	1.156	1.099	1.110	0.913	1.043	0.937	0.954	1.159	0.873	1.116	0.747	0.791	0.890	1.119	0.703	0.753	0.991	0.799	0.758	0.835	1.111	0.858	0.936	0.908
1.771	1.480	1.992	2.341	2.462	1.481	1.285	1.226	1.153	0.795	0.348	0.226	0.029	0.004	0.028	0.170	0.292	0.251	0.253	0.264	0.383	0.402	0.303	0.332	0.610	0.438	0.440	0.673	0.416	0.402	0.394	0.414	0.481	0.487	0.402	0.424	0.419	0.451	0.437	0.501	1.372	1.543	0.891	1.644	1.921	2.937	1.377	1.258	1.641	1.555	1.170	1.107	1.121	1.050	1.113	1.218	0.709	1.057	0.757	1.186	0.693	0.662	0.996	1.098	0.630	0.668	0.914	0.999	0.605	0.694	0.992	0.753	0.700	0.728	1.002	1.269	1.173	0.987	1.670	1.301	1.250	1.160	1.363	1.132	1.200	1.156	1.113	1.177	1.197	1.135	1.001	0.979	1.314	1.035	0.743	1.189	0.829	0.997	0.600	0.638	0.677	0.826	0.579	0.566	0.699	0.764	0.575	0.587	0.951	0.706	0.677	1.125
1.587	1.978	2.433	2.176	3.016	1.824	1.228	0.757	1.019	0.602	0.612	0.278	0.251	0.028	0.004	0.028	0.158	0.212	0.141	0.196	0.207	0.715	0.201	0.221	0.412	0.373	0.409	0.414	0.305	0.391	0.325	0.327	0.483	0.483	0.324	0.362	0.422	0.383	0.350	0.396	1.384	1.304	0.762	1.847	2.069	2.935	1.409	1.153	1.458	1.142	0.930	0.953	1.115	0.639	0.734	1.053	0.624	0.843	0.722	1.104	0.627	0.637	0.981	0.896	0.582	0.632	0.816	0.868	0.596	0.641	0.876	0.639	0.631	0.652	0.934	1.103	1.182	0.947	1.458	1.301	1.163	0.962	1.060	0.839	0.878	0.882	1.112	1.046	0.805	0.806	0.972	0.741	0.896	0.756	0.629	0.933	0.656	0.878	0.616	0.611	0.673	0.861	0.568	0.578	0.726	0.769	0.564	0.619	0.968	0.703	0.708	1.132
2.062	3.014	2.676	2.642	3.254	2.436	1.512	1.108	1.326	0.720	0.760	1.238	0.679	0.170	0.028	0.004	0.029	0.148	0.279	0.199	0.206	0.227	0.314	0.279	0.290	0.455	0.610	0.393	0.334	0.524	0.414	0.384	0.519	0.705	0.418	0.418	0.546	0.544	0.448	0.471	1.386	1.262	0.801	1.696	1.949	2.761	1.143	1.053	1.391	1.238	1.071	0.924	0.956	0.997	0.976	1.224	0.801	1.125	0.960	1.466	0.873	0.854	1.540	1.258	0.886	0.983	1.365	0.951	0.855	1.080	1.205	0.938	0.983	1.105	1.201	1.193	1.408	1.084	1.683	1.203	1.134	0.954	0.994	0.876	0.957	0.942	1.216	1.084	0.959	0.942	1.038	0.870	1.007	0.893	0.710	1.166	0.785	1.051	0.603	0.652	0.702	0.926	0.658	0.637	0.851	0.981	0.716	0.753	1.201	0.929	0.956	1.060
1.639	1.662	1.810	2.819	2.252	1.979	1.836	1.953	1.660	0.986	0.720	1.003	1.025	0.292	0.158	0.029	0.004	0.028	0.145	0.205	0.164	0.237	0.231	0.386	0.436	0.388	0.384	0.675	0.378	0.325	0.419	0.383	0.395	0.542	0.453	0.396	0.384	0.582	0.490	0.543	1.479	1.564	0.934	1.539	1.858	2.902	1.231	1.089	1.525	1.438	1.029	0.887	0.956	0.818	0.923	1.156	0.908	0.926	0.665	1.283	0.810	0.661	0.994	1.371	0.705	0.789	1.081	1.202	0.655	0.840	1.190	0.947	0.868	0.901	1.101	1.493	1.188	1.148	1.892	1.159	1.059	0.952	1.154	0.860	0.945	0.899	0.895	1.066	0.933	0.883	0.869	0.838	1.080	0.847	0.606	1.217	0.710	0.801	0.596	0.615	0.563	0.697	0.726	0.606	0.624	0.842	0.689	0.637	1.004	0.840	0.727	1.188
1.476	1.777	1.961	2.595	2.413	1.625	1.804	2.344	1.834	1.775	1.824	1.123	0.616	0.251	0.212	0.148	0.028	0.004	0.028	0.147	0.220	0.211	0.225	0.239	0.507	0.384	0.293	0.533	0.359	0.350	0.347	0.357	0.466	0.457	0.353	0.382	0.386	0.377	0.386	0.476	1.440	1.455	0.828	1.725	1.973	2.978	1.732	1.657	1.964	2.152	1.563	1.204	0.882	0.984	1.059	0.971	1.097	0.851	0.645	1.196	0.815	0.652	0.801	1.175	0.624	0.693	0.850	1.070	0.630	0.710	1.029	0.828	0.743	0.751	0.939	1.313	1.125	1.043	1.580	1.490	1.524	1.768	1.975	1.735	1.756	1.597	1.076	1.049	1.478	1.353	0.861	0.998	1.641	1.104	0.638	1.176	0.767	0.849	0.590	0.604	0.587	0.728	0.631	0.572	0.632	0.774	0.612	0.587	0.942	0.730	0.649	1.208
1.815	2.419	2.491	2.546	2.796	1.650	1.293	1.360	1.342	0.876	0.858	0.821	0.631	0.253	0.141	0.279	0.145	0.028	0.004	0.028	0.154	0.263	0.158	0.201	0.213	0.393	0.320	0.243	0.312	0.408	0.309	0.356	0.499	0.476	0.330	0.381	0.453	0.385	0.355	0.398	1.353	1.182	0.749	1.813	2.031	2.829	1.041	1.052	1.067	0.923	0.984	0.537	0.533	0.355	0.445	1.079	0.652	1.220	0.874	1.412	0.810	0.870	1.207	0.927	0.686	0.819	0.995	0.797	0.701	0.806	0.938	0.668	0.685	0.772	0.979	1.006	1.294	0.898	1.357	1.332	1.284	0.850	0.693	0.697	0.589	0.581	0.934	0.810	0.620	0.600	0.890	0.827	0.881	0.848	0.804	1.122	0.839	1.150	0.582	0.653	0.781	1.064	0.573	0.600	0.877	0.778	0.598	0.680	1.029	0.749	0.807	0.973
1.654	2.431	2.287	2.839	2.576	1.948	1.544	1.621	1.461	0.859	0.755	0.917	0.949	0.264	0.196	0.199	0.205	0.147	0.028	0.004	0.028	0.157	0.243	0.207	0.265	0.287	0.361	0.321	0.265	0.260	0.325	0.301	0.330	0.507	0.321	0.309	0.323	0.416	0.369	0.444	1.452	1.347	0.809	1.526	1.823	2.804	0.938	0.860	1.274	1.248	0.871	0.776	0.839	0.751	0.792	1.140	0.936	0.810	0.698	1.534	0.808	0.691	1.137	1.483	0.723	0.854	1.163	1.194	0.676	0.879	1.178	0.964	0.898	0.915	1.043	1.475	1.152	1.177	1.799	0.978	0.882	0.708	0.854	0.624	0.735	0.779	0.931	1.040	0.816	0.758	0.859	0.735	0.876	0.674	0.544	1.276	0.690	0.701	0.611	0.639	0.562	0.655	0.798	0.671	0.651	0.895	0.768	0.717	1.063	0.925	0.788	1.186
1.426	1.767	1.848	2.870	2.335	2.007	1.920	2.182	1.737	1.118	1.114	0.687	0.961	0.383	0.207	0.206	0.164	0.220	0.154	0.028	0.004	0.028	0.154	0.208	0.336	0.456	0.382	0.527	0.414	0.406	0.440	0.395	0.437	0.620	0.424	0.410	0.422	0.460	0.443	0.554	1.527	1.530	0.906	1.576	1.890	2.969	1.209	0.946	1.442	1.411	0.857	0.781	0.914	0.888	0.907	1.192	1.346	0.490	0.737	1.428	1.034	0.839	0.992	1.447	0.747	0.936	1.107	1.339	0.777	0.960	1.343	1.126	0.986	1.031	1.163	1.592	1.160	1.237	1.815	1.041	0.916	0.940	1.198	0.839	0.822	0.728	0.732	1.008	0.807	0.731	0.765	0.719	1.009	0.733	0.585	1.305	0.714	0.644	0.743	0.731	0.626	0.733	0.896	0.768	0.742	0.969	0.863	0.809	1.134	0.985	0.824	1.289
1.485	2.067	2.086	2.711	2.461	1.763	1.742	2.283	1.721	1.433	1.708	1.207	0.726	0.402	0.715	0.227	0.237	0.211	0.263	0.157	0.028	0.004	0.029	0.172	0.240	0.368	0.304	0.279	0.348	0.371	0.328	0.389	0.456	0.432	0.377	0.428	0.432	0.403	0.400	0.448	1.403	1.254	0.769	1.786	1.987	2.919	0.903	0.834	1.101	1.104	0.592	0.841	1.093	0.417	0.876	1.249	1.657	0.206	0.865	1.264	1.000	0.740	0.887	1.188	0.620	0.766	0.874	1.051	0.669	0.750	1.060	0.856	0.781	0.777	0.906	1.269	1.102	1.085	1.413	0.979	0.936	0.673	0.793	0.552	0.571	0.706	0.792	0.994	0.826	0.819	0.863	0.833	1.035	0.875	0.655	1.142	0.768	0.827	0.585	0.585	0.561	0.726	0.684	0.599	0.623	0.823	0.665	0.627	0.999	0.783	0.673	1.212
2.120	2.640	2.478	2.715	2.625	1.858	1.550	1.815	1.523	0.965	0.930	0.783	0.866	0.303	0.201	0.314	0.231	0.225	0.158	0.243	0.154	0.029	0.004	0.029	0.176	0.233	0.204	0.224	0.229	0.253	0.282	0.300	0.375	0.597	0.278	0.293	0.368	0.370	0.308	0.375	1.400	1.174	0.722	1.685	1.947	2.788	0.831	0.782	1.126	1.145	0.650	0.553	0.610	0.581	0.607	0.731	0.559	0.658	0.485	0.962	0.387	0.386	0.722	1.190	0.651	0.678	0.976	1.089	0.663	0.761	1.120	0.835	0.795	0.821	1.028	1.277	1.193	1.049	1.522	0.895	0.879	0.625	0.743	0.520	0.568	0.586	0.713	0.688	0.689	0.557	0.789	0.629	0.747	0.592	0.516	1.133	0.628	0.803	0.560	0.606	0.542	0.744	0.672	0.567	0.663	0.824	0.628	0.624	0.998	0.827	0.779	1.046
1.539	2.028	1.996	2.738	2.323	2.230	2.196	2.512	1.929	1.069	1.015	0.771	0.948	0.332	0.221	0.279	0.386	0.239	0.201	0.207	0.208	0.172	0.029	0.004	0.029	0.155	0.245	0.152	0.204	0.206	0.292	0.244	0.263	0.482	0.263	0.263	0.262	0.384	0.312	0.399	1.434	1.336	0.825	1.386	1.706	2.761	0.875	0.778	1.167	1.175	0.644	0.686	0.783	0.562	0.730	1.178	1.245	0.567	0.704	1.487	0.967	0.742	0.998	1.646	0.625	0.916	1.272	1.381	0.654	0.923	1.536	1.102	0.891	1.016	1.304	1.608	1.112	1.192	1.907	0.890	0.855	0.639	0.802	0.543	0.582	0.614	0.683	0.948	0.717	0.622	0.733	0.656	0.956	0.690	0.600	1.385	0.767	0.581	0.651	0.775	0.600	0.591	0.805	0.719	0.659	0.840	0.800	0.754	1.065	0.934	0.759	1.108
1.618	2.093	2.069	2.700	2.341	2.209	2.239	2.815	2.027	1.526	1.886	1.105	0.851	0.610	0.412	0.290	0.436	0.507	0.213	0.265	0.336	0.240	0.176	0.029	0.004	0.029	0.152	0.256	0.194	0.211	0.210	0.255	0.346	0.312	0.264	0.325	0.339	0.308	0.313	0.403	1.453	1.363	0.775	1.583	1.869	2.893	1.114	1.004	1.213	1.218	0.831	0.937	1.025	0.725	0.987	1.196	1.346	0.973	0.805	1.143	0.890	0.445	0.662	1.092	0.544	0.544	0.650	0.889	0.600	0.528	0.890	0.763	0.696	0.618	0.763	1.220	0.961	1.228	1.497	1.101	1.079	0.970	1.110	0.946	0.927	0.881	0.833	0.941	0.979	0.978	0.839	0.837	1.260	1.006	0.885	1.566	1.032	0.880	0.673	0.791	0.682	0.614	0.716	0.661	0.598	0.699	0.675	0.644	0.886	0.738	0.627	1.125
2.112	2.599	2.499	2.840	2.636	2.010	1.848	2.295	1.754	1.124	1.220	0.800	0.950	0.438	0.373	0.455	0.388	0.384	0.393	0.287	0.456	0.368	0.233	0.155	0.029	0.004	0.028	0.145	0.212	0.161	0.192	0.217	0.524	0.340	0.243	0.256	0.326	0.306	0.275	0.395	1.442	1.144	0.842	2.208	2.382	3.151	0.761	0.837	1.008	0.991	0.594	0.395	0.601	0.534	0.338	0.548	0.642	0.235	0.492	0.508	0.509	0.143	0.354	0.701	0.556	0.404	0.474	0.745	0.602	0.497	0.562	0.651	0.741	0.567	0.539	1.123	1.077	1.109	1.259	0.704	0.828	0.539	0.543	0.427	0.438	0.481	0.589	0.657	0.455	0.362	0.577	0.364	0.257	0.178	0.114	0.486	0.306	0.476	0.530	0.538	0.482	0.604	0.568	0.561	0.525	0.725	0.559	0.539	0.825	0.624	0.566	1.315
2.566	2.985	2.810	3.054	2.812	2.233	1.811	2.071	1.654	0.985	0.963	0.988	1.228	0.440	0.409	0.610	0.384	0.293	0.320	0.361	0.382	0.304	0.204	0.245	0.152	0.028	0.004	0.028	0.144	0.251	0.113	0.210	0.210	0.441	0.196	0.205	0.227	0.255	0.257	0.364	1.375	1.170	0.762	1.332	1.652	2.647	0.758	0.773	1.010	1.003	0.551	0.554	0.650	0.425	0.564	0.992	0.936	0.399	0.883	1.421	1.192	0.978	1.334	1.751	0.907	1.232	1.478	1.380	0.861	1.165	1.467	1.122	1.090	1.165	1.147	1.483	1.154	1.193	1.685	0.851	0.890	0.570	0.635	0.445	0.452	0.479	0.642	0.811	0.567	0.454	0.643	0.530	0.655	0.441	0.429	1.075	0.572	0.509	0.580	0.704	0.577	0.837	0.805	0.762	0.896	1.057	0.878	0.859	1.320	1.096	0.889	1.067
1.676	2.031	1.948	2.721	2.406	2.645	2.650	3.080	2.331	1.592	1.807	0.938	0.897	0.673	0.414	0.393	0.675	0.533	0.243	0.321	0.527	0.279	0.224	0.152	0.256	0.145	0.028	0.004	0.027	0.134	0.192	0.242	0.282	0.243	0.234	0.271	0.271	0.265	0.280	0.379	1.416	1.323	0.841	1.210	1.568	2.705	0.913	0.759	1.122	1.081	0.546	0.565	0.685	0.436	0.593	0.952	1.076	0.511	0.578	1.010	0.899	0.359	0.705	1.327	0.490	0.621	0.828	1.059	0.561	0.603	1.177	0.829	0.658	0.664	0.980	1.297	0.873	1.296	1.676	0.825	0.827	0.632	0.844	0.536	0.530	0.530	0.558	0.791	0.733	0.718	0.549	0.665	1.124	0.743	0.620	1.466	0.847	0.511	0.548	0.808	0.568	0.490	0.608	0.614	0.548	0.608	0.748	0.644	0.825	0.790	0.655	0.966
1.842	2.305	2.211	2.762	2.415	2.177	2.140	2.644	1.924	1.245	1.447	0.811	0.908	0.416	0.305	0.334	0.378	0.359	0.312	0.265	0.414	0.348	0.229	0.204	0.194	0.212	0.144	0.027	0.004	0.028	0.160	0.183	0.296	0.301	0.271	0.293	0.350	0.337	0.300	0.412	1.464	1.213	0.717	1.566	1.832	2.836	0.843	0.800	0.983	1.016	0.557	0.467	0.585	0.478	0.468	0.665	0.839	0.545	0.480	0.626	0.698	0.501	0.484	0.865	0.477	0.504	0.507	0.818	0.605	0.429	0.608	0.637	0.616	0.515	0.647	1.128	0.882	1.385	1.322	0.752	0.830	0.696	0.809	0.594	0.586	0.570	0.551	0.666	0.765	0.745	0.594	0.660	0.969	0.772	0.703	1.212	0.812	0.653	0.647	0.784	0.661	0.570	0.595	0.606	0.535	0.545	0.691	0.612	0.718	0.677	0.593	1.048
2.376	2.744	2.594	2.810	2.598	2.085	1.905	2.361	1.753	1.064	1.168	0.821	1.026	0.402	0.391	0.524	0.325	0.350	0.408	0.260	0.406	0.371	0.253	0.206	0.211	0.161	0.251	0.134	0.028	0.004	0.029	0.160	0.196	0.199	0.229	0.224	0.243	0.272	0.260	0.384	1.374	1.041	0.721	1.463	1.766	2.662	0.796	0.819	0.995	1.016	0.612	0.451	0.590	0.492	0.439	0.531	0.606	0.382	0.477	0.598	0.613	0.396	0.433	0.935	0.290	0.409	0.525	0.859	0.584	0.450	0.707	0.705	0.689	0.599	0.642	1.153	0.877	1.278	1.399	0.794	0.876	0.644	0.702	0.513	0.528	0.513	0.592	0.665	0.650	0.550	0.613	0.595	0.758	0.534	0.575	1.034	0.574	0.457	0.461	0.693	0.550	0.589	0.784	0.716	0.610	0.755	0.785	0.714	0.980	0.876	0.715	1.029
1.997	2.404	2.254	2.675	2.346	2.164	2.067	2.471	1.857	1.126	1.179	0.831	0.964	0.394	0.325	0.414	0.419	0.347	0.309	0.325	0.440	0.328	0.282	0.292	0.210	0.192	0.113	0.192	0.160	0.029	0.004	0.028	0.152	0.286	0.168	0.201	0.208	0.219	0.245	0.352	1.260	1.146	0.874	0.970	1.343	2.532	0.783	0.788	0.991	1.004	0.564	0.435	0.569	0.426	0.435	0.651	0.758	0.390	0.452	0.742	0.653	0.378	0.492	1.268	0.369	0.423	0.633	1.006	0.549	0.520	1.025	0.843	0.733	0.741	0.913	1.296	0.868	1.296	1.772	0.771	0.843	0.602	0.699	0.487	0.497	0.473	0.502	0.674	0.652	0.570	0.505	0.604	0.833	0.578	0.600	1.149	0.646	0.424	0.438	0.737	0.518	0.577	0.672	0.665	0.605	0.702	0.822	0.689	0.933	0.959	0.797	0.910
1.926	2.350	2.220	2.757	2.433	2.377	2.287	2.797	1.994	1.225	1.405	0.809	0.981	0.414	0.327	0.384	0.383	0.357	0.356	0.301	0.395	0.389	0.300	0.244	0.255	0.217	0.210	0.242	0.183	0.160	0.028	0.004	0.028	0.142	0.226	0.175	0.198	0.214	0.230	0.395	1.431	1.204	0.795	1.107	1.472	2.669	0.954	0.845	1.071	1.113	0.594	0.453	0.577	0.435	0.463	0.639	0.790	0.516	0.470	0.663	0.632	0.447	0.435	1.090	0.365	0.406	0.515	0.929	0.641	0.377	0.793	0.666	0.603	0.511	0.755	1.186	0.743	1.533	1.571	0.808	0.864	0.808	0.961	0.750	0.724	0.730	0.668	0.696	0.918	0.893	0.723	0.793	1.105	0.876	0.790	1.325	0.918	0.637	0.636	0.871	0.649	0.543	0.466	0.530	0.489	0.476	0.776	0.628	0.626	0.811	0.795	0.924
2.133	2.528	2.415	2.730	2.470	2.147	2.043	2.539	1.849	1.201	1.409	0.837	0.927	0.481	0.483	0.519	0.395	0.466	0.499	0.330	0.437	0.456	0.375	0.263	0.346	0.524	0.210	0.282	0.296	0.196	0.152	0.028	0.004	0.028	0.144	0.202	0.172	0.194	0.208	0.352	1.332	0.952	0.670	1.548	1.854	2.736	0.629	0.681	0.703	0.758	0.528	0.511	0.650	0.585	0.463	0.579	0.714	0.603	0.628	0.690	0.756	0.605	0.805	0.952	0.892	1.186	1.078	0.883	1.152	1.084	0.794	0.526	0.688	0.651	0.576	1.172	0.768	1.475	1.303	0.708	0.792	0.679	0.595	0.580	0.525	0.557	0.573	0.676	0.572	0.520	0.524	0.451	0.576	0.451	0.418	0.703	0.571	0.430	0.302	0.697	0.497	0.723	0.269	0.407	0.374	0.663	0.472	0.425	0.632	0.465	0.590	0.930
2.270	2.589	2.462	2.602	2.418	2.012	1.952	2.361	1.829	1.094	1.096	0.883	0.916	0.487	0.483	0.705	0.542	0.457	0.476	0.507	0.620	0.432	0.597	0.482	0.312	0.340	0.441	0.243	0.301	0.199	0.286	0.142	0.028	0.004	0.028	0.147	0.197	0.174	0.203	0.281	0.934	0.814	0.781	1.034	1.417	2.365	0.714	0.779	0.913	0.929	0.622	0.476	0.608	0.544	0.471	0.524	0.563	0.452	0.489	0.544	0.510	0.424	0.530	0.619	0.367	0.410	0.500	0.571	0.366	0.427	0.556	0.506	0.616	0.532	0.511	1.018	0.941	0.984	1.071	0.820	0.889	0.649	0.625	0.551	0.548	0.619	0.784	0.676	0.681	0.630	0.727	0.579	0.839	0.626	0.614	0.967	0.579	0.421	0.465	0.570	0.402	0.632	0.455	0.488	0.675	0.735	0.743	0.733	0.876	0.939	0.789	0.935
1.805	2.220	2.060	2.583	2.360	2.477	2.432	2.903	2.114	1.224	1.341	0.805	0.935	0.402	0.324	0.418	0.453	0.353	0.330	0.321	0.424	0.377	0.278	0.263	0.264	0.243	0.196	0.234	0.271	0.229	0.168	0.226	0.144	0.028	0.004	0.029	0.148	0.221	0.209	0.317	0.886	1.089	1.074	0.657	1.046	2.532	0.850	0.819	1.022	1.058	0.606	0.424	0.544	0.437	0.416	0.525	0.655	0.430	0.459	0.588	0.546	0.441	0.450	0.956	0.368	0.401	0.544	0.972	0.598	0.374	0.841	0.679	0.627	0.558	0.842	1.188	0.779	1.382	1.883	0.771	0.848	0.683	0.808	0.588	0.591	0.577	0.546	0.685	0.795	0.727	0.582	0.679	0.963	0.716	0.703	1.126	0.709	0.451	0.533	0.692	0.461	0.569	0.429	0.459	0.442	0.504	0.777	0.574	0.673	0.870	0.881	1.035
1.914	2.342	2.185	2.702	2.420	2.413	2.338	2.828	2.033	1.221	1.388	0.830	0.990	0.424	0.362	0.418	0.396	0.382	0.381	0.309	0.410	0.428	0.293	0.263	0.325	0.256	0.205	0.271	0.293	0.224	0.201	0.175	0.202	0.147	0.029	0.004	0.028	0.155	0.211	0.425	1.014	0.811	0.690	0.819	1.216	2.490	1.047	0.973	1.133	1.200	0.731	0.531	0.592	0.516	0.498	0.481	0.613	0.508	0.634	0.532	0.543	0.629	0.544	0.816	0.494	0.678	0.470	0.892	0.701	0.503	0.659	0.708	0.679	0.522	0.806	1.198	0.856	1.645	1.471	0.942	0.985	0.956	1.035	0.854	0.837	0.826	0.762	0.800	0.991	0.949	0.804	0.813	1.028	0.877	0.840	1.064	0.826	0.595	0.799	0.738	0.547	0.521	0.477	0.494	0.490	0.519	0.845	0.650	0.609	0.825	0.919	1.000
2.135	2.492	2.352	2.650	2.409	2.207	2.127	2.613	1.889	1.094	1.212	0.824	1.012	0.419	0.422	0.546	0.384	0.386	0.453	0.323	0.422	0.432	0.368	0.262	0.339	0.326	0.227	0.271	0.350	0.243	0.208	0.198	0.172	0.197	0.148	0.028	0.004	0.027	0.177	0.315	0.853	0.601	0.698	1.079	1.438	2.321	0.990	0.970	1.113	1.183	0.785	0.601	0.649	0.591	0.572	0.525	0.552	0.497	0.638	0.610	0.614	0.642	0.687	0.723	0.644	0.751	0.562	0.769	0.675	0.569	0.683	0.773	0.713	0.545	0.818	1.251	0.810	1.424	1.436	0.943	0.994	0.910	0.963	0.801	0.793	0.799	0.754	0.856	0.970	0.913	0.823	0.780	0.955	0.816	0.823	1.032	0.718	0.621	0.695	0.683	0.480	0.538	0.480	0.406	0.386	0.449	0.744	0.539	0.546	0.843	0.868	0.984
1.772	2.146	2.021	2.401	2.245	2.419	2.403	2.879	2.106	1.185	1.245	0.806	0.920	0.451	0.383	0.544	0.582	0.377	0.385	0.416	0.460	0.403	0.370	0.384	0.308	0.306	0.255	0.265	0.337	0.272	0.219	0.214	0.194	0.174	0.221	0.155	0.027	0.004	0.029	0.211	0.362	0.848	1.286	1.092	1.189	2.571	0.913	0.879	1.067	1.126	0.689	0.466	0.547	0.486	0.458	0.463	0.571	0.437	0.515	0.573	0.552	0.511	0.605	0.811	0.487	0.609	0.644	0.887	0.682	0.496	0.777	0.548	0.761	0.610	0.909	0.765	1.023	0.960	2.233	0.818	0.886	0.773	0.885	0.685	0.681	0.687	0.653	0.757	0.897	0.840	0.710	0.739	0.959	0.790	0.776	1.029	0.718	0.551	0.657	0.670	0.482	0.565	0.417	0.394	0.392	0.463	0.776	0.527	0.547	0.758	0.892	1.244
1.795	2.183	2.035	2.533	2.334	2.554	2.510	3.030	2.168	1.292	1.443	0.824	0.916	0.437	0.350	0.448	0.490	0.386	0.355	0.369	0.443	0.400	0.308	0.312	0.313	0.275	0.257	0.280	0.300	0.260	0.245	0.230	0.208	0.203	0.209	0.211	0.177	0.029	0.003	0.029	0.438	1.334	1.358	0.919	1.287	2.827	0.927	0.863	1.028	1.090	0.644	0.446	0.553	0.473	0.428	0.462	0.603	0.447	0.512	0.549	0.533	0.532	0.573	0.780	0.473	0.633	0.562	0.848	0.680	0.495	0.693	0.626	0.735	0.512	0.879	1.072	0.857	1.398	1.901	0.822	0.886	0.810	0.932	0.765	0.720	0.744	0.696	0.729	0.912	0.913	0.734	0.738	0.983	0.861	0.784	1.015	0.887	0.612	0.737	0.781	0.634	0.559	0.504	0.601	0.470	0.494	0.940	0.598	0.533	0.755	0.889	1.323
1.836	2.213	2.062	2.531	2.291	2.407	2.430	2.952	2.137	1.321	1.476	0.831	0.917	0.501	0.396	0.471	0.543	0.476	0.398	0.444	0.554	0.448	0.375	0.399	0.403	0.395	0.364	0.379	0.412	0.384	0.352	0.395	0.352	0.281	0.317	0.425	0.315	0.211	0.029	0.004	0.028	0.566	0.690	0.546	0.951	2.474	0.912	0.872	1.002	1.066	0.669	0.523	0.632	0.539	0.478	0.525	0.663	0.533	0.549	0.553	0.563	0.542	0.629	0.735	0.568	0.739	0.635	0.796	0.732	0.650	0.813	0.853	0.857	0.686	1.073	1.178	1.101	1.645	1.495	0.851	0.908	0.845	0.901	0.780	0.729	0.740	0.721	0.759	0.881	0.876	0.743	0.714	0.904	0.813	0.759	0.967	0.822	0.682	0.705	0.854	0.717	0.686	0.693	0.727	0.685	0.677	1.003	0.732	0.702	0.879	0.904	1.289
1.765	2.139	2.084	2.505	2.327	2.490	2.738	3.359	2.545	1.992	2.274	1.518	1.262	1.372	1.384	1.386	1.479	1.440	1.353	1.452	1.527	1.403	1.400	1.434	1.453	1.442	1.375	1.416	1.464	1.374	1.260	1.431	1.332	0.934	0.886	1.014	0.853	0.362	0.438	0.028	0.003	0.028	0.455	0.875	1.263	2.385	1.396	1.438	1.448	1.439	1.434	1.477	1.498	1.405	1.408	1.494	1.624	1.594	1.432	1.379	1.443	1.374	1.321	1.406	1.444	1.301	1.396	1.494	1.309	1.349	1.595	1.639	1.465	1.549	1.801	1.727	2.009	2.372	1.811	1.447	1.571	1.456	1.355	1.394	1.381	1.358	1.382	1.476	1.407	1.391	1.299	1.462	1.533	1.419	1.370	1.516	1.446	1.421	1.363	1.499	1.504	1.402	1.346	1.521	1.451	1.340	1.311	1.459	1.376	1.563	1.435	1.717
1.981	2.378	2.208	2.911	2.921	3.460	3.500	4.169	3.097	2.363	2.654	1.731	1.515	1.543	1.304	1.262	1.564	1.455	1.182	1.347	1.530	1.254	1.174	1.336	1.363	1.144	1.170	1.323	1.213	1.041	1.146	1.204	0.952	0.814	1.089	0.811	0.601	0.848	1.334	0.566	0.028	0.004	0.033	0.368	0.741	2.281	1.359	1.372	1.424	1.377	1.281	1.231	1.396	1.368	1.188	1.221	1.373	1.353	1.151	1.076	1.115	1.055	1.030	1.106	1.068	1.125	1.047	1.088	1.102	1.144	1.208	1.241	1.380	1.277	1.381	1.327	1.549	2.055	1.704	1.317	1.350	1.351	1.350	1.314	1.287	1.306	1.304	1.275	1.349	1.368	1.203	1.270	1.384	1.288	1.193	1.354	1.336	1.234	1.151	1.241	1.427	1.379	1.240	1.697	1.640	1.468	2.155	2.260	1.854	1.804	1.977	2.406
2.336	2.564	2.416	2.874	2.734	3.093	3.023	3.517	2.611	1.670	1.830	1.106	1.183	0.891	0.762	0.801	0.934	0.828	0.749	0.809	0.906	0.769	0.722	0.825	0.775	0.842	0.762	0.841	0.717	0.721	0.874	0.795	0.670	0.781	1.074	0.690	0.698	1.286	1.358	0.690	0.455	0.033	0.004	0.029	0.644	1.586	1.355	1.250	1.237	1.356	1.113	1.166	0.978	0.840	1.049	1.088	1.065	1.106	1.259	1.042	1.042	1.129	1.295	1.203	1.084	1.498	1.436	1.362	1.526	1.662	1.630	1.493	1.926	1.842	1.755	1.568	1.923	2.291	1.999	1.485	1.401	1.671	1.516	1.757	1.452	1.704	1.840	1.622	1.563	1.802	1.551	1.360	1.718	1.751	1.373	1.532	1.890	1.860	1.468	1.690	2.359	2.031	1.814	2.740	2.523	2.196	3.012	3.311	2.745	2.615	2.786	3.073
1.967	2.138	2.323	2.492	2.222	2.373	2.559	3.212	2.357	2.042	2.381	1.880	1.599	1.644	1.847	1.696	1.539	1.725	1.813	1.526	1.576	1.786	1.685	1.386	1.583	2.208	1.332	1.210	1.566	1.463	0.970	1.107	1.548	1.034	0.657	0.819	1.079	1.092	0.919	0.546	0.875	0.368	0.029	0.004	0.029	0.782	2.576	2.491	2.352	2.493	2.423	2.572	2.197	2.029	2.419	2.448	2.336	2.471	2.595	2.284	2.275	2.414	2.449	2.298	2.234	2.595	2.448	2.354	2.549	2.654	2.500	2.393	2.749	2.677	2.492	2.357	2.602	2.766	2.406	2.825	2.709	2.992	2.725	3.009	2.734	2.957	3.126	2.933	2.737	2.935	2.827	2.591	2.832	2.871	2.533	2.547	2.912	3.031	2.636	2.682	3.431	3.155	2.937	3.635	3.589	3.187	3.427	4.278	3.662	3.255	3.378	3.672
2.129	2.294	2.450	2.774	2.591	2.848	3.028	3.705	2.832	2.462	2.820	2.163	1.807	1.921	2.069	1.949	1.858	1.973	2.031	1.823	1.890	1.987	1.947	1.706	1.869	2.382	1.652	1.568	1.832	1.766	1.343	1.472	1.854	1.417	1.046	1.216	1.438	1.189	1.287	0.951	1.263	0.741	0.644	0.029	0.004	0.028	2.776	2.721	2.620	2.708	2.625	2.766	2.501	2.332	2.622	2.684	2.541	2.644	2.809	2.560	2.528	2.606	2.782	2.646	2.481	2.942	2.953	2.826	2.944	3.239	3.167	2.977	3.352	3.450	3.234	3.072	3.312	3.259	3.045	3.029	2.927	3.171	2.887	3.190	2.913	3.125	3.297	3.047	2.905	3.079	2.982	2.703	2.917	2.940	2.608	2.612	2.971	3.095	2.690	2.729	3.532	3.286	3.014	3.645	3.834	3.593	3.495	4.734	4.190	4.089	4.218	4.175
3.169	3.288	3.336	3.569	3.693	4.285	4.483	4.997	4.271	3.704	4.018	3.216	2.739	2.937	2.935	2.761	2.902	2.978	2.829	2.804	2.969	2.919	2.788	2.761	2.893	3.151	2.647	2.705	2.836	2.662	2.532	2.669	2.736	2.365	2.532	2.490	2.321	2.571	2.827	2.474	2.385	2.281	1.586	0.782	0.028	0.003	3.719	3.629	3.576	3.628	3.501	3.534	3.356	3.286	3.423	3.332	3.222	3.437	3.382	2.944	2.932	3.196	2.964	2.726	2.852	2.947	2.760	2.684	2.832	2.914	2.796	2.733	2.960	2.985	2.806	2.717	2.854	2.901	2.904	3.809	3.726	3.887	3.762	4.099	3.799	3.966	4.075	3.763	3.825	3.967	3.792	3.618	3.847	3.827	3.470	3.483	3.942	3.789	3.310	3.544	4.314	3.591	3.281	4.299	4.098	3.398	3.524	5.089	3.972	3.530	3.672	3.812
2.114	2.454	3.474	2.613	4.173	3.203	2.838	2.149	1.915	1.663	2.070	1.334	1.411	1.377	1.409	1.143	1.231	1.732	1.041	0.938	1.209	0.903	0.831	0.875	1.114	0.761	0.758	0.913	0.843	0.796	0.783	0.954	0.629	0.714	0.850	1.047	0.990	0.913	0.927	0.912	1.396	1.359	1.355	2.576	2.776	3.719	0.003	0.029	0.367	0.285	0.415	0.552	0.516	0.706	0.718	0.701	0.777	0.806	0.731	0.810	0.710	0.675	1.112	0.832	0.699	0.691	0.843	0.848	0.695	0.696	0.927	0.691	0.687	0.685	1.040	0.914	1.291	0.910	0.900	0.042	0.248	0.336	0.266	0.421	0.472	0.455	0.459	0.661	0.456	0.509	0.459	0.555	0.876	0.673	0.579	0.917	0.678	0.860	0.691	0.626	0.958	0.944	0.660	0.731	0.842	0.763	0.710	1.014	0.984	0.798	0.835	1.416
1.957	2.454	3.186	2.452	3.844	2.681	2.372	1.640	1.470	1.336	1.409	1.175	1.214	1.258	1.153	1.053	1.089	1.657	1.052	0.860	0.946	0.834	0.782	0.778	1.004	0.837	0.773	0.759	0.800	0.819	0.788	0.845	0.681	0.779	0.819	0.973	0.970	0.879	0.863	0.872	1.438	1.372	1.250	2.491	2.721	3.629	0.029	0.004	0.028	0.309	0.487	0.608	0.523	0.732	0.734	0.724	0.861	0.914	0.706	0.798	0.791	0.719	1.048	0.871	0.774	0.716	0.848	0.938	0.733	0.736	0.980	0.770	0.722	0.738	1.088	0.971	1.274	0.873	0.998	0.310	0.236	0.242	0.289	0.252	0.322	0.303	0.332	0.707	0.485	0.467	0.433	0.579	0.870	0.670	0.597	0.898	0.632	0.838	0.743	0.623	0.964	0.966	0.699	0.717	0.885	0.871	0.766	1.013	1.077	0.883	0.896	1.334
1.830	2.311	3.006	2.708	3.505	2.217	1.975	1.544	1.331	1.352	1.130	1.558	1.250	1.641	1.458	1.391	1.525	1.964	1.067	1.274	1.442	1.101	1.126	1.167	1.213	1.008	1.010	1.122	0.983	0.995	0.991	1.071	0.703	0.913	1.022	1.133	1.113	1.067	1.028	1.002	1.448	1.424	1.237	2.352	2.620	3.576	0.367	0.028	0.004	0.028	0.302	0.481	0.332	0.737	0.541	0.534	0.693	0.993	0.705	0.639	0.700	0.754	0.802	0.724	0.769	0.707	0.750	0.840	0.732	0.714	0.899	0.720	0.692	0.710	1.019	0.894	1.349	1.056	1.059	0.318	0.232	0.354	0.397	0.331	0.442	0.356	0.383	0.529	0.492	0.557	0.492	0.637	1.027	0.802	0.694	1.074	0.797	0.909	0.774	0.703	0.987	0.935	0.707	0.735	0.836	0.824	0.731	0.954	1.027	0.810	0.859	1.222
1.969	2.461	2.990	2.648	3.434	2.012	1.624	1.303	1.143	0.995	0.905	1.261	1.142	1.555	1.142	1.238	1.438	2.152	0.923	1.248	1.411	1.104	1.145	1.175	1.218	0.991	1.003	1.081	1.016	1.016	1.004	1.113	0.758	0.929	1.058	1.200	1.183	1.126	1.090	1.066	1.439	1.377	1.356	2.493	2.708	3.628	0.285	0.309	0.028	0.004	0.029	0.328	0.246	0.732	0.595	0.669	0.734	0.960	0.801	0.705	0.731	0.817	0.823	0.740	0.817	0.766	0.799	0.848	0.765	0.752	0.884	0.724	0.718	0.739	0.993	0.890	1.391	1.092	0.994	0.345	0.392	0.288	0.302	0.341	0.226	0.311	0.381	0.481	0.539	0.497	0.499	0.669	0.845	0.696	0.713	0.949	0.684	0.948	0.800	0.714	0.964	0.974	0.757	0.776	0.874	0.834	0.782	0.976	1.044	0.847	0.908	1.265
2.034	2.584	3.085	2.473	3.636	2.332	1.850	1.251	1.296	0.975	1.037	1.001	1.145	1.170	0.930	1.071	1.029	1.563	0.984	0.871	0.857	0.592	0.650	0.644	0.831	0.594	0.551	0.546	0.557	0.612	0.564	0.594	0.528	0.622	0.606	0.731	0.785	0.689	0.644	0.669	1.434	1.281	1.113	2.423	2.625	3.501	0.415	0.487	0.302	0.029	0.004	0.033	0.298	0.414	0.375	0.548	0.634	0.719	0.612	0.593	0.593	0.586	0.760	0.634	0.591	0.612	0.683	0.733	0.598	0.614	0.818	0.590	0.591	0.618	0.946	0.802	1.297	0.867	0.934	0.640	0.683	0.493	0.395	0.562	0.543	0.463	0.423	0.480	0.531	0.433	0.460	0.440	0.628	0.472	0.427	0.761	0.435	0.718	0.601	0.446	0.740	0.861	0.538	0.539	0.768	0.776	0.611	0.827	1.025	0.762	0.781	1.246
2.101	2.650	3.011	2.378	3.773	2.608	2.182	1.362	1.456	1.124	1.140	1.110	1.353	1.107	0.953	0.924	0.887	1.204	0.537	0.776	0.781	0.841	0.553	0.686	0.937	0.395	0.554	0.565	0.467	0.451	0.435	0.453	0.511	0.476	0.424	0.531	0.601	0.466	0.446	0.523	1.477	1.231	1.166	2.572	2.766	3.534	0.552	0.608	0.481	0.328	0.033	0.004	0.029	0.196	0.227	0.422	0.491	0.386	0.416	0.511	0.470	0.396	0.788	0.534	0.447	0.467	0.560	0.630	0.531	0.462	0.695	0.466	0.543	0.476	0.809	0.837	1.242	0.806	0.853	0.724	0.739	0.481	0.432	0.487	0.514	0.566	0.658	0.393	0.641	0.646	0.526	0.472	0.515	0.439	0.420	0.714	0.443	0.560	0.607	0.424	0.667	0.751	0.460	0.459	0.668	0.707	0.521	0.766	0.935	0.678	0.688	1.271
2.190	2.798	3.043	2.417	3.674	2.539	2.078	1.430	1.664	1.157	1.171	1.020	1.278	1.121	1.115	0.956	0.956	0.882	0.533	0.839	0.914	1.093	0.610	0.783	1.025	0.601	0.650	0.685	0.585	0.590	0.569	0.577	0.650	0.608	0.544	0.592	0.649	0.547	0.553	0.632	1.498	1.396	0.978	2.197	2.501	3.356	0.516	0.523	0.332	0.246	0.298	0.029	0.004	0.028	0.201	0.250	0.696	0.672	0.460	0.514	0.641	0.570	0.756	0.672	0.627	0.557	0.616	0.832	0.665	0.571	0.815	0.639	0.613	0.599	0.949	0.954	1.292	0.865	1.092	0.762	0.791	0.489	0.448	0.505	0.595	0.543	0.658	0.443	0.489	0.461	0.541	0.705	0.455	0.429	0.544	0.797	0.562	0.729	0.801	0.638	0.691	0.917	0.697	0.687	0.817	0.857	0.716	0.813	1.041	0.842	0.814	1.292
1.830	2.471	2.694	2.497	3.158	1.776	1.443	1.375	1.275	0.992	1.058	0.864	0.936	1.050	0.639	0.997	0.818	0.984	0.355	0.751	0.888	0.417	0.581	0.562	0.725	0.534	0.425	0.436	0.478	0.492	0.426	0.435	0.585	0.544	0.437	0.516	0.591	0.486	0.473	0.539	1.405	1.368	0.840	2.029	2.332	3.286	0.706	0.732	0.737	0.732	0.414	0.196	0.028	0.004	0.029	0.242	0.372	0.741	0.651	0.448	0.530	0.607	0.576	0.509	0.574	0.591	0.613	0.717	0.631	0.594	0.794	0.599	0.583	0.600	0.916	0.860	1.340	0.879	1.001	0.868	0.866	0.597	0.625	0.553	0.644	0.500	0.478	0.364	0.560	0.499	0.721	0.697	0.773	0.654	0.608	0.856	0.630	0.845	0.789	0.664	0.698	0.998	0.688	0.693	0.809	0.783	0.685	0.761	0.980	0.775	0.767	1.281
2.101	2.674	2.851	2.473	3.333	1.996	1.605	1.321	1.336	0.977	1.016	0.851	0.990	1.113	0.734	0.976	0.923	1.059	0.445	0.792	0.907	0.876	0.607	0.730	0.987	0.338	0.564	0.593	0.468	0.439	0.435	0.463	0.463	0.471	0.416	0.498	0.572	0.458	0.428	0.478	1.408	1.188	1.049	2.419	2.622	3.423	0.718	0.734	0.541	0.595	0.375	0.227	0.201	0.029	0.004	0.029	0.219	0.249	0.501	0.411	0.390	0.409	0.513	0.456	0.415	0.489	0.545	0.592	0.482	0.471	0.645	0.428	0.483	0.463	0.747	0.795	1.275	0.805	0.788	0.823	0.875	0.740	0.645	0.607	0.576	0.504	0.419	0.294	0.266	0.287	0.480	0.228	0.563	0.489	0.331	0.761	0.434	0.627	0.598	0.412	0.551	0.803	0.443	0.443	0.629	0.633	0.473	0.645	0.843	0.600	0.611	1.260
2.340	2.898	3.047	2.463	3.543	2.396	1.995	1.458	1.694	1.094	1.092	0.827	1.151	1.218	1.053	1.224	1.156	0.971	1.079	1.140	1.192	1.249	0.731	1.178	1.196	0.548	0.992	0.952	0.665	0.531	0.651	0.639	0.579	0.524	0.525	0.481	0.525	0.463	0.462	0.525	1.494	1.221	1.088	2.448	2.684	3.332	0.701	0.724	0.534	0.669	0.548	0.422	0.250	0.242	0.029	0.004	0.028	0.195	0.242	0.263	0.415	0.345	0.464	0.366	0.364	0.335	0.392	0.543	0.514	0.335	0.604	0.371	0.435	0.364	0.705	0.853	1.233	0.791	0.879	0.911	0.924	0.828	0.629	0.703	0.704	0.684	0.986	0.414	0.466	0.555	0.759	0.756	0.521	0.510	0.514	0.678	0.534	0.682	0.680	0.523	0.640	0.767	0.518	0.499	0.649	0.676	0.497	0.629	0.854	0.626	0.625	1.194
2.337	2.966	2.938	2.623	3.263	2.011	1.439	1.435	1.412	0.900	0.934	0.728	0.858	0.709	0.624	0.801	0.908	1.097	0.652	0.936	1.346	1.657	0.559	1.245	1.346	0.642	0.936	1.076	0.839	0.606	0.758	0.790	0.714	0.563	0.655	0.613	0.552	0.571	0.603	0.663	1.624	1.373	1.065	2.336	2.541	3.222	0.777	0.861	0.693	0.734	0.634	0.491	0.696	0.372	0.219	0.028	0.004	0.029	0.183	0.281	0.361	0.371	0.303	0.332	0.374	0.350	0.352	0.675	0.537	0.366	0.603	0.433	0.480	0.392	0.688	0.952	1.216	1.014	1.092	1.025	1.054	0.774	0.593	0.636	0.600	0.561	0.733	0.379	0.441	0.455	0.753	0.617	0.432	0.433	0.643	0.901	0.630	0.681	0.776	0.735	0.539	0.703	0.659	0.622	0.562	0.730	0.567	0.535	0.792	0.615	0.583	1.287
2.670	3.253	3.198	3.228	3.459	2.299	1.600	1.872	1.650	1.010	1.050	0.932	1.337	1.057	0.843	1.125	0.926	0.851	1.220	0.810	0.490	0.206	0.658	0.567	0.973	0.235	0.399	0.511	0.545	0.382	0.390	0.516	0.603	0.452	0.430	0.508	0.497	0.437	0.447	0.533	1.594	1.353	1.106	2.471	2.644	3.437	0.806	0.914	0.993	0.960	0.719	0.386	0.672	0.741	0.249	0.195	0.029	0.004	0.028	0.186	0.308	0.363	0.349	0.324	0.298	0.371	0.395	0.526	0.481	0.363	0.450	0.366	0.525	0.371	0.517	0.866	1.195	0.945	0.896	0.853	0.934	0.614	0.623	0.465	0.478	0.548	0.755	0.805	0.545	0.727	1.021	0.322	0.499	0.656	0.577	0.855	0.715	0.756	0.802	0.707	0.579	0.653	0.622	0.621	0.547	0.717	0.528	0.559	0.778	0.581	0.542	1.418
2.474	2.988	3.006	2.639	3.300	2.061	1.555	1.422	1.408	0.874	0.919	0.732	0.949	0.757	0.722	0.960	0.665	0.645	0.874	0.698	0.737	0.865	0.485	0.704	0.805	0.492	0.883	0.578	0.480	0.477	0.452	0.470	0.628	0.489	0.459	0.634	0.638	0.515	0.512	0.549	1.432	1.151	1.259	2.595	2.809	3.382	0.731	0.706	0.705	0.801	0.612	0.416	0.460	0.651	0.501	0.242	0.183	0.028	0.004	0.029	0.177	0.229	0.224	0.242	0.216	0.281	0.345	0.306	0.436	0.291	0.411	0.277	0.409	0.341	0.545	0.710	1.300	0.725	0.797	0.754	0.792	0.720	0.733	0.777	0.802	0.966	1.193	0.405	0.859	0.978	1.027	1.112	0.856	0.865	0.617	0.654	0.785	0.931	0.590	0.601	0.926	0.927	0.570	0.617	0.786	0.668	0.564	0.809	0.880	0.682	0.710	1.118
