0.002	0.028	0.639	0.314	1.377	1.289	1.063	1.057	0.637	0.798	0.689	0.765	0.913	0.788	0.754	0.822	0.977	1.134	0.824	0.984	0.988	0.885	0.933	1.108	1.175	0.965	1.071	1.339	1.007	1.006	1.106	1.038	0.974	1.331	1.159	1.031	1.006	1.474	1.152	1.131	1.754	1.450	1.815	2.835	3.527	4.793	1.438	1.307	1.009	1.042	0.886	0.860	0.829	0.836	0.906	0.843	0.936	1.020	0.919	1.199	1.007	0.999	1.182	1.141	1.080	1.062	1.208	1.272	1.133	1.146	1.323	1.266	1.215	1.346	1.647	1.536	1.462	1.734	1.894	1.419	1.124	0.925	1.113	1.019	1.224	1.106	1.151	1.047	1.085	1.044	1.002	1.064	1.017	0.958	0.928	1.183	0.945	1.001	0.941	0.968	0.947	1.100	1.094	1.041	1.094	1.205	1.167	1.157	1.323	1.409	1.214	1.336
0.028	0.004	0.029	0.334	0.817	1.325	0.783	1.030	0.913	0.831	0.864	0.802	0.859	0.946	0.914	0.868	0.976	1.719	1.063	1.151	1.302	1.322	1.244	1.425	1.653	1.400	1.358	1.631	1.512	1.456	1.436	1.569	1.534	1.536	1.571	1.583	1.498	1.698	1.575	1.522	2.144	1.803	2.283	3.077	3.670	4.929	1.896	1.749	1.607	1.581	1.367	1.343	1.213	1.165	1.415	1.250	1.224	1.391	1.289	1.386	1.293	1.325	1.348	1.245	1.337	1.279	1.279	1.364	1.349	1.280	1.354	1.390	1.343	1.385	1.649	1.597	1.600	1.940	1.970	1.944	1.605	1.409	1.667	1.651	2.000	1.815	1.614	1.650	1.749	1.676	1.462	1.708	1.655	1.544	1.445	1.807	1.526	1.396	1.443	1.480	1.425	1.451	1.524	1.455	1.390	1.485	1.503	1.472	1.518	1.668	1.532	1.661
0.639	0.029	0.004	0.029	0.369	1.115	1.212	1.212	1.887	1.637	1.500	1.552	1.938	2.099	1.930	2.006	2.314	2.775	2.228	2.420	2.539	2.334	2.404	2.625	2.606	2.440	2.517	2.682	2.444	2.451	2.542	2.465	2.367	2.568	2.570	2.418	2.397	2.819	2.513	2.473	2.880	2.777	3.000	3.589	4.103	5.374	2.170	1.962	1.916	1.999	1.998	1.946	1.963	2.042	2.182	2.093	2.190	2.328	2.223	2.410	2.379	2.400	2.372	2.438	2.468	2.467	2.473	2.622	2.556	2.518	2.569	2.653	2.592	2.612	2.766	2.807	2.859	3.003	3.102	2.093	1.942	1.807	1.817	1.872	2.078	2.006	2.075	2.066	2.114	2.112	2.140	2.201	2.172	2.179	2.220	2.215	2.178	2.251	2.328	2.323	2.283	2.431	2.490	2.422	2.440	2.618	2.568	2.541	2.658	2.762	2.668	2.691
0.314	0.334	0.029	0.004	0.029	0.700	0.784	1.118	1.087	0.744	0.968	0.824	0.784	1.161	1.355	1.053	1.192	2.463	1.543	1.451	1.796	2.119	1.834	1.819	2.378	2.105	1.888	2.177	2.301	2.168	1.988	2.251	2.397	2.096	2.185	2.319	2.188	2.155	2.187	2.166	2.596	2.379	2.736	3.367	3.874	5.024	2.849	2.934	2.819	2.742	2.349	2.406	2.109	1.833	2.419	2.150	1.944	2.209	2.044	1.859	1.874	1.978	1.826	1.552	1.812	1.767	1.570	1.639	1.817	1.644	1.531	1.665	1.654	1.591	1.698	1.833	1.911	2.212	2.291	3.023	2.759	2.726	3.005	3.127	3.493	3.330	2.973	3.014	3.146	3.052	2.629	2.875	2.902	2.748	2.415	2.779	2.625	2.273	2.353	2.455	2.364	2.195	2.324	2.287	2.058	2.082	2.196	2.145	1.954	2.149	2.020	2.300
1.377	0.817	0.369	0.029	0.004	0.029	0.501	1.067	1.077	1.025	1.002	0.946	1.105	1.129	1.143	1.110	1.540	1.924	1.335	1.522	1.603	1.513	1.506	1.684	1.763	1.612	1.640	1.830	1.643	1.628	1.694	1.631	1.646	1.882	1.698	1.640	1.601	1.883	1.707	1.697	2.028	1.881	2.376	3.361	4.059	5.052	2.309	2.277	2.096	1.954	1.685	1.718	1.490	1.397	1.634	1.514	1.470	1.669	1.605	1.650	1.561	1.569	1.670	1.569	1.644	1.532	1.576	1.730	1.579	1.562	1.729	1.675	1.638	1.698	1.840	1.996	1.834	2.008	2.178	2.515	2.127	1.891	2.321	2.244	2.528	2.345	2.078	2.101	2.164	2.074	1.804	2.017	1.978	1.847	1.749	2.065	1.834	1.654	1.705	1.720	1.679	1.607	1.682	1.650	1.616	1.653	1.661	1.637	1.707	1.759	1.666	1.757
1.289	1.325	1.115	0.700	0.029	0.004	0.029	0.537	0.595	0.518	0.671	0.531	0.603	0.593	0.615	0.511	0.906	1.307	0.724	0.833	0.998	1.018	0.860	1.128	1.321	1.047	0.996	1.278	1.144	1.083	1.102	1.242	1.219	1.299	1.207	1.238	1.178	1.288	1.212	1.158	1.666	1.188	1.694	2.792	3.553	4.478	2.007	2.002	1.790	1.689	1.338	1.414	1.152	1.009	1.191	1.094	0.908	1.116	1.033	1.045	0.919	0.933	1.042	0.927	1.005	0.887	0.997	1.333	0.983	0.966	1.222	1.172	1.090	1.237	1.559	1.495	1.306	1.533	1.682	2.208	1.823	1.560	2.038	1.892	2.203	1.984	1.633	1.768	1.797	1.682	1.372	1.634	1.570	1.397	1.263	1.651	1.384	1.139	1.145	1.156	1.126	1.066	1.048	1.029	0.982	0.995	1.002	0.980	1.104	1.135	1.091	1.133
1.063	0.783	1.212	0.784	0.501	0.029	0.004	0.028	0.549	0.708	0.834	0.726	0.716	0.584	0.539	0.579	0.857	1.017	0.625	0.753	0.847	0.820	0.723	0.962	1.082	0.849	0.869	1.118	0.896	0.868	0.918	0.941	0.960	1.200	0.959	0.938	0.922	1.114	0.971	0.975	1.578	1.014	1.576	2.793	3.553	4.509	1.709	1.605	1.353	1.351	1.068	1.129	0.910	0.827	0.912	0.856	0.755	0.955	0.869	0.957	0.780	0.780	0.968	0.871	0.855	0.784	0.985	1.363	0.893	0.908	1.239	1.087	1.020	1.299	1.584	1.396	1.180	1.290	1.582	1.911	1.512	1.193	1.636	1.419	1.706	1.490	1.209	1.332	1.363	1.255	1.027	1.310	1.211	1.058	1.029	1.367	1.109	0.936	0.932	0.917	0.905	0.888	0.850	0.834	0.857	0.872	0.849	0.841	1.040	1.021	1.004	0.998
1.057	1.030	1.212	1.118	1.067	0.537	0.028	0.004	0.033	0.225	0.748	0.476	0.493	0.577	0.797	0.471	0.897	1.430	0.714	0.626	0.809	0.988	0.763	0.812	1.089	0.878	0.780	1.091	0.909	0.875	0.831	0.886	1.063	1.046	0.874	0.896	0.857	1.061	0.890	0.897	1.506	1.027	1.390	2.520	3.270	4.281	1.864	1.884	1.743	1.763	1.487	1.569	1.423	1.227	1.342	1.286	1.054	1.107	1.094	1.094	0.898	0.899	1.110	0.793	0.768	0.775	0.869	1.153	0.740	0.768	0.962	0.816	0.791	0.975	1.207	1.177	0.960	1.154	1.459	1.991	1.758	1.600	1.904	1.818	2.096	1.927	1.670	1.790	1.803	1.714	1.494	1.603	1.585	1.463	1.274	1.483	1.394	1.255	1.109	1.155	1.207	1.171	1.023	1.039	1.007	0.939	0.956	0.957	0.997	1.000	0.887	1.062
0.637	0.913	1.887	1.087	1.077	0.595	0.549	0.033	0.004	0.028	0.322	0.240	0.514	0.518	0.520	0.503	0.909	1.028	0.669	0.720	0.833	0.758	0.740	0.851	1.016	0.802	0.834	1.087	0.812	0.806	0.851	0.823	0.881	1.081	0.850	0.820	0.801	1.076	0.860	0.885	1.522	1.008	1.425	2.604	3.328	4.310	1.204	1.091	0.868	1.066	0.870	0.871	0.781	0.777	0.843	0.812	0.806	0.993	0.914	1.027	0.823	0.816	0.997	0.851	0.815	0.778	0.887	1.121	0.789	0.805	0.992	0.854	0.834	0.980	1.263	1.198	1.036	1.214	1.532	1.288	1.055	0.868	1.078	0.959	1.219	1.068	1.039	1.024	1.092	1.020	0.944	1.145	1.051	0.970	0.994	1.211	1.043	0.976	0.918	0.914	0.932	0.920	0.856	0.852	0.893	0.897	0.872	0.864	1.002	1.008	0.910	1.008
0.798	0.831	1.637	0.744	1.025	0.518	0.708	0.225	0.028	0.004	0.032	0.221	0.243	0.256	0.247	0.257	0.471	0.441	0.258	0.274	0.420	0.387	0.295	0.451	0.622	0.349	0.512	0.719	0.365	0.357	0.453	0.366	0.602	0.810	0.401	0.397	0.404	0.743	0.456	0.521	1.307	0.786	0.904	2.112	2.941	3.983	1.135	0.925	0.727	0.635	0.602	0.595	0.479	0.395	0.440	0.449	0.494	0.654	0.548	0.787	0.490	0.458	1.017	0.721	0.514	0.544	1.040	1.058	0.604	0.805	1.162	0.796	0.766	1.239	1.366	1.141	0.859	0.939	1.313	1.215	1.080	0.772	0.942	0.722	0.773	0.695	0.897	0.644	0.645	0.603	0.621	0.716	0.589	0.600	0.550	0.652	0.588	0.603	0.479	0.483	0.582	0.639	0.485	0.491	0.631	0.617	0.548	0.583	0.878	0.743	0.779	0.714
0.689	0.864	1.500	0.968	1.002	0.671	0.834	0.748	0.322	0.032	0.004	0.033	0.189	0.220	0.188	0.231	0.238	0.529	0.235	0.244	0.308	0.441	0.274	0.304	0.626	0.321	0.468	0.536	0.352	0.326	0.360	0.335	0.702	0.658	0.328	0.372	0.390	0.694	0.394	0.458	1.338	0.780	0.807	1.807	2.622	3.676	1.157	0.997	0.831	0.740	0.629	0.679	0.496	0.391	0.426	0.439	0.484	0.588	0.522	0.791	0.500	0.467	0.923	0.702	0.531	0.563	0.869	0.979	0.571	0.681	0.927	0.698	0.674	0.903	1.117	1.017	0.780	0.856	1.280	1.213	1.142	0.869	1.013	0.863	0.863	0.809	0.947	0.719	0.660	0.628	0.618	0.686	0.564	0.596	0.507	0.562	0.542	0.578	0.435	0.450	0.577	0.687	0.480	0.487	0.639	0.618	0.542	0.590	0.805	0.704	0.700	0.698
0.765	0.802	1.552	0.824	0.946	0.531	0.726	0.476	0.240	0.221	0.033	0.004	0.029	0.162	0.286	0.208	0.237	0.242	0.253	0.240	0.252	0.354	0.321	0.330	0.404	0.300	0.522	0.440	0.305	0.326	0.432	0.323	0.607	0.819	0.372	0.354	0.414	0.733	0.471	0.547	1.279	0.922	0.857	1.939	2.818	3.851	1.306	1.029	0.833	0.717	0.729	0.744	0.499	0.486	0.478	0.475	0.483	0.635	0.554	0.812	0.501	0.481	0.976	0.716	0.561	0.592	0.893	1.039	0.634	0.737	0.965	0.755	0.731	0.969	1.134	1.090	0.840	0.920	1.310	1.296	1.242	0.895	0.986	0.824	0.775	0.778	1.014	0.718	0.658	0.662	0.693	0.703	0.567	0.660	0.545	0.582	0.572	0.620	0.462	0.477	0.601	0.663	0.512	0.523	0.672	0.654	0.591	0.633	0.856	0.766	0.777	0.742
0.913	0.859	1.938	0.784	1.105	0.603	0.716	0.493	0.514	0.243	0.189	0.029	0.004	0.028	0.144	0.214	0.201	0.213	0.221	0.236	0.310	0.249	0.304	0.474	0.446	0.299	0.503	0.684	0.308	0.319	0.448	0.336	0.484	0.828	0.403	0.370	0.377	0.764	0.473	0.529	1.252	0.863	0.920	2.133	2.981	4.057	1.122	0.887	0.707	0.564	0.553	0.519	0.421	0.396	0.385	0.426	0.489	0.686	0.533	0.848	0.505	0.480	0.952	0.697	0.529	0.553	0.845	1.012	0.589	0.677	1.007	0.721	0.696	1.037	1.247	1.117	0.855	0.962	1.342	1.122	1.058	0.728	0.805	0.635	0.666	0.604	0.875	0.578	0.590	0.536	0.594	0.692	0.537	0.546	0.522	0.650	0.539	0.622	0.466	0.460	0.537	0.643	0.504	0.507	0.644	0.643	0.585	0.609	0.847	0.776	0.712	0.749
0.788	0.946	2.099	1.161	1.129	0.593	0.584	0.577	0.518	0.256	0.220	0.162	0.028	0.004	0.029	0.154	0.239	0.208	0.214	0.235	0.348	0.307	0.244	0.323	0.623	0.309	0.414	0.639	0.339	0.317	0.353	0.338	0.602	0.589	0.335	0.376	0.367	0.701	0.380	0.419	1.328	0.705	0.844	1.929	2.697	3.761	1.169	0.982	0.789	0.597	0.509	0.460	0.458	0.409	0.377	0.409	0.495	0.597	0.473	0.714	0.476	0.436	0.717	0.622	0.463	0.478	0.696	0.907	0.471	0.544	0.783	0.591	0.557	0.684	1.067	0.922	0.721	0.830	1.299	1.092	0.929	0.735	0.855	0.669	0.705	0.637	0.862	0.603	0.620	0.545	0.577	0.677	0.545	0.499	0.465	0.641	0.504	0.555	0.421	0.421	0.461	0.629	0.460	0.453	0.572	0.588	0.517	0.535	0.748	0.683	0.630	0.684
0.754	0.914	1.930	1.355	1.143	0.615	0.539	0.797	0.520	0.247	0.188	0.286	0.144	0.029	0.004	0.028	0.147	0.223	0.131	0.187	0.188	0.292	0.191	0.207	0.429	0.238	0.410	0.361	0.264	0.257	0.311	0.264	0.638	0.573	0.271	0.304	0.336	0.658	0.345	0.422	1.308	0.740	0.777	1.772	2.561	3.600	1.168	0.840	0.751	0.602	0.659	0.609	0.411	0.257	0.393	0.392	0.442	0.593	0.474	0.727	0.451	0.411	0.796	0.613	0.452	0.476	0.723	0.890	0.465	0.550	0.789	0.586	0.556	0.681	1.026	0.906	0.704	0.777	1.259	1.017	0.917	0.778	0.826	0.725	0.716	0.688	0.950	0.650	0.627	0.618	0.648	0.699	0.577	0.596	0.480	0.547	0.526	0.542	0.395	0.409	0.536	0.626	0.431	0.433	0.570	0.569	0.494	0.522	0.728	0.650	0.602	0.661
0.822	0.868	2.006	1.053	1.110	0.511	0.579	0.471	0.503	0.257	0.231	0.208	0.214	0.154	0.028	0.004	0.029	0.143	0.212	0.170	0.195	0.206	0.295	0.275	0.247	0.258	0.484	0.422	0.265	0.301	0.418	0.306	0.489	0.858	0.366	0.342	0.380	0.753	0.471	0.537	1.238	0.971	0.895	2.040	2.913	3.955	1.100	0.820	0.689	0.632	0.549	0.459	0.479	0.460	0.449	0.485	0.557	0.705	0.643	0.919	0.562	0.537	1.011	0.778	0.630	0.663	0.900	1.105	0.728	0.804	0.965	0.839	0.819	0.972	1.126	1.181	0.926	0.996	1.360	0.950	0.826	0.690	0.727	0.628	0.628	0.633	0.890	0.591	0.602	0.594	0.631	0.735	0.552	0.612	0.551	0.668	0.578	0.782	0.488	0.496	0.682	0.722	0.567	0.593	0.748	0.724	0.667	0.712	0.943	0.865	0.884	0.824
0.977	0.976	2.314	1.192	1.540	0.906	0.857	0.897	0.909	0.471	0.238	0.237	0.201	0.239	0.147	0.029	0.004	0.029	0.140	0.221	0.147	0.210	0.213	0.456	0.390	0.267	0.394	0.637	0.283	0.277	0.342	0.301	0.458	0.588	0.318	0.339	0.334	0.679	0.358	0.398	1.314	0.699	0.868	2.020	2.788	3.877	1.167	0.958	0.741	0.756	0.529	0.409	0.418	0.428	0.445	0.404	0.554	0.548	0.418	0.683	0.412	0.395	0.552	0.587	0.439	0.444	0.650	0.905	0.449	0.499	0.774	0.598	0.535	0.652	1.113	0.959	0.696	0.880	1.307	0.950	0.763	0.704	0.761	0.653	0.721	0.645	0.799	0.630	0.701	0.514	0.572	0.705	0.553	0.428	0.440	0.809	0.495	0.581	0.399	0.385	0.399	0.562	0.460	0.427	0.533	0.547	0.498	0.506	0.709	0.674	0.621	0.675
1.134	1.719	2.775	2.463	1.924	1.307	1.017	1.430	1.028	0.441	0.529	0.242	0.213	0.208	0.223	0.143	0.029	0.004	0.029	0.140	0.207	0.210	0.201	0.236	0.561	0.280	0.260	0.462	0.327	0.304	0.297	0.334	0.624	0.411	0.322	0.384	0.398	0.674	0.385	0.418	1.370	0.611	0.812	1.785	2.472	3.506	1.304	0.915	0.748	0.514	0.538	0.621	0.676	0.734	0.524	0.524	0.609	0.476	0.391	0.640	0.424	0.381	0.478	0.526	0.448	0.427	0.557	0.847	0.463	0.467	0.697	0.561	0.491	0.527	1.000	0.831	0.651	0.719	1.281	0.872	0.698	0.812	0.735	0.750	0.838	0.783	0.789	0.731	0.827	0.648	0.563	0.812	0.664	0.495	0.441	0.759	0.522	0.545	0.383	0.382	0.387	0.591	0.434	0.409	0.510	0.535	0.467	0.474	0.673	0.614	0.577	0.637
0.824	1.063	2.228	1.543	1.335	0.724	0.625	0.714	0.669	0.258	0.235	0.253	0.221	0.214	0.131	0.212	0.140	0.029	0.004	0.028	0.152	0.218	0.179	0.205	0.225	0.232	0.334	0.236	0.244	0.256	0.308	0.258	0.589	0.530	0.278	0.298	0.334	0.642	0.348	0.431	1.287	0.733	0.786	1.776	2.533	3.560	1.108	0.763	0.615	0.785	0.433	0.378	0.483	0.255	0.367	0.368	0.399	0.667	0.569	0.694	0.551	0.528	0.712	0.614	0.456	0.539	0.730	0.819	0.460	0.574	0.778	0.531	0.518	0.642	0.937	0.817	0.652	0.715	1.239	0.756	0.678	0.641	0.571	0.530	0.568	0.594	0.772	0.527	0.550	0.535	0.574	0.754	0.520	0.567	0.587	0.594	0.567	0.633	0.524	0.530	0.591	0.693	0.567	0.571	0.651	0.649	0.602	0.624	0.782	0.712	0.656	0.751
0.984	1.151	2.420	1.451	1.522	0.833	0.753	0.626	0.720	0.274	0.244	0.240	0.236	0.235	0.187	0.170	0.221	0.140	0.028	0.004	0.028	0.147	0.202	0.188	0.221	0.238	0.388	0.347	0.238	0.246	0.327	0.268	0.369	0.567	0.289	0.304	0.303	0.657	0.351	0.409	1.273	0.722	0.841	2.016	2.774	3.854	1.145	0.808	0.692	0.796	0.488	0.394	0.460	0.413	0.400	0.400	0.518	0.507	0.429	0.677	0.378	0.358	0.545	0.557	0.424	0.427	0.618	0.836	0.445	0.477	0.703	0.559	0.503	0.550	1.047	0.840	0.648	0.750	1.305	0.817	0.656	0.672	0.663	0.571	0.620	0.576	0.719	0.549	0.630	0.458	0.545	0.708	0.505	0.389	0.396	0.875	0.469	0.679	0.355	0.353	0.365	0.501	0.453	0.403	0.512	0.511	0.476	0.483	0.678	0.655	0.603	0.663
0.988	1.302	2.539	1.796	1.603	0.998	0.847	0.809	0.833	0.420	0.308	0.252	0.310	0.348	0.188	0.195	0.147	0.207	0.152	0.028	0.004	0.028	0.157	0.242	0.212	0.268	0.258	0.509	0.271	0.282	0.296	0.292	0.450	0.393	0.308	0.340	0.356	0.720	0.365	0.385	1.358	0.605	0.879	1.900	2.562	3.607	1.351	1.116	0.946	1.006	0.618	0.521	0.486	0.522	0.576	0.453	0.603	0.325	0.355	0.638	0.448	0.386	0.462	0.538	0.560	0.483	0.548	0.804	0.543	0.526	0.733	0.639	0.562	0.584	1.053	0.853	0.693	0.757	1.359	0.996	0.826	0.860	0.938	0.856	0.924	0.780	0.768	0.875	0.827	0.566	0.605	0.730	0.605	0.394	0.383	1.083	0.497	0.607	0.368	0.377	0.368	0.519	0.477	0.417	0.515	0.550	0.499	0.499	0.692	0.680	0.633	0.675
0.885	1.322	2.334	2.119	1.513	1.018	0.820	0.988	0.758	0.387	0.441	0.354	0.249	0.307	0.292	0.206	0.210	0.210	0.218	0.147	0.028	0.004	0.028	0.149	0.253	0.231	0.231	0.230	0.251	0.255	0.242	0.269	0.632	0.306	0.280	0.311	0.348	0.678	0.349	0.394	1.327	0.579	0.767	1.653	2.302	3.303	1.186	0.906	0.757	0.923	0.440	0.450	0.534	0.468	0.413	0.494	0.637	0.218	0.427	0.631	0.447	0.350	0.449	0.468	0.564	0.418	0.460	0.711	0.467	0.433	0.637	0.522	0.463	0.470	0.833	0.738	0.635	0.671	1.285	0.748	0.625	0.688	0.702	0.620	0.680	0.617	0.664	0.615	0.678	0.523	0.603	0.737	0.564	0.496	0.370	0.779	0.511	0.572	0.357	0.351	0.347	0.557	0.449	0.396	0.495	0.542	0.473	0.470	0.668	0.617	0.581	0.650
0.933	1.244	2.404	1.834	1.506	0.860	0.723	0.763	0.740	0.295	0.274	0.321	0.304	0.244	0.191	0.295	0.213	0.201	0.179	0.202	0.157	0.028	0.004	0.029	0.153	0.196	0.196	0.228	0.241	0.228	0.276	0.253	0.446	0.584	0.261	0.285	0.312	0.639	0.324	0.399	1.259	0.737	0.742	1.809	2.595	3.605	1.168	0.883	0.727	0.905	0.428	0.455	0.539	0.421	0.424	0.566	0.595	0.367	0.336	0.340	0.284	0.264	0.384	0.406	0.431	0.413	0.534	0.910	0.471	0.465	0.700	0.567	0.528	0.563	0.954	0.938	0.743	0.847	1.223	0.748	0.629	0.653	0.662	0.576	0.600	0.570	0.602	0.572	0.615	0.432	0.529	0.702	0.460	0.360	0.394	0.730	0.432	0.775	0.292	0.295	0.386	0.459	0.379	0.356	0.515	0.528	0.472	0.505	0.688	0.658	0.648	0.660
1.108	1.425	2.625	1.819	1.684	1.128	0.962	0.812	0.851	0.451	0.304	0.330	0.474	0.323	0.207	0.275	0.456	0.236	0.205	0.188	0.242	0.149	0.029	0.004	0.029	0.149	0.249	0.158	0.193	0.208	0.268	0.214	0.239	0.489	0.232	0.259	0.265	0.749	0.308	0.350	1.305	0.629	0.907	2.014	2.734	3.838	1.205	0.965	0.781	0.933	0.452	0.454	0.494	0.468	0.479	0.478	0.594	0.367	0.342	0.578	0.408	0.377	0.461	0.893	0.554	0.556	0.793	0.974	0.582	0.701	1.049	0.816	0.745	0.816	1.323	1.008	0.829	0.973	1.419	0.788	0.655	0.678	0.718	0.635	0.674	0.627	0.637	0.631	0.699	0.439	0.542	0.684	0.493	0.313	0.286	1.059	0.432	0.687	0.324	0.340	0.341	0.432	0.458	0.400	0.522	0.535	0.504	0.502	0.723	0.757	0.673	0.700
1.175	1.653	2.606	2.378	1.763	1.321	1.082	1.089	1.016	0.622	0.626	0.404	0.446	0.623	0.429	0.247	0.390	0.561	0.225	0.221	0.212	0.253	0.153	0.029	0.004	0.028	0.142	0.292	0.173	0.197	0.208	0.213	0.374	0.233	0.234	0.281	0.321	0.634	0.317	0.337	1.367	0.544	0.891	1.780	2.359	3.335	1.518	1.385	1.141	1.178	0.673	0.621	0.567	0.631	0.717	0.579	0.616	0.573	0.385	0.509	0.403	0.278	0.348	0.502	0.500	0.376	0.396	0.658	0.527	0.430	0.626	0.530	0.531	0.476	0.814	0.701	0.629	0.611	1.349	1.090	0.928	0.932	1.007	0.915	0.986	0.923	0.875	0.915	0.933	0.732	0.805	0.816	0.724	0.524	0.466	1.338	0.586	0.603	0.360	0.380	0.337	0.389	0.410	0.363	0.423	0.522	0.470	0.458	0.673	0.697	0.627	0.674
0.965	1.400	2.440	2.105	1.612	1.047	0.849	0.878	0.802	0.349	0.321	0.300	0.299	0.309	0.238	0.258	0.267	0.280	0.232	0.238	0.268	0.231	0.196	0.149	0.028	0.004	0.028	0.145	0.228	0.163	0.180	0.213	0.697	0.220	0.220	0.256	0.376	0.601	0.307	0.496	1.427	0.578	0.854	1.444	2.093	3.093	1.126	0.920	0.713	0.978	0.418	0.369	0.443	0.417	0.357	0.404	0.405	0.204	0.346	0.303	0.417	0.121	0.213	0.327	0.490	0.260	0.272	0.579	0.477	0.303	0.389	0.452	0.453	0.378	0.608	0.668	0.578	0.614	1.252	0.622	0.593	0.574	0.575	0.492	0.447	0.391	0.421	0.406	0.382	0.288	0.305	0.542	0.347	0.239	0.118	0.776	0.425	0.575	0.264	0.303	0.311	0.560	0.359	0.347	0.388	0.529	0.415	0.414	0.598	0.520	0.498	0.604
1.071	1.358	2.517	1.888	1.640	0.996	0.869	0.780	0.834	0.512	0.468	0.522	0.503	0.414	0.410	0.484	0.394	0.260	0.334	0.388	0.258	0.231	0.196	0.249	0.142	0.028	0.004	0.028	0.143	0.242	0.119	0.199	0.214	0.393	0.190	0.218	0.240	0.631	0.276	0.341	1.228	0.617	0.804	1.887	2.536	3.569	1.162	0.946	0.736	0.963	0.421	0.406	0.497	0.395	0.427	0.513	0.599	0.323	0.355	0.370	0.253	0.291	0.289	0.493	0.320	0.403	0.516	0.730	0.546	0.574	0.777	0.590	0.587	0.613	0.833	0.746	0.658	0.689	1.330	0.695	0.611	0.610	0.652	0.572	0.596	0.565	0.570	0.542	0.584	0.406	0.547	0.699	0.459	0.307	0.284	0.923	0.443	0.747	0.375	0.390	0.339	0.436	0.486	0.388	0.516	0.524	0.482	0.495	0.712	0.746	0.679	0.703
1.339	1.631	2.682	2.177	1.830	1.278	1.118	1.091	1.087	0.719	0.536	0.440	0.684	0.639	0.361	0.422	0.637	0.462	0.236	0.347	0.509	0.230	0.228	0.158	0.292	0.145	0.028	0.004	0.028	0.140	0.230	0.190	0.227	0.217	0.207	0.250	0.257	0.583	0.281	0.305	1.399	0.628	1.103	2.017	2.555	3.538	1.360	1.205	0.892	0.970	0.443	0.431	0.461	0.414	0.508	0.453	0.566	0.339	0.448	0.424	0.397	0.344	0.368	0.540	0.466	0.427	0.448	0.798	0.571	0.498	0.723	0.705	0.644	0.639	0.983	0.804	0.733	0.746	1.444	0.813	0.643	0.657	0.786	0.684	0.786	0.669	0.612	0.624	0.734	0.467	0.578	0.724	0.601	0.344	0.317	1.091	0.568	0.646	0.457	0.476	0.366	0.466	0.406	0.380	0.459	0.534	0.493	0.492	0.700	0.816	0.728	0.720
1.007	1.512	2.444	2.301	1.643	1.144	0.896	0.909	0.812	0.365	0.352	0.305	0.308	0.339	0.264	0.265	0.283	0.327	0.244	0.238	0.271	0.251	0.241	0.193	0.173	0.228	0.143	0.028	0.004	0.029	0.154	0.204	0.236	0.260	0.251	0.274	0.365	0.383	0.352	0.377	1.393	0.586	0.939	1.684	2.183	3.069	1.239	1.111	0.893	1.078	0.565	0.539	0.551	0.524	0.619	0.558	0.554	0.496	0.587	0.455	0.460	0.512	0.459	0.489	0.360	0.438	0.407	0.593	0.586	0.477	0.457	0.504	0.653	0.524	0.564	0.643	0.642	0.621	1.398	0.777	0.695	0.726	0.814	0.734	0.772	0.725	0.639	0.654	0.731	0.585	0.586	0.770	0.730	0.483	0.480	1.167	0.640	0.605	0.557	0.541	0.450	0.488	0.397	0.401	0.432	0.642	0.539	0.525	0.763	0.813	0.746	0.738
1.006	1.456	2.451	2.168	1.628	1.083	0.868	0.875	0.806	0.357	0.326	0.326	0.319	0.317	0.257	0.301	0.277	0.304	0.256	0.246	0.282	0.255	0.228	0.208	0.197	0.163	0.242	0.140	0.029	0.004	0.028	0.157	0.256	0.175	0.209	0.217	0.272	0.433	0.282	0.331	1.208	0.505	0.724	1.611	2.189	3.146	1.154	0.985	0.769	1.021	0.464	0.458	0.507	0.439	0.425	0.504	0.550	0.388	0.520	0.458	0.467	0.499	0.469	0.473	0.297	0.497	0.450	0.535	0.583	0.472	0.458	0.535	0.620	0.501	0.508	0.670	0.636	0.665	1.387	0.665	0.644	0.626	0.682	0.618	0.625	0.576	0.535	0.544	0.593	0.498	0.483	0.702	0.595	0.468	0.431	0.890	0.571	0.574	0.499	0.457	0.405	0.551	0.464	0.397	0.429	0.527	0.454	0.448	0.703	0.745	0.669	0.673
1.106	1.436	2.542	1.988	1.694	1.102	0.918	0.831	0.851	0.453	0.360	0.432	0.448	0.353	0.311	0.418	0.342	0.297	0.308	0.327	0.296	0.242	0.276	0.268	0.208	0.180	0.119	0.230	0.154	0.028	0.004	0.028	0.157	0.211	0.163	0.207	0.206	0.438	0.255	0.291	1.297	0.600	1.116	2.079	2.592	3.579	1.170	0.999	0.760	1.010	0.432	0.417	0.451	0.398	0.428	0.474	0.546	0.308	0.494	0.498	0.489	0.426	0.447	0.665	0.493	0.534	0.549	0.791	0.577	0.582	0.578	0.543	0.642	0.562	0.701	0.654	0.618	0.522	1.408	0.678	0.615	0.620	0.691	0.624	0.656	0.616	0.556	0.572	0.630	0.497	0.495	0.745	0.618	0.448	0.405	0.950	0.585	0.577	0.580	0.501	0.407	0.563	0.449	0.406	0.457	0.531	0.504	0.508	0.772	0.783	0.711	0.708
1.038	1.569	2.465	2.251	1.631	1.242	0.941	0.886	0.823	0.366	0.335	0.323	0.336	0.338	0.264	0.306	0.301	0.334	0.258	0.268	0.292	0.269	0.253	0.214	0.213	0.213	0.199	0.190	0.204	0.157	0.028	0.004	0.028	0.147	0.215	0.242	0.254	0.271	0.295	0.307	1.719	0.904	1.400	2.031	2.411	3.242	1.247	1.136	0.922	1.087	0.520	0.481	0.474	0.437	0.613	0.480	0.555	0.359	0.516	0.453	0.463	0.452	0.446	0.608	0.488	0.491	0.494	0.803	0.598	0.591	0.571	0.580	0.730	0.606	0.639	0.635	0.786	0.616	1.552	0.805	0.724	0.779	0.910	0.850	0.895	0.856	0.736	0.761	0.834	0.705	0.636	0.835	0.832	0.548	0.507	1.038	0.708	0.557	0.691	0.634	0.459	0.599	0.412	0.416	0.475	0.635	0.656	0.627	0.816	1.018	0.981	0.871
0.974	1.534	2.367	2.397	1.646	1.219	0.960	1.063	0.881	0.602	0.702	0.607	0.484	0.602	0.638	0.489	0.458	0.624	0.589	0.369	0.450	0.632	0.446	0.239	0.374	0.697	0.214	0.227	0.236	0.256	0.157	0.028	0.004	0.028	0.149	0.233	0.340	0.355	0.344	0.337	1.456	0.714	0.982	1.592	2.031	2.840	1.405	1.259	1.235	1.292	1.043	0.984	0.925	0.920	1.058	0.918	0.891	0.912	0.954	0.731	0.656	0.837	0.716	0.599	0.578	0.814	0.724	0.798	0.858	0.893	0.858	0.849	1.064	0.955	0.806	0.730	0.946	0.977	1.625	1.134	1.165	1.168	1.204	1.210	1.212	1.176	1.089	1.111	1.155	1.048	0.999	1.159	1.085	0.862	0.887	1.116	0.880	0.708	0.912	0.640	0.609	0.837	0.796	0.816	0.883	1.099	1.046	1.069	1.185	1.275	1.167	1.090
1.331	1.536	2.568	2.096	1.882	1.299	1.200	1.046	1.081	0.810	0.658	0.819	0.828	0.589	0.573	0.858	0.588	0.411	0.530	0.567	0.393	0.306	0.584	0.489	0.233	0.220	0.393	0.217	0.260	0.175	0.211	0.147	0.028	0.004	0.029	0.182	0.309	0.176	0.211	0.289	0.953	0.748	0.786	1.885	2.509	3.474	1.133	0.988	0.790	1.023	0.494	0.495	0.530	0.458	0.490	0.527	0.665	0.431	0.533	0.645	0.583	0.476	0.612	0.700	0.484	0.530	0.677	1.139	0.308	0.543	0.701	0.673	0.662	0.660	0.665	0.723	0.673	0.685	1.453	0.688	0.692	0.710	0.786	0.771	0.801	0.771	0.663	0.681	0.781	0.688	0.619	0.799	0.807	0.639	0.555	0.966	0.785	0.656	0.819	0.744	0.539	0.605	0.612	0.524	0.393	0.435	0.534	0.477	0.597	0.603	0.679	0.707
1.159	1.571	2.570	2.185	1.698	1.207	0.959	0.874	0.850	0.401	0.328	0.372	0.403	0.335	0.271	0.366	0.318	0.322	0.278	0.289	0.308	0.280	0.261	0.232	0.234	0.220	0.190	0.207	0.251	0.209	0.163	0.215	0.149	0.029	0.004	0.029	0.235	0.206	0.341	0.359	1.651	1.035	1.755	2.353	2.644	3.484	1.196	1.060	0.833	1.053	0.492	0.482	0.478	0.429	0.507	0.500	0.557	0.355	0.522	0.483	0.479	0.458	0.475	0.572	0.603	0.586	0.581	1.053	0.619	0.714	0.700	0.730	0.853	0.746	0.681	0.672	0.770	0.490	1.489	0.714	0.672	0.698	0.804	0.765	0.810	0.773	0.653	0.677	0.773	0.670	0.601	0.795	0.798	0.617	0.534	0.947	0.739	0.596	0.809	0.684	0.503	0.628	0.507	0.423	0.437	0.546	0.495	0.483	0.851	0.856	0.824	0.699
1.031	1.583	2.418	2.319	1.640	1.238	0.938	0.896	0.820	0.397	0.372	0.354	0.370	0.376	0.304	0.342	0.339	0.384	0.298	0.304	0.340	0.311	0.285	0.259	0.281	0.256	0.218	0.250	0.274	0.217	0.207	0.242	0.233	0.182	0.029	0.004	0.028	0.197	0.468	0.451	2.170	1.298	1.671	1.918	2.173	2.825	1.229	1.147	0.992	1.099	0.628	0.609	0.531	0.483	0.702	0.562	0.570	0.445	0.613	0.512	0.518	0.546	0.552	0.591	0.641	0.730	0.680	1.040	0.748	0.843	0.804	0.824	1.067	0.911	0.763	0.707	1.017	0.993	1.790	0.843	0.821	0.850	0.973	0.952	0.984	0.961	0.817	0.820	0.916	0.840	0.750	0.878	0.934	0.739	0.660	0.955	0.842	0.678	0.851	0.774	0.641	0.756	0.606	0.632	0.743	0.830	0.931	0.928	1.082	1.355	1.396	1.247
1.006	1.498	2.397	2.188	1.601	1.178	0.922	0.857	0.801	0.404	0.390	0.414	0.377	0.367	0.336	0.380	0.334	0.398	0.334	0.303	0.356	0.348	0.312	0.265	0.321	0.376	0.240	0.257	0.365	0.272	0.206	0.254	0.340	0.309	0.235	0.028	0.004	0.028	0.182	0.243	1.146	0.543	0.778	1.447	1.900	2.763	1.104	1.034	0.883	1.036	0.641	0.650	0.629	0.548	0.641	0.621	0.641	0.529	0.771	0.697	0.678	0.686	0.760	0.852	0.782	1.034	1.042	1.143	1.094	1.262	1.270	1.297	1.471	1.417	1.331	1.054	1.348	1.409	1.897	0.816	0.871	0.887	1.011	1.043	1.074	1.052	0.903	0.902	1.030	0.945	0.814	0.942	1.034	0.824	0.747	1.089	0.906	0.701	0.929	0.891	0.624	0.693	0.544	0.491	0.832	1.048	0.838	1.014	1.301	1.418	1.191	0.923
1.474	1.698	2.819	2.155	1.883	1.288	1.114	1.061	1.076	0.743	0.694	0.733	0.764	0.701	0.658	0.753	0.679	0.674	0.642	0.657	0.720	0.678	0.639	0.749	0.634	0.601	0.631	0.583	0.383	0.433	0.438	0.271	0.355	0.176	0.206	0.197	0.028	0.004	0.029	0.182	1.011	0.552	1.109	2.255	2.838	3.834	1.327	1.101	0.899	1.118	0.695	0.695	0.675	0.682	0.686	0.698	0.708	0.595	0.615	0.570	0.558	0.538	0.550	0.655	0.639	0.529	0.678	1.257	0.468	0.655	0.682	0.681	0.899	0.686	0.722	0.689	0.559	0.337	1.513	0.861	0.866	0.866	0.900	0.897	0.953	0.938	0.782	0.798	0.934	0.846	0.730	0.886	0.984	0.783	0.690	1.047	0.946	0.751	0.922	0.929	0.639	0.614	0.772	0.660	0.449	0.476	0.582	0.448	0.806	0.854	0.712	0.646
1.152	1.575	2.513	2.187	1.707	1.212	0.971	0.890	0.860	0.456	0.394	0.471	0.473	0.380	0.345	0.471	0.358	0.385	0.348	0.351	0.365	0.349	0.324	0.308	0.317	0.307	0.276	0.281	0.352	0.282	0.255	0.295	0.344	0.211	0.341	0.468	0.182	0.029	0.003	0.029	0.539	0.552	1.338	1.968	2.476	3.380	1.127	1.028	0.846	1.024	0.565	0.581	0.549	0.483	0.568	0.566	0.573	0.444	0.652	0.552	0.530	0.516	0.662	0.782	0.628	0.760	1.045	1.283	0.911	1.199	1.414	1.413	1.420	1.454	1.588	1.544	1.753	1.460	2.013	0.748	0.796	0.820	0.934	0.961	0.998	0.999	0.846	0.835	0.981	0.923	0.779	0.895	1.043	0.847	0.749	1.082	0.987	0.754	0.914	1.034	0.653	0.594	0.686	0.653	0.766	0.639	0.515	0.817	1.235	1.389	1.296	0.996
1.131	1.522	2.473	2.166	1.697	1.158	0.975	0.897	0.885	0.521	0.458	0.547	0.529	0.419	0.422	0.537	0.398	0.418	0.431	0.409	0.385	0.394	0.399	0.350	0.337	0.496	0.341	0.305	0.377	0.331	0.291	0.307	0.337	0.289	0.359	0.451	0.243	0.182	0.029	0.004	0.029	0.334	0.295	0.929	1.463	2.380	1.072	1.019	0.866	1.031	0.683	0.747	0.738	0.584	0.656	0.749	0.692	0.608	0.923	0.775	0.712	0.809	0.949	0.944	0.761	1.048	1.125	1.248	1.111	1.308	1.352	1.355	1.399	1.391	1.357	1.166	1.391	1.436	1.825	0.849	0.928	0.911	1.023	1.069	1.074	1.116	0.997	0.936	1.079	1.076	0.929	0.990	1.164	1.015	0.906	1.167	1.116	0.917	0.961	1.164	0.757	0.798	0.807	0.625	0.802	0.966	0.509	0.685	1.258	1.466	1.219	0.882
1.754	2.144	2.880	2.596	2.028	1.666	1.578	1.506	1.522	1.307	1.338	1.279	1.252	1.328	1.308	1.238	1.314	1.370	1.287	1.273	1.358	1.327	1.259	1.305	1.367	1.427	1.228	1.399	1.393	1.208	1.297	1.719	1.456	0.953	1.651	2.170	1.146	1.011	0.539	0.029	0.003	0.028	0.581	0.587	0.850	1.988	1.585	1.718	1.628	1.721	1.525	1.572	1.525	1.459	1.488	1.537	1.561	1.515	1.715	1.346	1.244	1.498	1.446	1.074	1.228	1.193	1.050	0.957	0.928	0.817	0.785	0.874	0.813	0.795	0.818	0.897	1.078	1.161	1.425	1.538	1.656	1.591	1.529	1.580	1.568	1.632	1.591	1.533	1.594	1.674	1.598	1.569	1.705	1.733	1.642	1.670	1.896	1.789	1.680	1.925	1.910	1.655	1.662	2.045	1.747	1.208	1.537	1.521	1.163	0.780	0.907	1.311
1.450	1.803	2.777	2.379	1.881	1.188	1.014	1.027	1.008	0.786	0.780	0.922	0.863	0.705	0.740	0.971	0.699	0.611	0.733	0.722	0.605	0.579	0.737	0.629	0.544	0.578	0.617	0.628	0.586	0.505	0.600	0.904	0.714	0.748	1.035	1.298	0.543	0.552	0.552	0.334	0.028	0.004	0.033	0.382	0.871	1.908	1.133	1.042	0.890	1.084	0.652	0.662	0.755	0.743	0.640	0.749	0.947	0.812	0.799	0.900	0.857	0.824	0.958	1.093	0.862	1.020	1.205	1.230	1.117	1.315	1.370	1.334	1.388	1.457	1.462	1.559	1.507	1.460	1.932	0.778	0.888	0.804	0.890	0.945	0.979	0.988	0.807	0.791	0.943	0.860	0.702	0.829	0.942	0.725	0.653	0.958	0.791	0.614	0.614	0.831	0.602	0.711	0.594	0.557	0.894	0.963	0.552	0.770	1.225	1.419	1.193	0.697
1.815	2.283	3.000	2.736	2.376	1.694	1.576	1.390	1.425	0.904	0.807	0.857	0.920	0.844	0.777	0.895	0.868	0.812	0.786	0.841	0.879	0.767	0.742	0.907	0.891	0.854	0.804	1.103	0.939	0.724	1.116	1.400	0.982	0.786	1.755	1.671	0.778	1.109	1.338	0.295	0.581	0.033	0.004	0.029	0.499	1.588	1.444	1.408	1.388	1.435	1.154	1.291	1.136	0.992	1.122	1.219	1.089	0.999	1.325	0.898	0.806	0.985	1.061	0.979	0.827	1.080	1.144	1.313	1.057	1.308	1.572	1.642	1.451	1.635	1.919	1.995	2.165	2.153	2.260	1.368	1.549	1.493	1.494	1.571	1.582	1.727	1.567	1.419	1.619	1.722	1.481	1.490	1.792	1.748	1.495	1.688	1.994	1.727	1.511	1.996	1.976	1.531	1.637	2.346	1.665	1.310	2.319	2.033	1.411	1.415	1.563	2.070
2.835	3.077	3.589	3.367	3.361	2.792	2.793	2.520	2.604	2.112	1.807	1.939	2.133	1.929	1.772	2.040	2.020	1.785	1.776	2.016	1.900	1.653	1.809	2.014	1.780	1.444	1.887	2.017	1.684	1.611	2.079	2.031	1.592	1.885	2.353	1.918	1.447	2.255	1.968	0.929	0.587	0.382	0.029	0.004	0.029	0.849	1.785	1.958	1.785	1.760	1.352	1.272	1.339	1.350	1.337	1.254	1.468	1.428	1.357	1.743	1.807	1.522	1.788	2.279	2.002	1.878	2.560	2.853	2.335	2.575	3.177	3.252	2.787	3.105	3.554	3.535	3.743	3.683	3.527	1.517	1.457	1.429	1.723	1.742	1.822	1.886	1.599	1.548	1.771	1.692	1.403	1.562	1.808	1.473	1.275	1.741	1.677	1.280	1.218	1.780	1.422	1.203	1.138	1.744	1.443	1.438	1.807	1.712	2.129	2.298	1.908	2.059
3.527	3.670	4.103	3.874	4.059	3.553	3.553	3.270	3.328	2.941	2.622	2.818	2.981	2.697	2.561	2.913	2.788	2.472	2.533	2.774	2.562	2.302	2.595	2.734	2.359	2.093	2.536	2.555	2.183	2.189	2.592	2.411	2.031	2.509	2.644	2.173	1.900	2.838	2.476	1.463	0.850	0.871	0.499	0.029	0.004	0.029	2.299	2.426	2.210	2.181	1.888	1.786	2.032	2.041	1.887	1.903	2.238	2.120	2.005	2.615	2.622	2.326	2.742	3.214	2.730	2.809	3.657	3.798	3.169	3.677	4.364	4.301	3.761	4.325	4.849	4.721	4.825	4.715	4.245	1.884	1.761	1.733	1.986	1.969	2.039	2.021	1.811	1.834	1.938	1.799	1.683	1.818	1.872	1.618	1.576	1.876	1.685	1.562	1.580	1.748	1.587	1.783	1.537	1.656	2.112	2.156	1.617	2.249	3.103	3.027	2.705	2.165
4.793	4.929	5.374	5.024	5.052	4.478	4.509	4.281	4.310	3.983	3.676	3.851	4.057	3.761	3.600	3.955	3.877	3.506	3.560	3.854	3.607	3.303	3.605	3.838	3.335	3.093	3.569	3.538	3.069	3.146	3.579	3.242	2.840	3.474	3.484	2.825	2.763	3.834	3.380	2.380	1.988	1.908	1.588	0.849	0.029	0.004	3.289	3.317	3.165	3.177	2.940	2.856	3.003	3.074	2.902	2.931	3.273	3.146	2.882	3.496	3.534	3.162	3.516	4.087	3.649	3.516	4.367	4.706	3.908	4.281	5.129	5.122	4.340	5.028	5.791	5.612	5.722	5.747	4.701	2.924	2.856	2.833	2.995	2.999	3.070	3.068	2.824	2.858	2.963	2.821	2.731	2.865	2.888	2.682	2.658	2.869	2.774	2.603	2.568	2.795	2.687	2.694	2.561	2.827	2.865	2.904	2.838	2.992	3.533	3.531	3.186	2.941
1.438	1.896	2.170	2.849	2.309	2.007	1.709	1.864	1.204	1.135	1.157	1.306	1.122	1.169	1.168	1.100	1.167	1.304	1.108	1.145	1.351	1.186	1.168	1.205	1.518	1.126	1.162	1.360	1.239	1.154	1.170	1.247	1.405	1.133	1.196	1.229	1.104	1.327	1.127	1.072	1.585	1.133	1.444	1.785	2.299	3.289	0.003	0.029	0.293	0.458	1.056	0.898	1.137	1.223	0.999	1.016	1.097	1.087	1.073	1.288	1.157	1.137	1.236	1.208	1.171	1.170	1.293	1.293	1.149	1.200	1.341	1.223	1.173	1.267	1.479	1.413	1.286	1.313	1.591	0.041	0.356	0.447	0.802	0.528	0.714	0.630	0.697	0.767	0.645	0.669	0.907	0.869	0.747	0.802	0.948	0.855	0.859	1.161	1.004	0.953	1.092	1.366	1.050	1.015	1.147	1.199	1.086	1.100	1.287	1.194	1.138	1.168
1.307	1.749	1.962	2.934	2.277	2.002	1.605	1.884	1.091	0.925	0.997	1.029	0.887	0.982	0.840	0.820	0.958	0.915	0.763	0.808	1.116	0.906	0.883	0.965	1.385	0.920	0.946	1.205	1.111	0.985	0.999	1.136	1.259	0.988	1.060	1.147	1.034	1.101	1.028	1.019	1.718	1.042	1.408	1.958	2.426	3.317	0.029	0.004	0.028	0.222	0.339	0.306	0.400	0.538	0.721	0.461	0.549	0.860	0.663	0.683	0.702	0.787	0.723	0.743	0.824	0.723	0.697	1.131	0.902	0.734	0.879	0.872	0.845	0.782	1.026	1.094	0.994	1.042	1.460	0.356	0.471	0.476	0.737	0.523	0.787	0.678	0.675	0.635	0.668	0.617	0.640	0.835	0.712	0.661	0.707	0.818	0.717	0.703	0.872	0.830	0.722	0.828	0.819	0.784	0.720	0.896	0.841	0.729	0.883	0.902	0.882	0.952
1.009	1.607	1.916	2.819	2.096	1.790	1.353	1.743	0.868	0.727	0.831	0.833	0.707	0.789	0.751	0.689	0.741	0.748	0.615	0.692	0.946	0.757	0.727	0.781	1.141	0.713	0.736	0.892	0.893	0.769	0.760	0.922	1.235	0.790	0.833	0.992	0.883	0.899	0.846	0.866	1.628	0.890	1.388	1.785	2.210	3.165	0.293	0.028	0.004	0.029	0.226	0.372	0.379	0.416	0.607	0.378	0.449	0.676	0.538	0.613	0.582	0.636	0.704	0.651	0.655	0.576	0.630	0.941	0.691	0.592	0.784	0.682	0.653	0.641	0.940	0.923	0.795	0.856	1.287	0.619	0.856	0.410	0.517	0.571	0.910	0.817	0.684	0.918	0.823	0.743	0.744	0.882	0.787	0.725	0.686	0.789	0.755	0.731	0.732	0.763	0.777	0.824	0.699	0.692	0.624	0.735	0.695	0.640	0.748	0.732	0.691	0.852
1.042	1.581	1.999	2.742	1.954	1.689	1.351	1.763	1.066	0.635	0.740	0.717	0.564	0.597	0.602	0.632	0.756	0.514	0.785	0.796	1.006	0.923	0.905	0.933	1.178	0.978	0.963	0.970	1.078	1.021	1.010	1.087	1.292	1.023	1.053	1.099	1.036	1.118	1.024	1.031	1.721	1.084	1.435	1.760	2.181	3.177	0.458	0.222	0.029	0.004	0.029	0.265	0.273	0.505	0.916	0.695	0.744	0.967	0.804	0.798	0.822	0.929	0.869	0.838	0.930	0.852	0.825	1.120	0.992	0.867	0.980	0.956	0.954	0.913	1.082	1.088	1.059	1.114	1.502	0.420	0.527	0.519	0.638	0.515	0.520	0.441	0.631	0.219	0.389	0.418	0.665	0.837	0.660	0.681	0.835	0.851	0.781	0.828	1.028	0.957	0.819	0.984	0.986	0.939	0.877	1.068	1.010	0.885	1.046	1.067	1.033	1.096
0.886	1.367	1.998	2.349	1.685	1.338	1.068	1.487	0.870	0.602	0.629	0.729	0.553	0.509	0.659	0.549	0.529	0.538	0.433	0.488	0.618	0.440	0.428	0.452	0.673	0.418	0.421	0.443	0.565	0.464	0.432	0.520	1.043	0.494	0.492	0.628	0.641	0.695	0.565	0.683	1.525	0.652	1.154	1.352	1.888	2.940	1.056	0.339	0.226	0.029	0.004	0.032	0.335	0.195	0.306	0.301	0.357	0.394	0.424	0.543	0.433	0.449	0.672	0.521	0.493	0.459	0.561	0.698	0.513	0.476	0.683	0.505	0.512	0.519	0.807	0.764	0.633	0.717	1.155	0.636	0.545	0.430	0.515	0.443	0.599	0.558	0.722	0.574	0.549	0.512	0.478	0.632	0.505	0.507	0.446	0.475	0.485	0.608	0.499	0.496	0.616	0.768	0.494	0.483	0.539	0.578	0.496	0.527	0.659	0.571	0.528	0.674
0.860	1.343	1.946	2.406	1.718	1.414	1.129	1.569	0.871	0.595	0.679	0.744	0.519	0.460	0.609	0.459	0.409	0.621	0.378	0.394	0.521	0.450	0.455	0.454	0.621	0.369	0.406	0.431	0.539	0.458	0.417	0.481	0.984	0.495	0.482	0.609	0.650	0.695	0.581	0.747	1.572	0.662	1.291	1.272	1.786	2.856	0.898	0.306	0.372	0.265	0.032	0.004	0.029	0.200	0.233	0.278	0.347	0.294	0.427	0.623	0.442	0.417	0.794	0.535	0.493	0.497	0.627	0.579	0.499	0.514	0.685	0.522	0.541	0.546	0.783	0.782	0.639	0.762	1.113	0.573	0.574	0.301	0.413	0.528	0.738	0.734	0.779	0.679	0.662	0.701	0.427	0.520	0.544	0.588	0.412	0.451	0.505	0.620	0.426	0.463	0.632	0.829	0.451	0.448	0.533	0.526	0.451	0.571	0.652	0.523	0.494	0.652
0.829	1.213	1.963	2.109	1.490	1.152	0.910	1.423	0.781	0.479	0.496	0.499	0.421	0.458	0.411	0.479	0.418	0.676	0.483	0.460	0.486	0.534	0.539	0.494	0.567	0.443	0.497	0.461	0.551	0.507	0.451	0.474	0.925	0.530	0.478	0.531	0.629	0.675	0.549	0.738	1.525	0.755	1.136	1.339	2.032	3.003	1.137	0.400	0.379	0.273	0.335	0.029	0.004	0.029	0.169	0.323	0.479	0.429	0.463	0.650	0.502	0.482	0.829	0.624	0.536	0.519	0.677	0.675	0.563	0.563	0.751	0.590	0.575	0.615	0.828	0.827	0.690	0.774	1.129	0.779	0.752	0.398	0.466	0.510	0.647	0.708	0.840	0.632	0.559	0.696	0.566	0.519	0.570	0.832	0.547	0.560	0.704	0.620	0.535	0.566	0.731	0.789	0.543	0.543	0.582	0.587	0.540	0.592	0.697	0.615	0.584	0.701
0.836	1.165	2.042	1.833	1.397	1.009	0.827	1.227	0.777	0.395	0.391	0.486	0.396	0.409	0.257	0.460	0.428	0.734	0.255	0.413	0.522	0.468	0.421	0.468	0.631	0.417	0.395	0.414	0.524	0.439	0.398	0.437	0.920	0.458	0.429	0.483	0.548	0.682	0.483	0.584	1.459	0.743	0.992	1.350	2.041	3.074	1.223	0.538	0.416	0.505	0.195	0.200	0.029	0.004	0.028	0.208	0.264	0.452	0.409	0.458	0.426	0.435	0.531	0.489	0.461	0.442	0.541	0.675	0.513	0.471	0.668	0.505	0.487	0.514	0.817	0.771	0.657	0.729	1.152	0.745	0.644	0.468	0.459	0.451	0.589	0.543	0.792	0.514	0.438	0.451	0.468	0.718	0.463	0.538	0.486	0.497	0.500	0.538	0.486	0.477	0.531	0.717	0.502	0.489	0.550	0.598	0.519	0.524	0.685	0.615	0.565	0.673
0.906	1.415	2.182	2.419	1.634	1.191	0.912	1.342	0.843	0.440	0.426	0.478	0.385	0.377	0.393	0.449	0.445	0.524	0.367	0.400	0.576	0.413	0.424	0.479	0.717	0.357	0.427	0.508	0.619	0.425	0.428	0.613	1.058	0.490	0.507	0.702	0.641	0.686	0.568	0.656	1.488	0.640	1.122	1.337	1.887	2.902	0.999	0.721	0.607	0.916	0.306	0.233	0.169	0.028	0.004	0.029	0.198	0.182	0.409	0.485	0.432	0.397	0.495	0.457	0.523	0.424	0.484	0.597	0.465	0.427	0.612	0.462	0.461	0.457	0.749	0.740	0.612	0.716	1.134	0.594	0.557	0.602	0.650	0.470	0.439	0.442	0.483	0.304	0.492	0.406	0.239	0.621	0.537	0.433	0.446	0.486	0.457	0.570	0.429	0.433	0.503	0.730	0.434	0.430	0.499	0.533	0.440	0.470	0.630	0.524	0.477	0.614
0.843	1.250	2.093	2.150	1.514	1.094	0.856	1.286	0.812	0.449	0.439	0.475	0.426	0.409	0.392	0.485	0.404	0.524	0.368	0.400	0.453	0.494	0.566	0.478	0.579	0.404	0.513	0.453	0.558	0.504	0.474	0.480	0.918	0.527	0.500	0.562	0.621	0.698	0.566	0.749	1.537	0.749	1.219	1.254	1.903	2.931	1.016	0.461	0.378	0.695	0.301	0.278	0.323	0.208	0.029	0.004	0.029	0.212	0.307	0.627	0.529	0.464	0.743	0.572	0.542	0.512	0.619	0.594	0.555	0.536	0.689	0.569	0.570	0.568	0.768	0.817	0.684	0.800	1.116	0.630	0.663	0.543	0.526	0.489	0.554	0.785	0.784	0.510	0.587	0.723	0.588	0.563	0.547	0.678	0.507	0.513	0.536	0.519	0.462	0.472	0.601	0.782	0.495	0.482	0.520	0.559	0.489	0.535	0.661	0.563	0.528	0.663
0.936	1.224	2.190	1.944	1.470	0.908	0.755	1.054	0.806	0.494	0.484	0.483	0.489	0.495	0.442	0.557	0.554	0.609	0.399	0.518	0.603	0.637	0.595	0.594	0.616	0.405	0.599	0.566	0.554	0.550	0.546	0.555	0.891	0.665	0.557	0.570	0.641	0.708	0.573	0.692	1.561	0.947	1.089	1.468	2.238	3.273	1.097	0.549	0.449	0.744	0.357	0.347	0.479	0.264	0.198	0.029	0.004	0.028	0.209	0.248	0.508	0.469	0.446	0.453	0.522	0.476	0.502	0.615	0.586	0.483	0.624	0.536	0.531	0.504	0.750	0.843	0.680	0.774	1.143	0.675	0.656	0.569	0.537	0.428	0.457	0.548	0.663	0.446	0.469	0.536	0.542	0.630	0.452	0.571	0.391	0.390	0.455	0.499	0.358	0.375	0.487	0.670	0.515	0.499	0.550	0.615	0.551	0.562	0.675	0.638	0.598	0.695
1.020	1.391	2.328	2.209	1.669	1.116	0.955	1.107	0.993	0.654	0.588	0.635	0.686	0.597	0.593	0.705	0.548	0.476	0.667	0.507	0.325	0.218	0.367	0.367	0.573	0.204	0.323	0.339	0.496	0.388	0.308	0.359	0.912	0.431	0.355	0.445	0.529	0.595	0.444	0.608	1.515	0.812	0.999	1.428	2.120	3.146	1.087	0.860	0.676	0.967	0.394	0.294	0.429	0.452	0.182	0.212	0.028	0.004	0.029	0.177	0.225	0.365	0.291	0.248	0.360	0.344	0.321	0.497	0.487	0.346	0.473	0.385	0.430	0.383	0.619	0.692	0.566	0.675	1.123	0.621	0.620	0.614	0.646	0.653	0.692	0.728	0.724	0.683	0.728	0.727	0.749	0.788	0.644	0.630	0.252	0.446	0.473	0.595	0.445	0.416	0.434	0.624	0.543	0.518	0.551	0.607	0.563	0.570	0.665	0.630	0.593	0.714
0.919	1.289	2.223	2.044	1.605	1.033	0.869	1.094	0.914	0.548	0.522	0.554	0.533	0.473	0.474	0.643	0.418	0.391	0.569	0.429	0.355	0.427	0.336	0.342	0.385	0.346	0.355	0.448	0.587	0.520	0.494	0.516	0.954	0.533	0.522	0.613	0.771	0.615	0.652	0.923	1.715	0.799	1.325	1.357	2.005	2.882	1.073	0.663	0.538	0.804	0.424	0.427	0.463	0.409	0.409	0.307	0.209	0.029	0.004	0.028	0.163	0.240	0.283	0.290	0.313	0.348	0.374	0.389	0.454	0.347	0.447	0.378	0.409	0.390	0.584	0.681	0.586	0.729	0.994	0.679	0.757	0.604	0.578	0.552	0.590	0.654	0.690	0.578	0.567	0.650	0.645	0.540	0.577	0.619	0.317	0.473	0.569	0.293	0.637	0.617	0.671	0.829	0.709	0.699	0.569	0.465	0.534	0.582	0.575	0.494	0.469	0.712
